 	A	C	D	E	F	G	H	I	K	L	M	N	P	Q	R	S	T	V	W	Y	Nterm	Cterm	Sum
-124	0	0	0	0	0	0	0	0	0	0	0	0	0	0	0	0	0	0	1	0	0	0	1
-115	0	0	0	0	0	0	0	0	0	0	0	0	0	0	0	0	0	0	1	0	0	0	1
-113	0	0	0	0	0	0	0	0	0	0	0	0	0	0	0	0	0	0	1	0	0	0	1
-102	0	0	0	0	0	0	0	0	0	0	0	0	0	0	0	0	0	0	0	1	0	0	1
-99	0	0	0	0	0	0	0	0	0	0	0	0	0	0	2	0	0	0	0	3	0	0	5
-97	0	2	0	0	0	0	0	0	0	0	0	0	0	0	1	0	0	0	0	0	0	0	3
-95	0	0	0	0	0	0	0	0	0	0	0	0	0	0	0	0	0	0	0	2	0	0	2
-94	0	0	0	0	0	0	0	0	0	0	0	0	0	0	1	0	0	0	0	2	0	0	3
-93	0	0	0	0	0	0	0	0	0	0	0	0	0	0	1	0	0	0	0	0	0	0	1
-92	0	1	0	0	0	0	0	0	0	0	0	0	0	0	0	0	0	0	0	0	0	0	1
-91	0	0	0	0	0	0	0	0	0	0	0	0	0	0	2	0	0	0	0	1	0	1	3
-88	0	0	0	0	1	0	0	0	0	0	0	0	0	0	1	0	0	0	0	0	0	1	2
-87	0	0	0	0	0	0	0	0	0	0	0	0	0	0	2	0	0	0	0	0	0	1	2
-86	0	0	0	0	0	0	0	0	0	0	0	0	0	0	3	0	0	0	0	1	0	3	4
-85	0	0	0	0	0	0	0	0	0	0	0	0	0	0	4	0	0	0	0	1	0	2	5
-84	0	1	0	0	0	0	0	0	0	0	0	0	0	0	0	0	0	0	0	0	0	0	1
-82	0	0	0	0	0	0	0	0	0	0	0	0	0	0	0	0	0	0	1	0	0	0	1
-81	0	0	0	0	0	0	0	0	0	0	0	0	0	0	3	0	0	0	0	1	0	0	4
-76	0	0	0	0	1	0	0	0	0	0	0	0	0	0	0	0	0	0	0	0	0	0	1
-74	0	0	0	0	2	0	0	0	0	0	1	0	0	0	0	0	0	0	0	0	1	0	3
-73	0	0	0	0	0	0	0	0	0	0	1	0	0	0	0	0	0	0	0	0	1	0	1
-71	0	0	0	0	0	0	0	0	1	0	0	0	0	0	4	0	0	0	0	0	0	2	5
-70	0	0	0	0	0	0	0	0	0	0	0	0	0	0	6	0	0	0	0	0	0	0	6
-67	0	1	0	0	0	0	0	0	0	0	0	0	0	0	0	0	0	0	0	0	0	0	1
-65	0	1	0	0	0	0	0	0	0	0	0	0	0	0	0	0	0	0	0	0	0	0	1
-64	0	0	0	0	1	0	0	0	0	0	0	0	0	0	0	0	0	0	0	0	0	0	1
-63	0	0	0	1	0	0	0	0	0	0	0	0	0	1	0	0	0	0	0	0	0	0	2
-62	0	0	0	0	0	0	1	0	0	0	0	0	0	0	0	0	0	0	0	0	0	0	1
-61	0	1	0	1	0	0	4	0	0	0	0	0	0	0	0	0	0	0	0	0	1	0	6
-60	0	0	0	1	0	0	0	0	0	0	0	0	0	2	0	0	0	0	0	0	1	0	3
-59	0	0	0	0	1	0	0	0	1	0	0	0	0	0	0	0	0	0	0	2	2	0	4
-58	0	0	2	1	0	0	0	0	0	0	0	0	0	0	0	0	0	0	0	1	1	0	4
-57	0	0	1	1	0	0	0	0	2	0	1	0	0	0	1	0	0	0	1	0	0	0	7
-56	0	0	1	0	0	0	0	2	0	0	0	0	0	0	0	0	0	0	0	0	0	0	3
-55	0	0	0	0	0	0	0	1	0	2	0	0	0	0	0	0	0	0	0	0	0	0	3
-54	0	0	0	1	0	0	0	0	0	1	0	0	0	0	0	0	0	0	0	0	0	0	2
-53	0	0	0	0	0	0	0	0	0	0	0	0	0	0	0	0	0	0	1	0	0	0	1
-52	0	0	0	2	0	0	0	0	0	0	0	0	0	0	0	0	0	0	0	0	0	0	2
-51	0	0	0	0	1	0	0	0	2	0	3	0	0	0	0	0	0	0	0	1	2	0	7
-50	0	0	0	0	1	0	0	0	0	0	0	0	0	0	0	0	0	0	0	0	1	0	1
-49	0	0	0	0	0	0	0	0	1	0	0	0	0	0	0	0	0	0	0	1	0	1	2
-48	0	0	6	2	4	0	2	4	5	4	59	2	0	2	0	0	0	0	0	4	23	2	94
-47	0	1	0	1	0	0	0	0	0	0	3	0	0	3	0	0	0	0	0	0	1	0	8
-46	0	0	0	0	0	0	0	0	1	0	0	0	0	0	1	0	0	0	0	0	0	1	2
-45	0	1	2	0	0	0	0	0	0	2	0	0	0	0	1	0	0	0	0	0	2	1	6
-44	0	0	0	0	0	0	0	0	1	0	0	0	0	0	1	0	0	0	0	0	1	0	2
-43	0	2	0	0	0	0	0	1	3	0	0	0	0	0	1	0	0	0	0	0	0	1	7
-42	0	0	0	0	0	0	1	0	1	1	0	1	0	0	4	0	0	1	0	0	1	0	9
-41	0	1	0	1	0	0	0	0	0	1	0	0	0	0	0	0	0	0	0	0	0	0	3
-40	0	0	2	1	0	0	0	1	0	0	0	1	1	1	0	0	0	0	0	0	0	0	7
-39	0	0	0	0	0	0	0	1	0	1	0	1	0	0	4	0	0	0	0	0	0	4	7
-38	0	0	0	1	0	0	0	1	0	1	0	0	0	0	0	0	0	0	0	0	1	0	3
-37	0	0	1	0	0	0	1	0	0	0	0	1	1	0	0	0	0	0	0	0	1	0	4
-36	0	0	0	0	0	0	0	0	0	0	0	0	0	0	0	0	5	1	0	0	0	0	6
-35	0	0	0	0	0	0	1	0	0	3	0	0	0	0	0	0	2	2	2	0	0	0	10
-34	0	0	0	0	0	0	0	0	0	0	0	1	0	0	0	0	0	0	0	0	0	0	1
-33	0	0	0	1	0	0	0	0	0	2	0	0	0	0	0	0	0	0	0	0	0	0	3
-32	0	0	0	0	0	0	0	0	0	0	0	0	0	2	1	0	1	0	0	1	1	0	5
-31	0	0	0	2	0	0	0	0	0	0	0	0	0	0	1	0	0	1	0	0	0	1	4
-30	0	0	0	2	0	0	1	0	0	0	0	0	0	0	1	1	2	0	0	0	0	0	7
-29	0	0	0	1	1	0	1	0	3	0	0	0	0	0	0	0	0	0	0	0	0	0	6
-28	0	0	0	3	1	0	0	0	1	0	0	0	0	0	2	0	0	0	0	1	2	0	8
-27	0	0	0	0	0	0	0	0	0	0	0	0	0	2	0	0	1	0	0	0	1	0	3
-26	0	0	0	1	0	0	1	0	0	0	0	0	0	0	1	0	1	0	0	0	1	1	4
-25	0	0	0	2	0	0	0	0	0	0	0	0	0	0	2	0	0	1	0	0	0	0	5
-24	0	0	0	0	0	0	0	0	0	0	0	0	0	0	3	0	0	0	1	0	1	0	4
-23	0	0	0	0	0	0	0	1	2	0	0	1	0	1	0	0	1	0	0	0	0	2	6
-22	0	0	0	0	1	0	0	1	0	0	2	0	0	0	0	0	2	1	0	0	0	0	7
-21	0	0	0	0	0	0	0	0	0	2	0	0	0	0	1	0	0	0	0	1	0	0	4
-20	0	0	0	0	1	0	0	1	0	0	0	0	0	2	0	1	0	0	0	0	2	0	5
-19	0	0	0	0	0	0	0	0	1	0	0	0	0	5	0	1	0	0	0	0	4	1	7
-18	0	0	30	47	5	0	3	12	8	11	4	5	6	17	0	21	45	7	0	0	61	4	221
-17	0	76	30	18	9	0	19	17	16	28	4	62	11	185	2	13	22	10	7	4	256	2	533
-16	0	9	8	9	2	0	1	7	2	5	0	4	2	26	2	5	8	4	1	0	38	1	95
-15	0	1	5	4	0	0	0	12	1	1	0	6	3	10	0	2	7	3	0	0	14	0	55
-14	2	1	1	4	0	0	1	2	0	0	3	0	1	3	1	0	0	1	0	0	7	0	20
-13	1	0	0	1	1	0	0	0	1	1	0	2	0	1	0	1	0	0	0	0	1	0	9
-12	1	3	0	0	3	0	2	1	0	0	1	0	0	0	1	0	0	1	0	1	5	0	14
-11	0	0	0	0	1	0	0	3	2	0	1	0	0	0	0	1	1	0	0	0	1	0	9
-10	1	0	0	1	0	0	0	0	0	1	2	2	0	1	1	1	1	0	0	0	2	0	11
-9	0	2	0	0	0	0	0	0	0	0	0	0	0	0	0	0	0	0	1	0	0	0	3
-8	0	0	0	0	0	0	1	0	0	0	2	0	0	0	1	0	0	0	0	0	0	0	4
-7	3	0	0	0	0	0	0	2	0	0	1	0	1	0	0	0	0	0	0	0	0	0	7
-6	0	0	0	1	0	0	0	0	0	1	0	0	1	1	1	1	0	0	0	1	0	0	7
-5	1	0	0	1	0	0	2	0	1	0	0	0	0	0	0	0	0	0	0	0	1	0	5
-4	3	0	0	1	0	0	1	0	0	2	0	0	0	1	1	0	0	2	0	0	2	1	11
-3	0	0	0	0	0	0	1	1	2	0	0	0	1	5	0	1	0	2	0	0	2	1	13
-2	12	6	2	17	9	0	3	5	13	16	9	7	8	8	7	7	12	13	0	4	66	14	158
-1	22	2	10	20	12	0	7	25	11	33	23	17	4	15	8	6	11	34	1	5	142	16	266
1	354	46	140	211	73	252	155	283	174	328	60	293	205	186	67	211	186	375	21	64	1056	123	3684
2	87	11	33	38	33	68	22	68	45	82	18	35	36	58	10	46	42	113	9	24	335	35	878
3	14	1	3	13	5	15	5	16	10	25	11	10	18	9	1	11	17	18	1	7	55	5	210
4	1	2	2	1	2	3	1	5	1	4	1	3	2	2	0	3	0	3	1	0	3	0	37
5	0	0	1	6	1	3	1	3	1	3	4	2	0	4	0	0	0	2	1	2	10	0	34
6	0	0	1	2	0	0	0	1	0	0	1	1	0	0	0	0	0	0	0	0	0	0	6
7	0	0	0	0	0	0	1	0	0	1	0	0	0	0	0	0	0	0	0	0	0	0	2
8	0	0	1	0	0	0	0	0	0	0	0	0	0	0	0	0	0	0	0	0	1	0	1
9	0	0	0	0	0	2	1	0	0	0	0	0	0	0	0	1	0	0	0	0	0	0	4
10	0	0	0	0	0	0	0	0	1	0	0	0	0	0	1	0	0	0	0	0	0	2	2
11	1	0	0	0	0	1	0	2	0	0	0	0	0	1	1	0	0	0	0	0	1	0	6
12	3	0	0	0	2	0	0	0	1	0	0	0	0	0	0	0	0	0	0	0	1	0	6
13	0	0	0	1	0	0	0	0	0	0	0	0	0	0	0	0	0	0	0	0	0	0	1
14	9	1	8	3	1	2	1	0	11	2	7	1	3	2	2	3	2	2	5	111	22	3	176
15	0	0	0	1	0	1	0	0	1	2	4	0	1	1	1	2	4	2	0	11	7	0	31
16	100	11	53	73	18	109	20	29	12	66	1400	36	147	45	17	49	55	81	56	10	501	18	2387
17	29	5	15	16	2	29	7	4	0	11	108	5	38	10	2	12	13	10	5	6	39	2	327
18	4	0	0	5	3	4	0	1	0	4	22	2	8	2	0	2	1	4	0	0	18	0	62
19	0	0	0	1	0	2	0	0	0	1	5	1	2	0	0	0	0	0	0	0	2	0	12
21	0	1	0	1	0	0	0	0	0	0	0	0	1	3	0	0	0	0	0	0	2	0	6
22	58	13	98	83	13	77	5	26	0	33	2	34	54	29	3	41	42	37	2	7	68	1	657
23	10	1	9	8	2	15	1	4	1	4	1	5	11	4	0	3	5	3	0	1	3	0	88
24	14	1	19	17	2	8	0	3	0	7	2	5	4	3	0	9	5	5	0	2	4	0	106
25	3	0	0	0	0	2	0	2	0	0	0	0	0	0	0	0	0	0	0	1	0	0	8
26	0	0	0	0	0	0	0	1	3	0	0	0	0	1	0	0	1	0	0	0	3	0	6
27	0	0	0	0	0	0	0	0	0	0	0	0	0	0	1	3	0	3	0	0	1	0	7
28	3	0	3	1	0	0	0	3	0	3	3	1	0	0	0	3	0	0	0	0	12	0	20
29	1	0	0	0	0	0	0	1	0	1	0	0	0	1	0	0	1	0	0	0	0	0	5
30	2	0	0	1	1	0	0	0	0	0	0	1	0	0	1	0	0	3	2	0	5	0	11
31	0	0	0	0	0	0	0	0	0	1	0	0	0	0	0	0	0	0	0	0	0	0	1
32	8	0	5	4	2	3	1	0	0	3	7	6	5	0	1	2	1	9	39	18	11	0	114
33	0	0	0	0	0	0	0	1	0	1	1	0	0	1	0	0	0	1	1	1	0	0	7
34	1	0	0	0	0	0	0	0	0	0	0	0	1	0	0	0	1	0	0	0	1	0	3
35	0	0	0	0	0	0	0	0	0	0	0	0	0	0	0	0	1	0	0	0	0	0	1
36	0	0	2	0	0	0	0	0	0	0	0	0	0	0	0	0	0	2	0	0	1	0	4
38	52	6	52	37	13	40	3	22	1	33	1	25	29	15	1	27	16	25	0	9	14	0	407
39	6	1	3	6	0	2	0	4	0	3	0	5	7	5	0	2	7	2	0	1	1	0	54
40	0	0	0	1	2	0	0	0	0	0	0	0	0	1	0	0	0	1	0	0	1	0	5
41	0	0	0	0	0	0	0	0	0	0	0	0	0	0	0	0	0	1	0	1	0	0	2
42	7	0	0	1	0	1	0	2	1	1	3	3	0	1	1	34	2	0	0	0	45	1	57
43	0	0	0	1	0	0	0	0	0	0	0	0	0	0	1	1	0	1	0	0	1	0	4
44	3	0	0	0	0	0	0	0	1	0	2	0	0	0	0	2	0	0	0	0	4	0	8
45	0	0	0	1	0	0	0	0	0	0	1	0	0	0	0	0	0	0	0	0	0	0	2
46	0	0	2	1	0	0	0	0	1	0	0	0	0	0	0	0	0	0	0	0	0	0	4
48	0	0	0	0	0	0	0	2	0	0	0	0	0	0	0	0	0	0	1	0	2	0	3
49	0	0	1	0	0	0	1	0	0	0	0	0	0	0	0	0	0	0	0	0	2	0	2
50	0	0	0	1	0	0	0	0	0	0	0	0	0	0	0	0	0	0	0	0	0	0	1
51	0	0	0	0	0	0	0	0	0	0	0	0	0	0	0	0	0	1	0	0	0	0	1
52	0	0	0	0	1	1	0	0	0	0	0	0	0	0	1	0	1	0	0	0	0	1	4
53	4	0	6	12	1	8	0	1	1	2	0	4	2	0	0	12	3	0	0	2	4	0	58
54	1	0	3	3	0	1	0	1	0	2	2	0	1	0	1	0	1	1	0	0	1	0	17
55	0	0	0	3	0	0	0	0	0	0	1	0	0	0	0	0	0	0	0	0	3	0	4
56	0	0	0	1	0	0	0	0	0	1	0	0	0	0	0	0	0	0	0	0	1	0	2
57	6	0	0	3	2	20	7	3	3	9	7	1	4	6	2	4	1	11	0	3	69	3	92
58	3	1	0	2	1	4	1	0	0	0	0	0	2	0	0	1	1	1	0	0	6	0	17
59	1	0	0	0	0	0	0	0	0	0	0	1	0	0	0	0	1	0	0	2	4	0	5
60	0	0	0	0	0	0	0	0	0	1	0	0	0	0	0	0	0	0	0	2	2	0	3
61	2	0	0	0	0	0	0	0	1	0	0	0	0	0	1	0	1	0	0	0	0	0	5
62	0	0	0	0	0	0	0	0	0	0	0	0	0	0	1	0	0	0	0	1	0	0	2
63	0	0	0	0	1	0	0	0	0	2	0	0	0	0	0	0	0	0	0	2	2	0	5
64	1	0	0	0	0	0	0	2	1	3	1	0	0	0	0	3	0	0	0	0	3	0	11
65	1	0	2	2	0	1	0	0	0	2	0	0	0	0	0	0	0	0	2	0	0	0	10
66	0	0	1	0	0	0	0	1	0	0	0	0	0	0	1	0	0	0	0	0	1	0	3
67	0	0	0	1	0	0	0	0	0	0	1	0	0	0	0	0	0	0	0	0	0	0	2
68	0	0	0	0	0	0	0	0	1	0	0	0	0	0	0	0	0	0	0	0	0	1	1
69	0	0	0	4	0	0	0	0	0	0	1	0	0	0	0	0	0	0	0	0	3	0	5
70	0	0	1	0	0	0	0	0	0	0	0	0	0	0	1	0	0	0	0	0	1	0	2
71	0	0	1	0	0	0	0	0	0	0	0	0	0	0	0	0	0	0	0	0	0	0	1
72	0	0	1	0	0	1	0	0	0	0	0	0	0	0	0	1	0	0	0	0	0	0	3
73	1	0	0	0	0	0	0	0	1	1	0	0	0	0	0	0	0	0	0	0	1	0	3
74	0	0	0	0	0	0	0	1	0	0	0	0	0	0	0	0	0	0	0	0	0	0	1
75	0	0	0	0	0	0	0	0	0	0	0	0	0	0	0	1	0	0	0	0	0	0	1
77	0	0	0	0	0	2	0	0	0	1	0	0	0	1	0	0	0	0	0	0	0	0	4
78	0	0	0	0	0	1	0	0	0	0	0	0	1	0	0	0	0	0	0	0	0	0	2
79	0	0	0	1	2	0	0	0	0	0	0	0	0	0	0	0	1	0	0	1	2	0	5
80	0	0	0	0	0	1	1	0	0	0	1	1	0	0	0	0	0	0	0	0	0	0	4
81	0	0	0	0	0	0	0	0	3	0	1	0	0	0	0	0	0	0	0	0	2	0	4
82	0	0	0	0	0	0	0	0	0	2	0	0	0	0	0	0	0	1	0	0	2	0	3
83	0	0	0	0	0	1	0	0	0	0	0	0	0	0	0	1	0	0	0	0	0	0	2
84	0	0	0	0	0	0	0	0	0	0	0	0	0	1	0	0	0	0	0	0	1	0	1
85	1	0	1	0	0	0	0	0	0	0	0	0	0	0	0	0	0	0	0	0	0	0	2
86	0	0	0	0	0	0	0	1	0	0	1	0	0	0	0	0	0	1	0	0	0	0	3
87	0	0	0	0	0	0	0	0	0	0	0	0	0	0	0	0	1	0	0	1	1	0	2
90	0	0	0	0	0	0	0	0	0	0	0	0	0	0	0	0	0	0	1	0	0	0	1
91	0	0	0	0	0	0	0	1	0	0	0	0	0	0	0	0	0	0	0	2	0	0	3
95	0	0	0	0	0	0	0	1	0	0	0	0	0	0	0	0	0	0	0	0	0	0	1
96	0	0	1	0	0	0	0	0	0	1	2	0	0	0	0	1	0	1	0	0	2	0	6
97	0	0	0	0	0	0	0	0	0	1	0	0	0	0	0	1	0	0	0	0	1	0	2
98	1	0	0	0	0	0	0	0	0	1	0	0	0	1	0	0	0	0	0	0	0	0	3
100	0	0	0	0	0	0	0	1	4	0	0	0	1	0	0	0	1	0	0	0	3	0	7
101	0	0	1	0	0	0	0	0	0	0	0	0	0	0	0	1	0	1	0	0	1	0	3
103	0	0	0	0	0	0	0	0	0	0	0	0	0	1	0	0	2	0	0	0	0	0	3
104	0	0	0	0	0	0	0	0	3	0	0	0	0	0	0	0	0	0	0	0	2	1	3
105	0	0	0	0	0	0	0	1	0	0	0	0	0	0	0	0	0	0	0	0	0	0	1
106	1	0	0	0	0	0	0	0	0	1	0	0	0	0	0	0	0	0	0	1	1	0	3
107	0	0	0	0	1	0	0	0	0	0	0	0	0	0	0	0	0	0	0	0	0	0	1
110	0	0	1	0	0	0	0	0	0	0	0	0	0	0	1	0	0	0	0	0	0	1	2
114	0	0	0	0	0	0	0	1	0	0	0	0	0	0	0	0	0	0	0	0	0	1	1
116	0	0	0	0	0	0	0	0	1	0	0	0	0	1	0	0	0	0	0	0	1	0	2
117	0	0	0	0	0	1	0	0	0	0	0	0	0	0	0	0	0	0	0	0	1	0	1
121	0	0	0	1	0	0	0	0	0	0	0	0	0	0	0	0	0	0	1	0	0	0	2
122	0	0	0	1	0	0	0	0	0	0	0	0	0	0	0	0	0	0	0	0	1	0	1
124	1	0	0	0	3	1	0	7	0	3	0	0	0	0	0	1	2	0	0	0	10	0	18
125	0	0	0	0	0	0	0	0	0	1	0	0	0	0	0	0	1	1	0	0	1	0	3
127	0	0	0	1	2	0	0	0	0	0	0	0	2	1	0	0	0	0	0	0	3	0	6
128	9	0	2	2	5	7	1	6	17	7	1	2	7	1	6	2	2	4	0	1	19	23	82
129	0	0	0	7	0	1	0	0	1	0	0	0	0	0	0	3	1	0	0	0	0	7	13
130	0	0	0	3	0	0	0	0	1	0	0	0	0	0	0	0	0	0	0	0	0	4	4
131	0	0	0	0	0	0	0	1	0	0	0	0	0	0	0	0	0	0	0	0	0	0	1
132	0	0	0	0	0	0	0	0	0	0	0	0	0	1	0	0	0	1	0	0	1	0	2
133	0	0	0	0	0	0	0	0	0	0	0	1	0	0	0	0	1	0	0	0	0	0	2
134	0	0	0	0	0	1	0	0	0	0	0	0	0	0	0	0	0	0	0	0	0	0	1
136	0	0	0	0	0	0	0	0	0	0	0	0	0	1	0	0	0	0	0	0	1	0	1
137	0	0	0	0	0	0	0	0	0	0	0	0	0	0	1	0	0	0	0	0	1	0	1
138	0	0	0	1	0	0	0	0	0	0	0	0	0	0	0	0	0	0	0	0	1	0	1
140	1	0	0	0	0	0	0	1	2	1	1	2	0	0	0	0	0	0	0	0	5	2	8
142	0	0	0	0	0	0	0	0	0	0	0	0	0	0	0	1	0	0	0	1	0	0	2
143	0	0	0	0	0	1	0	0	0	0	0	0	0	0	0	0	0	0	0	0	0	0	1
144	0	0	0	0	0	0	0	0	0	0	0	0	0	0	0	2	0	0	0	0	0	0	2
145	0	0	0	1	0	0	0	0	0	0	0	0	0	0	0	0	0	0	0	0	0	0	1
149	0	0	0	0	0	0	0	0	0	0	0	0	0	0	0	1	0	0	0	0	0	0	1
150	1	0	0	0	0	0	0	0	0	0	0	0	0	0	0	0	0	0	0	0	0	0	1
151	0	0	0	0	0	0	0	0	0	0	0	0	0	1	0	0	0	0	0	0	0	0	1
152	0	0	0	0	0	0	0	0	0	0	1	0	0	0	0	0	0	0	0	0	0	0	1
153	0	1	0	0	0	0	0	0	0	0	0	0	0	0	0	0	2	0	0	0	0	0	3
154	0	0	0	0	1	0	0	8	2	1	1	0	0	0	0	0	0	0	0	0	11	2	13
155	0	0	0	0	0	0	0	0	0	1	0	0	0	0	0	0	0	0	0	0	1	0	1
156	13	1	0	2	0	5	1	6	18	8	7	0	0	1	0	4	3	14	0	2	30	18	85
157	0	0	0	0	0	1	0	1	0	0	0	0	0	0	0	0	0	0	0	0	1	0	2
158	1	0	0	0	0	0	0	0	0	0	0	0	0	0	0	0	0	0	0	0	1	0	1
159	0	0	0	0	0	0	0	0	0	0	0	1	0	0	0	1	0	2	0	0	0	0	4
160	0	0	0	0	0	0	0	0	0	0	0	1	0	0	0	0	0	0	0	0	0	0	1
161	0	0	0	0	0	1	0	0	0	0	0	0	0	0	0	0	0	0	0	0	0	0	1
163	0	0	0	0	0	0	0	0	0	0	0	0	0	0	2	0	0	0	0	0	0	0	2
165	0	0	1	0	0	0	0	0	0	0	0	0	0	0	0	0	0	0	0	0	0	0	1
166	1	0	1	0	0	0	0	1	1	0	0	0	1	0	0	0	0	0	0	0	2	0	5
167	0	0	1	2	0	1	0	0	0	0	0	0	0	0	0	0	0	0	0	0	1	1	4
169	0	0	0	0	0	0	0	1	0	0	0	0	0	0	0	0	0	1	0	0	1	0	2
170	0	0	0	0	0	0	0	0	0	0	0	0	0	0	0	0	0	1	0	0	1	0	1
171	0	0	0	0	0	2	0	0	0	0	0	0	0	0	0	0	1	0	0	0	0	0	3
172	0	0	1	0	0	0	0	0	0	0	0	0	0	0	0	0	0	0	0	0	0	0	1
175	0	0	0	1	0	0	0	0	0	0	0	0	0	0	0	0	0	0	0	0	0	0	1
178	0	0	0	1	0	0	0	0	0	0	0	0	0	0	0	0	0	0	0	0	1	0	1
179	0	0	0	0	0	0	0	0	0	0	0	1	0	0	0	0	0	0	0	0	0	0	1
180	0	0	0	0	0	0	0	2	0	0	0	0	0	0	0	0	0	0	0	0	2	0	2
183	0	0	0	0	0	0	0	2	0	0	0	0	0	0	0	0	0	0	0	0	2	0	2
184	0	0	0	0	0	0	0	0	0	0	0	1	0	0	1	0	0	0	0	0	1	0	2
187	0	0	0	1	0	0	0	0	0	0	0	0	0	0	0	0	0	0	0	0	1	0	1
188	0	0	1	0	0	0	0	0	3	0	0	0	0	0	0	0	0	0	0	0	0	0	4
189	0	0	2	0	0	0	0	0	3	0	0	0	0	0	0	1	1	0	0	0	2	0	7
190	0	0	1	0	0	0	0	0	0	0	0	0	0	0	0	0	0	0	0	0	0	0	1
193	2	0	0	0	0	0	0	0	0	1	0	0	0	0	0	0	0	0	0	0	0	0	3
194	1	0	0	0	0	0	0	0	0	0	0	0	0	0	0	0	0	0	0	0	1	0	1
195	0	0	0	0	0	0	0	0	0	1	0	0	0	0	0	0	0	0	0	0	0	0	1
196	0	0	0	0	0	1	0	0	0	0	0	0	0	0	1	2	0	0	0	0	1	0	4
197	0	0	0	0	0	1	0	0	0	0	0	0	0	0	2	0	0	0	0	0	1	1	3
198	0	0	1	0	0	0	0	0	0	0	0	0	0	0	0	0	0	0	0	0	0	0	1
