 	A	C	D	E	F	G	H	I	K	L	M	N	P	Q	R	S	T	V	W	Y	Nterm	Cterm	Sum
-112	0	0	0	0	0	0	0	0	0	0	0	0	0	0	0	0	0	0	3	0	0	0	3
-105	0	0	0	0	0	0	0	0	0	0	0	0	0	0	0	0	0	0	0	2	0	0	2
-104	0	0	0	0	0	0	0	0	0	0	0	0	0	0	0	0	0	0	0	1	0	0	1
-103	0	0	0	0	0	0	0	0	0	0	0	0	0	0	0	0	0	0	0	1	0	0	1
-102	0	0	0	0	0	0	0	0	0	0	0	0	0	0	0	0	0	0	0	1	0	0	1
-99	0	0	0	0	0	0	0	0	0	0	0	0	0	0	2	0	0	0	0	0	0	2	2
-98	0	0	0	0	0	0	0	0	0	0	0	0	0	0	1	0	0	0	0	0	0	0	1
-97	0	1	0	0	0	0	0	0	0	0	0	0	0	0	0	0	0	0	1	0	0	0	2
-96	0	0	0	0	0	0	0	0	0	0	0	0	0	0	0	0	0	0	0	1	0	0	1
-95	0	0	0	0	0	0	0	0	0	0	0	0	0	0	1	0	0	0	0	1	0	0	2
-93	0	1	0	0	0	0	0	0	0	0	0	0	0	0	0	0	0	0	0	0	0	0	1
-92	0	1	0	0	0	0	0	0	0	0	0	0	0	0	1	0	0	0	0	0	0	0	2
-91	0	0	0	0	0	0	0	0	0	0	0	0	0	0	2	0	0	0	0	0	0	0	2
-89	0	0	0	0	0	0	0	0	0	0	0	0	0	0	1	0	0	0	0	0	0	0	1
-88	0	0	0	0	0	0	0	0	0	0	0	0	0	0	1	0	0	0	0	0	0	0	1
-87	0	0	0	0	1	0	0	0	0	0	0	0	0	0	2	0	0	0	0	1	1	0	4
-86	0	0	0	0	0	0	0	0	0	0	0	0	0	0	5	0	0	0	0	1	0	4	6
-85	0	0	0	0	0	0	0	0	0	0	0	0	0	0	5	0	0	0	0	0	0	3	5
-84	0	0	0	0	3	0	0	0	0	0	0	0	0	0	0	0	0	0	0	0	0	0	3
-82	0	0	0	0	2	0	0	0	0	0	0	0	0	0	0	0	0	0	1	0	0	0	3
-80	0	0	0	0	1	0	0	0	0	0	0	0	0	0	0	0	0	0	0	0	0	0	1
-79	0	0	0	0	0	0	0	0	0	0	0	0	0	0	1	0	0	0	0	0	0	1	1
-77	0	1	0	0	0	0	0	0	0	0	0	0	0	0	0	0	0	0	0	0	0	0	1
-75	0	0	0	0	2	0	0	0	0	0	0	0	0	0	2	0	0	0	0	0	0	0	4
-74	0	0	0	0	0	0	0	0	0	0	0	0	0	0	7	0	0	0	0	0	0	0	7
-73	0	0	0	0	0	0	0	0	0	0	1	0	0	0	0	0	0	0	0	1	0	0	2
-72	0	0	0	2	0	0	0	0	0	0	0	0	0	0	0	0	0	0	0	1	0	0	3
-71	0	0	0	1	0	0	2	0	0	0	0	0	0	0	1	0	0	0	0	0	0	0	4
-70	0	0	0	0	0	0	0	0	0	0	0	0	0	0	2	0	0	0	0	0	0	0	2
-69	0	0	0	1	0	0	0	0	0	0	0	0	0	0	0	0	0	0	0	0	0	0	1
-68	0	0	0	1	0	0	0	0	0	0	1	0	0	0	0	0	0	0	0	0	0	0	2
-67	0	0	0	0	0	0	0	0	0	0	0	0	0	0	0	0	0	0	1	0	0	0	1
-65	0	0	0	0	1	0	0	0	2	0	0	0	0	0	0	0	0	0	0	0	0	1	3
-64	0	0	0	0	1	0	0	0	0	0	0	0	0	0	0	0	0	0	0	0	0	0	1
-63	0	0	0	0	2	0	0	0	1	0	0	0	0	0	0	0	0	0	0	0	0	0	3
-61	0	0	0	0	0	0	5	0	4	0	0	0	0	1	0	0	0	0	0	1	1	0	11
-60	0	0	0	1	0	0	0	0	1	0	0	0	0	0	0	0	0	0	1	0	0	0	3
-59	0	2	0	0	1	0	0	0	0	0	0	0	0	0	1	0	0	0	0	0	0	0	4
-57	0	0	0	0	0	0	0	0	0	0	0	0	0	0	2	0	0	0	0	0	1	0	2
-56	0	0	0	0	0	0	0	0	1	0	0	0	0	0	0	0	0	0	0	0	0	0	1
-55	0	0	0	0	1	0	1	0	0	1	0	0	0	0	0	0	0	0	1	0	0	0	4
-54	0	0	0	0	0	0	0	0	0	0	0	0	0	0	1	0	0	0	0	0	0	0	1
-53	0	0	0	1	0	0	0	0	0	0	0	0	0	0	0	0	0	0	0	0	0	0	1
-52	0	0	0	0	0	0	0	0	0	1	0	0	0	0	0	0	0	0	0	0	0	0	1
-51	0	0	0	0	0	0	0	0	0	0	2	1	0	0	0	0	0	0	0	0	2	0	3
-50	0	0	0	0	0	0	0	0	0	0	0	1	0	0	0	0	0	0	0	0	0	0	1
-49	0	0	0	0	0	0	0	0	1	1	2	0	0	0	0	0	0	0	0	0	2	1	4
-48	0	0	3	2	1	0	2	6	0	3	21	1	0	0	0	0	0	0	0	1	15	0	40
-47	0	0	0	0	0	0	0	0	1	0	1	0	0	0	0	0	0	0	0	0	1	0	2
-46	0	0	2	1	1	0	0	0	2	0	0	0	0	0	1	0	0	0	1	0	1	0	8
-45	0	0	2	0	0	0	0	0	4	4	0	0	0	0	3	0	0	0	0	0	2	2	13
-44	0	0	0	0	0	0	0	0	1	1	0	1	0	0	1	0	1	0	0	0	0	0	5
-43	0	0	0	1	0	0	0	0	3	2	0	0	0	0	1	0	1	0	0	0	0	0	8
-42	0	0	0	0	1	0	1	0	0	1	0	1	0	0	0	0	0	0	0	0	0	0	4
-41	0	0	0	0	0	0	0	0	0	2	0	0	0	0	0	0	0	0	0	0	1	0	2
-40	0	0	0	0	0	0	0	2	0	0	0	0	0	0	0	0	0	0	0	0	1	0	2
-39	0	0	2	0	0	0	0	0	0	2	0	1	0	0	0	0	0	0	2	0	2	0	7
-38	0	0	0	1	0	0	0	0	0	0	0	0	0	0	0	0	0	0	0	0	0	0	1
-37	0	0	1	0	0	0	0	0	0	0	0	0	0	0	0	0	0	0	0	0	0	0	1
-36	0	0	0	2	0	0	0	0	1	0	0	0	0	1	0	0	1	0	0	0	2	0	5
-35	0	0	0	0	0	0	0	1	0	1	0	2	1	1	0	0	2	1	0	0	0	0	9
-34	0	2	0	0	2	0	0	0	0	2	1	0	1	1	1	0	0	0	0	0	1	0	10
-33	0	2	0	2	2	0	0	0	1	3	0	0	0	0	1	0	0	0	0	0	1	0	11
-32	0	0	0	0	1	0	0	0	2	0	0	0	0	0	0	0	0	0	0	1	1	1	4
-31	0	3	0	0	3	0	1	0	0	0	0	0	0	0	0	0	0	0	0	0	3	0	7
-30	0	0	3	1	1	0	0	0	0	2	1	0	0	0	0	0	0	0	0	0	3	0	8
-29	0	0	0	0	0	0	0	0	2	0	0	0	0	1	0	0	0	2	0	0	0	0	5
-28	0	0	0	1	0	0	0	1	1	1	1	0	1	1	0	0	0	0	1	0	0	1	8
-27	0	0	0	0	0	0	0	0	2	0	0	0	1	1	1	0	0	0	0	0	1	0	5
-26	0	0	0	0	2	0	0	2	0	0	0	1	0	0	0	0	0	1	0	0	1	0	6
-25	0	4	1	1	1	0	0	0	0	0	0	0	0	0	0	1	0	0	0	0	1	0	8
-24	0	0	0	0	1	0	0	0	0	0	0	1	0	0	0	0	0	0	0	0	0	0	2
-23	0	0	0	0	1	0	0	0	0	0	0	1	0	0	0	2	0	0	0	0	0	0	4
-22	0	0	0	1	0	0	0	1	0	0	0	0	1	0	1	0	1	0	0	1	0	0	6
-21	0	0	1	0	1	0	0	1	0	0	0	0	0	0	1	1	1	0	0	0	0	1	6
-20	0	0	0	1	0	0	0	0	0	0	0	0	0	2	1	0	0	0	0	0	3	0	4
-19	0	0	0	1	0	0	1	0	1	2	0	0	1	5	1	0	1	0	0	2	6	0	15
-18	0	1	26	36	7	0	5	12	5	16	5	6	3	22	2	22	32	2	1	0	55	4	203
-17	0	49	9	11	7	0	7	11	16	20	7	62	15	190	0	16	17	7	16	6	249	3	466
-16	0	8	12	5	1	0	1	3	1	6	2	6	0	29	3	3	9	2	3	1	36	1	95
-15	0	0	1	3	0	0	1	1	2	2	0	2	1	15	0	0	3	3	0	1	11	0	35
-14	0	0	1	0	0	0	0	0	0	3	0	0	0	0	0	0	1	0	0	0	0	0	5
-13	0	0	3	1	1	0	0	1	0	2	1	0	2	2	1	0	0	0	0	1	4	0	15
-12	0	0	1	1	0	0	0	0	0	1	0	0	0	0	0	0	0	0	0	0	0	0	3
-11	1	0	0	0	0	0	1	4	1	1	0	0	0	0	1	3	1	0	0	0	5	0	13
-10	1	0	2	2	0	0	0	0	0	2	1	0	0	0	0	1	0	1	0	0	1	0	10
-9	0	5	0	0	0	0	1	0	0	1	0	0	1	1	0	0	0	0	0	1	0	0	10
-8	0	1	0	0	0	0	0	0	0	0	0	0	0	0	0	0	0	0	0	0	0	0	1
-7	3	0	0	1	0	0	0	1	1	1	2	0	0	0	1	1	0	0	0	0	3	1	11
-6	0	0	0	0	1	0	0	0	0	0	1	0	0	0	0	2	0	0	0	1	2	0	5
-5	0	0	2	0	0	0	0	0	0	0	0	0	0	0	0	1	1	0	0	0	1	0	4
-4	0	1	0	1	0	0	0	0	0	0	0	0	0	0	0	2	0	0	0	1	0	0	5
-3	1	0	0	1	3	0	1	3	2	4	1	2	1	2	0	1	3	3	0	1	8	1	29
-2	22	6	8	14	7	0	11	27	16	31	13	6	4	23	5	22	19	29	2	8	154	14	273
-1	36	6	16	40	15	0	11	44	29	58	32	16	18	24	13	20	27	43	3	11	268	26	462
1	467	41	168	293	141	323	169	346	223	448	99	400	254	241	103	231	271	434	39	121	1152	159	4812
2	70	8	22	44	24	69	22	71	32	62	11	67	53	35	7	39	43	76	4	24	188	18	783
3	13	2	5	5	2	13	3	21	3	15	5	11	12	9	2	4	6	15	0	3	27	0	149
4	2	0	1	1	0	1	0	3	0	0	0	1	1	0	0	0	2	2	0	0	3	0	14
5	2	0	1	4	1	0	0	3	0	1	5	0	1	1	1	0	0	0	0	0	4	0	20
6	0	1	0	0	0	2	0	0	0	0	1	0	0	0	0	0	0	0	0	0	0	0	4
7	0	3	0	0	0	1	0	0	0	1	3	0	0	0	0	0	0	0	0	0	1	0	8
8	0	0	0	1	0	2	0	0	0	0	0	0	0	0	0	0	0	2	0	0	1	0	5
9	0	0	0	0	0	0	0	2	0	0	1	0	0	2	0	0	0	1	0	0	0	0	6
10	1	0	1	0	0	1	0	2	1	0	0	0	0	0	0	0	0	0	0	1	0	1	7
11	0	0	0	0	0	1	0	0	0	0	1	1	0	0	0	0	0	0	0	0	0	0	3
12	1	0	0	0	3	1	0	0	3	0	0	0	1	0	1	2	0	0	0	0	2	1	12
13	1	1	0	0	0	0	0	0	0	0	1	0	1	0	0	0	0	0	0	0	0	0	4
14	22	0	9	6	0	7	1	3	30	27	5	2	11	5	1	3	2	6	4	127	40	3	271
15	4	0	5	4	1	3	0	3	4	3	4	1	3	3	0	2	2	2	0	22	21	2	66
16	121	6	44	96	28	142	33	39	26	75	1542	29	174	63	19	51	71	75	54	24	570	23	2712
17	57	4	25	41	8	53	14	20	8	32	218	12	37	18	6	14	29	22	7	12	93	5	637
18	6	0	2	4	0	7	1	3	2	5	30	0	4	2	0	3	4	3	3	1	13	1	80
19	6	0	0	0	0	2	0	0	0	1	3	0	0	1	0	0	1	0	0	0	4	0	14
20	0	0	0	1	1	0	0	0	1	0	0	0	0	0	0	0	0	0	1	0	2	1	4
21	0	0	0	0	0	0	0	0	0	0	1	0	0	0	0	0	0	0	0	0	1	0	1
22	52	8	79	47	12	47	1	15	1	32	2	32	42	15	0	29	31	36	0	9	26	0	490
23	10	1	7	10	1	8	5	6	2	8	0	9	10	3	0	7	6	11	0	1	4	0	105
24	10	1	20	11	3	17	0	4	2	5	1	4	9	6	1	11	9	3	0	4	4	0	121
25	1	0	1	1	0	1	0	0	1	0	1	0	0	1	0	0	3	2	0	0	1	0	12
26	1	0	0	1	0	0	0	0	2	0	0	0	0	1	0	0	0	1	0	0	2	0	6
27	0	0	0	2	0	1	0	0	0	0	0	0	0	0	0	1	0	0	0	0	2	0	4
28	4	1	0	22	1	2	2	2	45	1	2	1	2	1	2	2	0	1	0	0	15	2	91
29	1	0	0	0	0	0	0	1	0	0	0	0	0	0	0	1	0	1	0	0	3	0	4
30	0	0	0	3	0	0	0	1	0	0	0	0	0	0	2	0	1	2	2	0	6	0	11
31	0	0	1	0	0	0	0	0	0	0	0	0	0	0	0	0	0	1	0	0	1	0	2
32	6	1	9	3	0	7	1	2	1	5	18	7	4	4	2	3	1	1	70	28	40	0	173
33	0	0	4	1	1	1	0	4	0	2	6	1	2	1	0	0	1	1	10	1	8	0	36
34	2	1	0	1	0	2	5	2	0	0	1	0	0	0	0	0	0	0	0	0	4	0	14
35	0	0	0	0	0	0	0	0	0	0	0	0	0	0	0	0	0	1	0	0	0	0	1
36	1	0	0	0	0	0	0	0	0	0	0	0	1	0	0	1	1	0	0	0	0	0	4
38	31	4	45	30	5	23	3	12	2	20	5	17	25	13	0	11	14	23	0	10	8	1	293
39	5	3	8	10	1	6	0	1	0	4	2	2	9	2	0	2	9	2	0	2	0	0	68
40	0	0	1	1	1	3	0	0	0	0	0	2	1	1	0	0	1	1	0	1	2	0	13
41	1	0	0	0	0	0	1	0	0	1	0	0	1	0	0	1	0	0	0	0	1	0	5
42	12	0	1	3	1	0	0	1	1	1	6	2	0	3	1	55	10	1	0	0	78	0	98
43	1	0	0	0	0	1	0	0	1	0	0	1	1	0	0	3	1	1	0	0	5	0	10
44	1	0	0	1	0	0	0	0	1	1	2	0	0	0	0	0	0	0	1	0	5	0	7
45	0	0	0	1	1	0	0	0	2	1	0	0	0	0	1	0	1	0	0	0	3	0	7
46	0	0	1	0	2	0	0	0	0	0	0	0	0	0	0	0	0	0	0	0	0	0	3
47	1	0	0	1	2	0	0	0	1	1	0	0	0	0	0	0	0	0	0	0	2	0	6
48	0	0	0	0	0	0	0	0	0	0	0	0	0	0	0	1	0	0	0	0	0	0	1
49	0	0	0	0	0	0	0	0	0	0	0	0	0	1	0	0	0	0	0	0	0	0	1
50	0	0	0	0	0	0	0	0	0	1	0	0	0	0	0	0	0	0	0	0	0	0	1
51	1	0	1	0	0	0	0	0	0	0	0	0	0	0	1	0	0	0	0	0	0	1	3
52	1	0	0	0	0	0	0	0	0	2	0	0	0	0	0	0	0	0	0	0	0	0	3
53	2	0	5	5	1	7	1	2	1	1	0	1	1	0	0	4	1	2	0	0	2	0	34
54	1	0	0	2	0	2	0	1	0	2	2	0	1	1	0	2	0	1	0	0	4	0	15
55	0	0	0	2	0	0	0	0	0	0	1	0	1	0	0	0	0	0	0	0	3	0	4
56	0	0	0	0	0	0	0	0	1	0	0	0	0	0	0	0	0	0	0	0	0	0	1
57	8	0	0	0	0	11	2	0	0	5	2	2	5	2	0	1	7	4	0	0	40	0	49
58	0	0	0	1	0	3	0	0	3	0	3	0	1	1	0	7	1	0	0	0	11	0	20
59	0	0	0	0	0	2	0	0	0	0	0	0	0	0	0	0	0	1	0	0	2	0	3
60	0	0	0	0	0	1	0	0	0	1	0	0	0	0	0	0	0	0	0	0	1	0	2
61	0	0	0	2	1	0	0	1	0	1	0	1	0	0	2	2	1	0	0	0	0	0	11
62	0	0	4	1	0	2	0	0	0	1	0	1	2	0	0	1	1	0	0	2	5	0	15
63	0	0	0	0	1	1	0	1	0	0	0	0	2	0	1	0	0	0	0	0	2	0	6
64	2	0	0	1	1	0	0	0	1	3	0	0	0	0	1	1	0	1	1	1	2	0	13
65	0	0	0	0	0	0	1	0	0	0	0	0	0	0	0	0	0	0	0	0	1	0	1
66	0	0	1	0	0	0	0	0	0	0	0	0	0	0	1	0	0	0	0	0	0	0	2
67	0	0	0	0	0	0	0	0	0	0	0	0	0	0	0	1	0	0	0	0	0	0	1
68	0	0	0	0	0	0	0	0	0	0	0	0	0	0	1	1	0	0	0	0	0	1	2
69	0	0	1	4	1	0	0	0	0	1	0	0	0	0	0	0	0	0	0	0	2	0	7
70	0	0	1	0	0	0	0	0	0	0	0	0	0	0	0	0	0	1	0	0	0	0	2
71	0	0	0	0	0	0	0	0	0	0	0	1	0	0	0	0	0	0	0	0	0	0	1
72	0	0	0	0	0	1	0	0	0	0	0	0	0	0	0	0	0	0	0	0	0	0	1
73	0	0	0	0	1	0	0	0	0	1	0	0	0	0	0	0	0	0	0	0	1	0	2
74	0	0	0	0	0	0	1	0	1	0	0	0	0	0	0	2	0	0	0	0	3	0	4
75	0	0	2	0	0	0	0	0	0	0	0	0	0	0	0	0	0	0	0	0	0	0	2
76	0	1	0	0	0	0	0	0	0	0	0	0	1	0	0	0	0	0	0	0	1	0	2
77	0	0	0	0	0	1	1	0	0	0	0	0	0	1	0	0	0	0	0	0	0	0	3
78	0	0	0	0	0	1	0	0	1	0	0	0	1	0	0	0	0	0	0	0	0	0	3
79	0	0	1	0	2	0	0	0	0	0	0	0	0	0	1	0	0	0	0	1	2	0	5
80	1	0	0	1	0	1	0	0	0	0	0	0	0	0	1	8	0	0	0	0	0	1	12
81	0	0	0	1	0	0	0	0	1	1	0	0	0	0	0	1	2	0	0	0	1	0	6
82	0	0	0	0	0	0	0	0	1	1	0	0	0	0	0	0	0	0	0	0	1	1	2
83	0	0	0	1	0	0	0	0	0	0	0	0	0	0	0	1	0	0	0	0	0	0	2
84	0	0	0	0	0	0	0	0	1	0	0	0	0	0	0	0	0	0	0	0	0	1	1
88	0	0	0	0	0	0	0	0	0	0	0	0	0	1	1	0	0	0	0	0	1	0	2
89	0	0	0	1	0	0	0	0	0	0	0	0	0	0	0	0	0	1	0	0	2	0	2
91	0	0	0	0	0	0	0	1	0	0	0	0	0	0	0	1	0	0	0	1	2	0	3
92	0	0	1	0	0	0	0	0	0	0	0	0	0	0	0	0	0	0	0	0	0	0	1
93	0	0	0	0	0	0	0	0	0	1	0	0	0	1	0	0	0	0	0	0	0	0	2
94	0	0	1	0	1	0	0	0	1	0	0	0	0	0	0	0	0	0	0	0	1	0	3
95	0	0	0	0	0	0	0	0	0	0	0	0	0	0	0	0	1	3	0	0	0	0	4
96	1	0	2	1	1	0	0	0	0	2	0	0	0	0	0	0	0	0	0	0	2	0	7
97	1	0	0	0	0	0	0	0	0	2	0	0	0	0	0	0	1	0	0	0	3	0	4
98	0	0	1	0	0	0	0	0	0	1	0	0	0	0	0	0	0	0	0	0	1	0	2
99	0	0	0	0	0	0	0	1	0	0	0	0	0	0	0	0	0	0	0	0	0	0	1
100	0	0	0	0	0	0	0	0	2	0	0	0	0	0	0	0	0	0	1	0	3	0	3
101	0	0	0	0	0	0	0	0	0	0	0	0	0	0	0	0	0	1	0	0	1	0	1
103	0	0	0	0	0	0	0	0	0	0	1	0	0	0	0	0	0	0	0	0	0	0	1
104	0	0	1	0	0	1	0	0	1	0	0	0	0	0	0	0	0	0	0	0	1	0	3
105	0	0	0	0	0	1	0	0	0	0	0	0	1	0	0	0	0	1	0	0	1	0	3
108	1	0	0	0	0	0	0	0	0	0	0	0	0	0	1	0	0	0	1	0	0	0	3
110	0	0	1	0	0	0	0	0	0	1	1	0	0	0	0	0	0	0	0	0	2	0	3
111	1	0	0	0	0	1	0	0	0	0	0	0	0	0	0	2	0	0	0	0	1	0	4
112	0	0	1	0	0	0	0	1	0	0	0	0	0	0	0	0	1	0	0	0	0	0	3
113	1	0	1	0	0	0	0	0	0	0	0	0	0	0	0	0	0	0	0	0	0	0	2
114	0	0	0	0	0	0	0	0	0	0	1	0	0	0	0	0	0	0	0	0	1	0	1
115	1	0	0	0	0	0	0	0	0	0	0	0	0	0	1	1	0	0	0	0	1	0	3
118	0	0	0	0	0	0	0	0	0	1	0	0	0	0	0	0	0	0	0	0	0	0	1
121	0	0	0	0	0	0	0	0	0	0	0	1	0	0	0	0	1	0	0	0	1	0	2
122	0	0	0	1	0	0	0	0	0	0	0	0	0	0	0	0	0	0	0	0	1	0	1
123	0	0	0	0	0	0	0	0	0	0	0	0	0	0	0	1	0	0	0	0	0	0	1
124	0	0	1	0	0	0	0	0	0	0	2	0	0	0	0	0	0	0	0	0	2	0	3
125	0	0	1	2	0	0	0	2	0	0	0	0	0	0	0	0	0	0	0	0	2	0	5
128	10	0	2	1	0	4	0	7	11	2	1	3	3	0	2	0	1	7	0	2	9	11	56
129	1	0	0	3	0	0	0	3	0	0	0	0	0	0	2	1	0	2	0	0	3	5	12
130	0	0	0	0	1	0	0	0	0	0	0	0	0	0	0	0	0	0	0	0	0	0	1
133	0	0	0	0	0	0	0	0	0	0	0	0	0	0	0	1	0	0	0	0	0	0	1
134	0	0	1	0	0	0	0	0	0	0	0	0	0	0	0	0	0	0	3	0	4	0	4
136	0	0	1	1	0	0	0	0	0	0	0	0	0	0	0	1	0	0	0	0	2	0	3
137	0	0	0	0	0	0	0	0	0	0	0	0	0	0	2	0	0	0	0	0	0	0	2
140	1	0	0	0	0	0	0	5	0	2	3	1	0	0	0	0	0	5	0	0	16	0	17
141	0	0	0	0	0	0	0	2	0	0	0	0	0	0	0	0	0	1	0	0	3	0	3
142	0	0	0	0	0	1	0	0	0	0	0	0	0	0	0	2	0	1	0	1	1	0	5
143	0	0	0	0	0	0	0	1	0	0	0	0	0	0	0	0	1	0	0	0	0	0	2
144	0	0	1	0	0	0	0	0	0	0	1	0	0	0	0	0	1	0	0	0	1	0	3
145	0	0	0	1	0	0	0	0	0	0	0	0	0	0	0	0	0	0	0	0	0	0	1
146	0	0	0	0	0	0	0	0	0	0	0	0	0	0	0	0	0	1	0	0	0	0	1
147	0	0	0	0	0	1	0	0	0	0	0	0	0	0	0	0	0	0	0	1	0	0	2
148	0	0	0	0	0	0	0	0	0	0	0	0	0	0	0	0	0	0	2	0	2	0	2
150	0	0	0	0	0	0	0	0	0	0	0	0	1	0	0	0	0	0	0	0	1	0	1
152	1	14	0	0	1	0	0	1	0	0	0	0	0	0	0	0	1	0	0	0	4	0	18
153	0	3	0	0	0	0	1	0	0	0	0	0	0	0	0	1	0	0	5	0	6	0	10
154	1	1	3	0	2	0	0	12	3	3	5	1	0	0	0	0	1	0	0	0	23	2	32
155	1	0	0	0	2	1	0	2	1	0	0	0	0	0	0	0	0	2	0	0	5	1	9
156	9	1	4	4	1	5	1	1	7	10	4	1	0	1	0	3	1	4	0	2	21	7	59
157	2	0	0	1	1	2	1	0	0	0	2	0	2	0	0	0	1	0	0	0	2	0	12
158	0	0	0	0	0	2	0	0	0	0	0	0	0	1	0	0	0	0	0	0	0	0	3
160	0	0	0	0	0	0	0	0	0	0	0	0	0	0	0	0	0	0	0	1	0	0	1
161	0	0	0	0	0	0	0	0	0	0	0	0	0	0	0	0	1	0	0	0	0	0	1
164	0	0	0	0	0	0	0	0	0	0	0	0	0	1	0	0	0	0	0	0	0	0	1
167	0	0	1	0	0	0	0	0	0	0	0	0	0	0	0	0	0	0	0	0	0	0	1
168	0	0	0	0	0	0	0	0	0	0	0	0	0	0	0	1	0	0	0	0	0	0	1
169	0	0	0	0	0	2	0	0	0	0	0	0	0	0	0	0	0	0	0	0	2	0	2
172	1	0	1	2	0	0	0	0	0	0	2	0	0	0	0	0	1	0	0	0	2	0	7
173	0	0	0	1	0	1	0	0	0	0	1	0	0	0	0	0	0	1	0	0	0	0	4
178	0	0	0	0	1	0	0	0	0	0	0	0	0	0	0	0	0	0	0	0	0	0	1
181	0	0	0	0	0	2	0	3	0	0	0	1	0	0	0	0	0	2	0	0	5	0	8
184	0	0	0	0	0	0	0	0	0	0	0	1	0	0	0	0	0	1	0	0	1	0	2
185	0	0	0	0	1	0	0	1	0	1	0	0	0	0	0	0	0	0	0	0	2	0	3
188	0	0	0	0	0	2	0	0	0	0	0	0	0	0	0	0	0	0	0	0	0	0	2
189	0	0	0	0	0	0	0	0	0	0	0	0	0	0	0	0	0	1	0	0	0	0	1
192	0	0	0	1	0	1	0	0	0	0	0	0	0	0	0	0	1	0	0	0	0	0	3
194	1	0	0	0	0	0	0	0	0	1	0	0	0	0	0	0	0	0	0	0	0	0	2
195	0	0	0	0	3	0	0	0	0	0	0	0	0	0	2	0	1	0	0	0	3	2	6
196	0	0	0	0	0	0	0	1	2	0	0	0	1	0	0	1	0	0	0	0	0	2	5
198	0	0	0	0	0	0	0	1	0	0	0	0	0	0	0	0	0	0	0	0	1	0	1
