 	A	C	D	E	F	G	H	I	K	L	M	N	P	Q	R	S	T	V	W	Y	Nterm	Cterm	Sum
-117	0	0	0	0	0	0	0	0	0	0	0	0	0	0	0	0	0	0	1	0	0	0	1
-114	0	0	0	0	0	0	0	0	0	0	0	0	0	0	0	0	0	0	1	0	0	0	1
-112	0	0	0	0	0	0	0	0	0	0	0	0	0	0	0	0	0	0	1	0	0	0	1
-102	0	1	0	0	0	0	0	0	0	0	0	0	0	0	0	0	0	0	0	0	0	0	1
-101	0	1	0	0	0	0	0	0	0	0	0	0	0	0	0	0	0	0	0	0	0	0	1
-99	0	0	0	0	0	0	0	0	0	0	0	0	0	0	3	0	0	0	0	0	0	0	3
-98	0	1	0	0	0	0	0	0	0	0	0	0	0	0	0	0	0	0	0	0	0	0	1
-97	0	1	0	0	0	0	0	0	0	0	0	0	0	0	0	0	0	0	0	0	0	0	1
-94	0	0	0	0	0	0	0	0	0	0	0	0	0	0	0	0	0	0	0	1	0	0	1
-92	0	1	0	0	0	0	0	0	0	0	0	0	0	0	2	0	0	0	0	1	1	0	4
-90	0	0	0	0	1	0	0	0	0	0	0	0	0	0	1	0	0	0	0	0	0	0	2
-87	0	0	0	0	0	0	0	0	0	0	0	0	0	0	0	0	0	0	1	0	1	0	1
-86	0	0	0	0	0	0	0	0	0	0	0	0	0	0	1	0	0	0	0	0	0	1	1
-85	0	0	0	0	1	0	0	0	0	0	0	0	0	0	2	0	0	0	0	0	1	0	3
-83	0	2	0	0	0	0	0	0	0	0	0	0	0	0	0	0	0	0	0	0	0	0	2
-82	0	0	0	0	1	0	0	0	0	0	0	0	0	0	1	0	0	0	0	0	0	1	2
-81	0	0	0	0	1	0	0	0	0	0	0	0	0	0	0	0	0	0	0	0	0	0	1
-80	0	0	0	0	0	0	0	0	0	0	0	0	0	0	0	0	0	0	0	1	0	0	1
-77	0	1	0	0	1	0	0	0	0	0	0	0	0	0	0	0	0	0	0	0	0	0	2
-76	0	0	0	0	0	0	0	0	0	0	0	0	0	0	1	0	0	0	0	0	0	0	1
-75	0	0	0	0	0	0	2	0	0	0	0	0	0	0	2	0	0	0	0	0	0	1	4
-74	0	0	0	0	0	0	1	0	0	0	0	0	0	0	0	0	0	0	0	0	0	0	1
-73	0	0	0	0	1	0	0	0	0	0	0	0	0	0	2	0	0	0	0	0	0	1	3
-72	0	0	0	0	1	0	0	0	0	0	0	0	0	0	3	0	0	0	0	0	0	1	4
-71	0	0	0	0	0	0	1	0	2	0	0	0	0	2	0	0	0	0	0	1	0	0	6
-70	0	0	0	0	0	0	0	0	0	0	0	0	0	0	1	0	0	0	0	0	0	0	1
-69	0	0	0	0	0	0	0	0	0	0	0	0	0	0	2	0	0	0	0	0	1	0	2
-68	0	0	0	0	0	0	0	0	0	0	0	0	0	0	1	0	0	0	0	0	0	0	1
-66	0	0	0	1	0	0	0	0	1	0	0	0	0	0	0	0	0	0	0	0	0	0	2
-65	0	0	0	0	0	0	0	0	0	0	1	0	0	0	0	0	0	0	0	1	0	0	2
-64	0	0	0	1	0	0	0	0	0	0	0	0	0	2	0	0	0	0	0	0	0	0	3
-63	0	0	0	0	0	0	0	0	0	0	1	0	0	0	0	0	0	0	0	1	0	0	2
-62	0	0	0	1	0	0	1	0	1	0	0	0	0	0	0	0	0	0	0	0	0	0	3
-61	0	0	0	1	0	0	5	0	0	0	0	0	0	0	0	0	0	0	0	0	0	0	6
-60	0	0	0	1	1	0	0	0	0	0	0	0	0	0	0	0	0	0	0	0	0	0	2
-59	0	2	0	1	0	0	0	0	1	0	0	0	0	0	1	0	0	0	0	0	0	0	5
-58	0	0	0	1	0	0	0	0	1	0	0	0	0	0	1	0	0	0	0	0	0	0	3
-57	0	0	0	0	3	0	0	0	2	0	1	0	0	1	3	0	0	0	1	1	0	0	12
-56	0	0	0	0	1	0	0	2	0	0	0	0	0	0	0	0	0	0	0	0	0	0	3
-55	0	0	0	0	0	0	0	0	0	1	0	1	0	0	0	0	0	0	0	0	0	0	2
-54	0	0	0	1	1	0	0	1	0	0	0	0	0	0	0	0	0	0	0	0	0	0	3
-53	0	0	0	1	0	0	0	1	0	1	0	1	0	0	0	0	0	0	0	0	0	0	4
-52	0	0	1	0	1	0	0	0	0	0	0	0	0	0	0	0	0	0	0	0	0	0	2
-51	0	0	0	0	0	0	0	0	2	0	1	0	0	2	0	0	0	0	0	0	1	0	5
-50	0	0	0	1	3	0	0	4	0	0	1	0	0	0	1	0	0	0	0	0	2	0	10
-49	0	0	0	0	0	0	0	1	3	0	1	0	0	1	1	0	0	0	0	0	1	2	7
-48	0	0	2	0	3	0	2	4	1	3	23	0	0	0	0	0	0	0	0	0	10	0	38
-47	0	0	0	3	0	0	0	1	1	0	1	1	0	0	0	0	0	0	0	0	0	0	7
-46	0	0	1	0	0	0	0	0	2	1	0	0	0	0	0	0	0	0	0	0	0	1	4
-45	0	1	1	1	0	0	0	1	0	2	0	0	0	0	0	0	0	0	0	0	1	0	6
-44	0	0	1	0	0	0	0	0	0	1	0	0	0	0	0	0	1	0	0	0	0	0	3
-43	0	0	0	1	0	0	1	1	1	3	0	0	0	1	0	0	0	0	0	0	0	0	8
-42	0	0	2	0	0	0	0	1	0	0	0	0	0	0	0	0	0	0	0	0	0	0	3
-41	0	0	0	0	0	0	0	0	0	1	1	0	0	1	0	0	1	0	0	0	0	0	4
-40	0	0	1	0	0	0	0	0	0	1	0	0	0	0	0	0	0	0	0	0	0	0	2
-39	0	0	0	1	1	0	0	1	0	1	0	0	0	0	1	0	0	0	0	0	1	1	5
-38	0	0	0	1	0	0	0	0	0	1	0	0	0	0	0	0	0	0	0	0	1	0	2
-37	0	0	0	1	0	0	0	0	0	0	0	1	0	0	0	0	0	0	0	0	0	0	2
-36	0	0	0	0	0	0	0	0	0	0	0	0	0	1	2	0	4	1	0	0	0	0	8
-35	0	0	0	0	0	0	0	0	0	3	0	0	0	0	0	0	3	0	3	0	0	0	9
-34	0	0	0	0	0	0	0	1	2	0	0	0	0	1	0	0	0	0	0	0	1	2	4
-33	0	0	0	0	0	0	0	2	0	3	0	1	0	0	0	0	0	0	0	2	1	0	8
-32	0	0	0	1	0	0	0	0	1	0	0	0	0	0	1	0	0	1	0	0	0	0	4
-31	0	0	0	0	1	0	0	0	0	0	0	0	0	0	0	0	0	0	0	0	1	0	1
-30	0	0	0	2	0	0	1	1	1	0	0	0	0	0	0	1	0	0	0	0	1	0	6
-29	0	0	0	1	0	0	0	0	0	2	0	0	0	0	1	2	2	0	0	0	2	0	8
-28	0	0	0	0	0	0	0	0	0	0	0	0	1	1	3	0	0	2	0	0	2	1	7
-27	0	0	0	0	0	0	1	0	0	0	0	0	1	0	0	1	0	0	0	1	1	0	4
-26	0	0	1	0	0	0	0	1	0	1	0	0	0	0	0	0	1	0	0	0	1	0	4
-25	0	0	0	1	0	0	0	0	0	0	0	0	0	0	0	0	0	0	0	0	0	0	1
-24	0	0	0	0	0	0	0	0	0	2	0	0	0	0	0	2	0	1	1	0	3	0	6
-23	0	0	1	1	1	0	0	0	0	0	0	0	0	0	0	1	1	0	0	0	0	0	5
-22	0	0	0	0	0	0	0	0	0	2	0	0	0	1	0	0	3	0	0	0	1	0	6
-21	0	0	0	0	1	0	2	3	1	0	0	1	0	0	0	0	1	0	0	0	1	0	9
-20	0	0	0	2	0	0	0	0	0	0	0	0	0	2	0	1	1	0	0	1	2	0	7
-19	0	0	0	1	1	0	0	2	2	1	0	0	2	5	0	0	0	1	0	0	7	1	15
-18	0	0	22	34	7	0	4	15	8	12	1	0	5	21	2	10	35	8	0	3	55	7	187
-17	0	47	17	18	6	0	14	15	14	21	1	59	15	159	2	15	14	7	11	5	220	2	440
-16	0	14	12	7	1	0	1	4	2	7	1	4	9	36	1	5	5	6	1	3	43	1	119
-15	0	1	8	4	1	0	1	3	1	4	0	6	3	11	0	4	4	1	0	1	13	0	53
-14	0	0	2	1	0	0	0	2	0	1	0	0	0	3	0	2	0	2	0	0	3	0	13
-13	0	0	0	1	0	0	0	0	0	1	0	0	0	0	0	0	0	0	0	0	1	0	2
-12	0	0	0	0	0	0	0	0	1	0	1	0	0	1	1	0	0	0	0	0	1	0	4
-11	0	0	0	1	0	0	0	2	0	0	0	0	0	1	1	0	0	0	0	0	0	0	5
-10	1	0	1	0	0	0	0	1	0	1	0	2	1	0	0	0	0	0	0	0	1	0	7
-9	0	0	0	0	0	0	0	0	0	2	0	0	2	0	1	0	1	2	1	0	1	0	9
-8	0	0	0	1	0	0	0	0	0	1	0	1	0	0	2	0	0	0	0	1	1	0	6
-7	2	0	2	1	0	0	0	1	0	1	1	3	0	0	0	0	0	0	0	0	1	0	11
-6	0	0	1	0	0	0	0	0	0	2	0	0	1	0	0	0	0	0	0	0	0	0	4
-5	1	0	0	0	0	0	0	1	0	0	1	0	1	0	0	1	0	0	0	0	1	0	5
-4	0	0	0	0	0	0	0	0	2	1	0	0	0	1	0	1	1	2	0	0	3	0	8
-3	1	1	0	0	1	0	1	2	3	3	0	0	2	3	0	0	2	1	0	0	5	2	20
-2	34	12	12	21	9	0	10	20	17	42	13	9	6	11	14	19	21	34	2	7	181	23	313
-1	52	9	16	46	25	0	4	51	22	78	38	28	10	32	12	26	30	30	5	10	313	19	524
1	591	49	221	348	187	411	250	444	327	503	117	312	324	347	138	323	333	606	53	126	1598	225	6010
2	121	13	36	68	27	81	30	81	37	96	27	57	60	57	14	63	56	97	5	34	322	31	1060
3	20	7	4	11	6	9	5	20	8	22	9	8	16	6	1	15	5	21	2	8	31	1	203
4	3	2	1	2	1	1	0	7	0	3	0	0	2	1	1	2	0	2	0	1	2	0	29
5	1	1	2	0	0	0	0	0	1	4	0	2	0	0	0	0	0	1	0	2	2	0	14
6	0	0	0	0	0	0	0	0	1	0	0	0	0	2	1	0	0	0	0	0	2	0	4
7	0	0	0	1	0	0	0	0	0	1	0	0	0	0	0	0	1	0	0	0	0	0	3
8	0	0	0	0	0	2	0	0	0	0	0	0	0	0	0	1	0	0	0	0	0	0	3
9	0	0	0	0	0	0	0	0	0	0	0	0	0	1	0	0	0	1	0	0	0	0	2
10	0	0	0	0	0	0	0	0	2	0	0	0	0	1	0	0	0	0	0	0	0	2	3
11	0	0	0	0	0	0	0	0	0	0	0	0	1	0	0	0	0	0	0	0	0	0	1
12	0	1	0	0	1	0	0	0	3	0	0	0	0	0	1	1	1	0	4	0	4	1	12
13	0	0	0	0	0	0	0	0	1	0	1	0	0	0	0	0	0	0	1	0	3	0	3
14	6	0	3	1	3	4	1	0	10	2	0	4	2	1	2	2	1	3	8	69	11	3	122
15	0	0	1	2	1	5	0	1	0	2	4	3	1	2	0	3	1	2	1	9	5	0	38
16	87	7	44	79	21	101	19	26	6	58	1113	48	97	25	13	34	40	63	38	11	425	16	1930
17	60	3	27	22	9	44	7	16	3	20	200	12	47	13	2	9	22	28	7	11	95	1	562
18	3	0	3	4	3	9	1	2	3	6	33	5	10	3	1	4	0	5	1	2	27	1	98
19	1	0	0	0	1	0	0	0	1	0	4	0	2	1	0	0	0	0	0	0	1	0	10
20	0	0	2	0	0	0	0	0	0	0	1	0	1	0	0	0	0	3	0	0	2	0	7
21	0	0	0	1	0	1	0	0	0	0	2	0	0	0	1	0	1	0	0	0	3	1	6
22	59	12	80	66	16	67	4	25	1	30	10	38	44	22	0	38	23	40	1	11	48	0	587
23	12	1	4	8	1	8	3	4	6	8	1	5	16	7	2	11	7	4	0	2	7	0	110
24	9	0	10	10	1	3	1	3	0	1	1	3	5	3	0	9	3	4	1	1	3	0	68
25	0	0	1	0	0	5	0	0	0	0	0	0	1	0	1	0	1	1	0	0	0	1	10
26	0	0	0	0	0	0	0	0	4	0	0	0	0	1	0	0	0	1	0	0	4	0	6
27	0	0	0	0	0	1	0	0	0	1	0	0	1	0	0	3	0	0	0	0	0	0	6
28	1	0	0	0	0	3	0	1	3	1	4	0	2	0	0	3	0	2	0	0	12	1	20
29	2	0	1	0	0	1	0	0	1	1	0	0	0	0	0	4	1	0	0	0	6	0	11
30	0	0	0	1	0	0	0	0	2	0	0	0	0	0	2	0	0	0	4	0	2	0	9
31	0	0	0	0	0	0	0	0	0	0	0	1	0	0	0	0	1	1	0	0	0	0	3
32	2	0	2	11	0	3	0	1	0	2	6	1	2	0	0	2	0	2	20	8	7	0	62
33	1	0	0	1	0	1	0	3	1	0	0	2	0	0	0	0	0	0	0	0	2	0	9
34	0	0	0	0	0	0	0	1	0	2	0	0	0	0	0	0	1	0	0	2	1	0	6
35	0	0	0	0	0	0	0	0	0	0	0	0	0	0	0	1	1	0	0	0	1	0	2
36	0	0	0	0	0	0	0	0	0	0	0	0	0	0	0	0	1	0	0	0	0	0	1
37	0	0	0	0	0	0	0	0	0	1	0	0	1	0	0	0	0	0	0	0	0	0	2
38	31	4	41	21	8	17	3	8	2	23	3	9	21	10	0	16	9	11	1	5	7	1	243
39	8	0	5	10	1	6	0	3	0	4	2	5	8	6	0	3	7	3	0	2	1	0	73
40	1	0	0	0	2	1	0	0	1	0	1	1	0	0	0	3	3	0	0	0	3	1	13
41	1	0	0	2	0	0	0	0	0	0	1	0	0	0	1	2	0	0	0	0	2	0	7
42	4	0	2	1	2	1	2	0	0	2	4	1	0	2	0	41	3	1	2	0	50	0	68
43	3	0	0	0	1	2	0	0	2	0	0	0	0	0	0	5	0	1	0	0	10	1	14
44	2	0	0	0	0	1	0	2	1	0	2	0	0	0	0	1	0	0	0	0	4	0	9
45	0	0	0	0	0	2	0	0	0	1	1	0	0	0	0	0	1	0	0	0	1	0	5
46	0	0	0	0	0	1	0	0	0	1	0	0	0	1	0	1	0	0	0	0	2	0	4
47	1	0	0	0	0	0	0	0	0	0	0	0	0	1	1	0	0	0	0	0	0	0	3
48	0	0	0	0	0	0	0	0	1	0	0	0	0	0	0	0	0	1	1	0	0	0	3
49	1	0	0	0	0	0	0	0	0	0	1	0	0	0	0	0	0	0	0	1	0	0	3
50	0	0	0	0	0	0	0	1	0	0	0	0	0	0	0	0	0	1	0	0	1	0	2
52	0	0	0	1	1	0	0	0	0	1	0	0	0	0	0	0	0	1	0	0	1	0	4
53	5	0	5	10	1	6	0	2	2	2	0	1	1	1	0	4	1	4	0	0	5	0	45
54	0	0	2	0	0	2	0	0	0	0	2	0	0	0	2	0	0	1	0	0	3	0	9
55	1	0	0	2	0	1	0	0	1	0	0	0	0	0	0	0	0	0	0	0	4	0	5
56	1	0	0	2	0	1	0	0	0	0	0	0	0	0	0	0	0	0	0	0	1	0	4
57	6	0	0	0	1	12	2	2	1	6	4	0	1	3	1	4	1	10	0	0	48	1	54
58	2	0	0	1	0	1	0	1	0	3	1	0	0	1	0	2	0	2	0	0	8	0	14
59	2	0	0	0	0	0	0	1	0	0	0	0	0	0	0	0	0	1	0	0	2	0	4
60	0	0	0	0	0	0	0	0	0	1	0	1	0	0	0	1	0	0	0	0	0	0	3
61	1	0	0	0	0	0	0	0	0	0	0	0	0	1	0	0	0	0	0	1	1	0	3
62	1	0	2	1	0	0	0	1	0	0	0	0	0	0	1	0	1	0	0	4	1	0	11
63	0	0	1	0	0	1	0	0	0	0	0	0	0	1	0	0	0	0	0	2	1	0	5
64	3	0	0	0	0	0	0	0	0	1	0	0	0	1	0	0	0	0	0	2	0	0	7
66	0	0	0	1	0	0	0	0	0	0	0	0	1	0	1	0	0	0	0	0	0	0	3
67	0	0	0	0	0	0	0	0	0	0	1	0	0	0	0	1	0	0	0	0	0	0	2
68	0	0	0	0	0	0	0	0	2	0	0	0	0	0	0	0	0	0	0	0	0	2	2
69	2	0	0	4	0	0	0	0	0	0	0	0	1	0	0	0	0	0	0	0	2	0	7
70	0	0	0	0	0	0	0	0	0	0	0	0	0	0	0	0	2	0	0	0	2	0	2
71	0	0	0	0	0	0	0	0	0	0	0	0	1	0	0	0	1	0	0	0	0	0	2
73	0	0	0	0	0	0	0	0	0	1	0	0	1	1	0	2	0	0	0	0	2	0	5
74	1	0	1	0	1	0	0	0	0	1	0	0	1	0	0	0	0	0	0	0	1	0	5
76	0	0	0	0	0	1	1	0	0	0	0	0	0	0	0	0	0	0	0	0	0	0	2
77	1	0	0	0	0	1	0	0	0	0	0	0	1	0	0	0	0	0	0	0	0	0	3
78	0	0	0	0	1	0	0	0	1	0	0	0	0	0	0	0	0	0	0	0	0	0	2
79	1	0	1	0	0	0	0	0	0	1	0	0	0	0	0	0	0	0	0	0	1	0	3
80	0	0	0	0	0	1	0	0	0	0	0	0	0	1	0	0	0	0	0	0	0	0	2
81	0	0	0	0	0	0	0	0	7	0	0	0	0	0	0	0	0	0	0	0	6	0	7
82	0	0	0	0	0	0	0	0	1	0	0	0	0	0	0	0	0	0	0	0	0	1	1
83	0	0	0	0	0	0	0	0	0	0	0	0	0	0	0	0	1	0	0	0	0	0	1
84	0	1	0	1	0	0	0	0	0	1	0	0	0	0	0	0	0	0	0	0	0	0	3
85	0	0	0	0	0	0	0	0	0	0	0	0	0	0	0	1	0	0	0	0	1	0	1
87	1	0	0	0	0	0	0	0	0	2	0	0	0	1	0	0	1	0	0	1	2	0	6
88	0	0	0	0	0	0	0	0	0	1	0	0	1	0	0	0	0	0	0	0	1	0	2
89	0	0	0	0	0	1	0	0	0	0	0	0	0	0	1	0	0	1	0	0	2	0	3
90	0	0	0	0	0	0	0	0	0	1	0	2	0	1	0	0	0	0	0	0	1	0	4
92	0	0	0	0	0	0	0	0	0	0	0	0	0	0	0	0	0	0	1	0	0	0	1
93	0	0	1	0	0	0	0	0	0	0	0	0	0	0	0	0	0	0	0	0	0	0	1
94	0	0	0	1	0	0	0	0	0	0	0	0	0	0	0	0	0	0	0	0	0	1	1
96	0	0	0	0	0	0	0	0	0	4	1	0	0	1	0	0	0	0	0	0	5	0	6
97	1	0	0	0	0	0	0	0	0	2	0	0	0	0	0	0	0	0	0	0	3	0	3
98	0	0	0	0	0	0	0	0	0	1	1	0	0	0	0	0	1	0	0	0	1	0	3
100	0	0	0	0	0	0	0	0	4	0	0	0	2	0	0	0	0	0	0	0	2	0	6
101	1	0	0	0	0	0	0	0	0	1	0	0	0	0	0	0	0	0	0	0	1	0	2
103	0	0	0	0	0	0	0	0	0	0	0	0	0	0	1	0	0	0	0	0	0	1	1
104	0	0	0	0	0	0	0	0	2	0	0	0	0	0	0	0	0	0	0	0	2	0	2
105	0	0	0	0	0	1	0	0	0	0	0	0	0	0	0	0	0	2	0	0	1	0	3
106	0	0	0	0	0	0	0	1	0	0	0	0	0	0	0	0	0	0	0	0	0	0	1
107	0	0	0	0	0	0	0	0	0	0	0	1	0	0	0	0	0	0	0	0	1	0	1
110	0	0	0	0	1	0	0	0	0	2	0	0	0	0	0	0	0	0	0	0	0	0	3
111	0	0	0	0	0	1	0	0	0	0	2	0	0	0	0	1	0	0	0	0	3	0	4
112	0	0	2	0	0	0	0	0	0	2	0	0	0	0	0	0	1	2	0	0	0	0	7
114	0	0	0	0	0	0	0	2	0	0	0	0	0	0	0	0	0	0	0	0	0	2	2
115	0	0	0	0	0	0	0	0	0	0	0	0	0	0	0	0	1	1	0	0	1	0	2
116	1	0	0	0	0	0	0	0	0	1	0	0	0	0	0	1	1	1	0	0	2	0	5
117	0	0	0	0	0	0	0	0	0	0	0	0	1	0	0	0	0	0	0	0	0	0	1
118	0	0	0	0	1	0	0	0	0	1	0	0	0	0	0	0	0	0	0	0	1	0	2
119	0	0	0	1	0	0	0	0	0	0	0	0	0	0	0	0	0	0	0	0	1	0	1
121	0	0	0	0	0	0	0	0	1	1	0	2	0	0	0	0	1	0	0	0	2	0	5
122	1	0	0	0	0	0	0	0	0	0	0	0	0	0	0	0	0	0	0	0	1	0	1
123	0	0	0	0	0	0	0	0	1	0	0	0	0	0	0	0	1	0	0	0	0	0	2
124	0	0	0	1	1	0	0	1	0	1	2	0	0	0	0	0	0	0	0	0	6	0	6
125	1	0	0	2	2	0	0	2	0	1	0	1	0	0	0	1	0	1	0	0	8	0	11
126	1	0	0	0	1	0	0	0	0	0	0	0	0	0	0	0	0	0	0	0	1	0	2
127	2	0	0	1	0	1	0	0	0	0	0	0	0	0	0	0	0	0	0	0	2	0	4
128	2	0	1	1	0	4	0	7	11	8	3	1	7	0	0	3	2	4	0	0	8	11	54
129	1	0	0	8	0	1	1	1	0	0	0	0	1	0	0	7	1	0	0	1	1	7	22
130	0	0	0	3	0	0	0	0	0	0	0	0	0	0	0	0	0	0	0	0	0	3	3
131	0	0	0	0	0	0	0	0	0	0	0	0	0	0	1	0	0	0	0	0	0	0	1
133	0	0	0	0	0	0	0	0	0	0	0	0	0	0	0	0	0	0	0	1	0	0	1
134	0	0	1	0	0	0	0	0	0	0	0	0	0	0	0	0	0	0	2	0	3	0	3
135	0	0	1	0	0	0	0	0	0	0	0	0	0	0	0	0	0	0	1	0	2	0	2
136	0	0	0	0	0	0	0	0	0	0	0	0	0	1	0	0	0	0	0	0	1	0	1
137	0	0	0	0	0	0	0	0	0	0	0	0	1	0	0	0	0	0	0	0	0	0	1
139	2	0	1	1	0	0	0	0	0	0	0	0	0	0	0	0	0	1	0	0	1	0	5
140	2	0	0	0	0	0	0	1	2	1	1	2	0	1	0	0	0	8	0	0	15	2	18
141	0	0	0	0	1	0	0	0	0	2	0	0	0	0	0	0	0	0	0	0	3	0	3
142	0	0	0	0	0	0	0	0	0	0	0	0	0	0	0	1	0	1	0	0	1	0	2
144	0	0	0	0	0	1	0	0	2	0	0	0	0	0	0	1	0	0	0	0	0	2	4
146	0	0	0	0	0	0	0	0	0	0	0	0	0	0	1	0	0	0	0	0	0	0	1
147	0	0	0	1	0	0	1	0	0	1	0	0	0	0	0	0	1	0	0	0	2	0	4
148	1	0	0	0	0	0	0	0	1	0	0	0	0	0	0	0	0	0	3	0	3	0	5
151	0	1	1	0	0	0	0	0	0	1	0	0	0	0	0	1	0	0	0	0	1	0	4
152	1	9	2	0	2	1	0	1	0	0	0	0	0	0	1	1	1	0	0	0	5	1	19
153	0	0	0	1	0	1	2	0	1	0	0	0	0	0	0	0	0	1	1	1	5	0	8
154	1	0	0	1	1	1	0	10	2	0	4	0	0	1	0	0	0	3	0	0	19	2	24
155	0	0	1	1	0	0	0	0	0	0	1	0	0	0	0	0	0	0	0	0	1	0	3
156	14	0	3	1	0	4	3	7	12	10	4	1	0	0	0	3	2	8	0	6	28	12	78
157	1	0	1	1	0	1	0	0	1	2	0	0	0	0	0	0	0	1	0	0	2	0	8
159	0	0	0	0	0	0	0	0	0	0	0	0	0	0	0	0	0	2	0	0	0	0	2
160	0	0	0	0	0	0	0	0	0	0	0	1	0	0	0	0	0	0	0	0	1	0	1
161	0	0	0	0	0	0	0	0	0	0	0	0	0	1	0	0	0	0	0	0	1	0	1
163	0	0	0	0	0	0	0	0	0	0	0	0	0	1	0	0	0	0	0	0	1	0	1
164	0	0	0	2	0	0	0	0	0	1	0	0	0	0	0	0	0	0	0	0	0	0	3
165	0	0	0	0	0	0	0	0	0	1	0	0	0	0	0	0	0	0	0	0	1	0	1
166	1	0	0	0	0	0	0	0	0	0	0	0	0	0	0	0	0	1	0	0	0	0	2
167	0	0	0	0	0	0	0	0	0	0	0	0	0	0	0	2	0	0	0	0	0	0	2
168	0	0	0	0	0	0	0	0	0	0	0	0	0	0	0	1	0	0	0	0	0	0	1
169	0	0	0	0	0	0	0	1	0	0	0	0	0	0	0	0	0	0	0	0	1	0	1
172	0	0	0	1	0	0	0	0	0	0	0	0	0	0	0	0	0	0	0	0	0	0	1
173	2	0	1	1	0	0	0	0	0	0	1	0	1	0	0	1	0	0	0	0	1	0	7
174	0	0	0	1	0	0	0	0	0	0	0	0	0	0	0	0	0	0	0	0	1	0	1
176	0	0	0	0	0	0	0	0	0	1	0	0	0	0	0	0	0	0	0	0	0	0	1
177	1	0	0	0	0	0	0	0	0	0	0	0	0	0	0	0	0	0	0	0	0	0	1
180	0	0	0	0	0	0	0	2	0	0	0	0	0	0	0	0	0	0	0	0	2	0	2
181	0	0	0	0	1	1	0	0	1	0	0	0	0	0	0	0	0	1	0	0	2	1	4
183	0	0	0	0	0	0	0	0	0	0	0	0	0	0	0	0	0	1	0	0	0	0	1
184	1	0	0	0	0	0	0	0	0	0	0	0	0	0	0	0	0	0	0	0	0	0	1
188	0	0	0	0	0	0	0	0	1	0	0	0	0	0	0	0	0	0	0	0	0	0	1
189	0	0	0	1	0	0	0	0	3	0	0	0	0	0	0	0	0	1	0	0	0	0	5
190	0	0	1	0	0	0	0	0	0	0	0	0	1	0	0	0	1	0	0	0	1	0	3
192	0	0	0	0	0	0	0	0	0	0	0	0	0	1	0	1	0	0	0	0	0	0	2
193	0	0	0	0	0	0	0	0	0	0	0	0	0	1	0	0	1	0	0	0	0	0	2
194	0	0	0	0	0	0	0	0	0	0	0	1	0	0	0	0	0	0	0	0	0	0	1
195	0	0	0	2	4	0	1	0	0	0	0	0	0	0	0	0	1	0	0	0	5	0	8
196	0	0	0	0	0	0	0	0	1	1	0	0	0	0	0	1	0	0	0	0	0	1	3
198	0	0	0	0	0	0	0	0	0	0	0	0	0	0	0	0	1	0	0	0	0	0	1
199	1	0	0	0	0	0	0	0	0	0	0	0	0	0	0	0	1	0	0	0	1	0	2
