 	A	C	D	E	F	G	H	I	K	L	M	N	P	Q	R	S	T	V	W	Y	Nterm	Cterm	Sum
-112	0	0	0	0	0	0	0	0	0	0	0	0	0	0	0	0	0	0	1	0	0	0	1
-102	0	1	0	0	0	0	0	0	0	0	0	0	0	0	0	0	0	0	0	2	0	0	3
-101	0	0	0	0	0	0	0	0	0	0	0	0	0	0	0	0	0	0	1	0	1	0	1
-99	0	0	0	0	0	0	0	0	0	0	0	0	0	0	4	0	0	0	0	0	0	2	4
-93	0	0	0	0	0	0	0	0	0	0	0	0	0	0	0	0	0	0	0	1	0	0	1
-92	0	2	0	0	0	0	0	0	0	0	0	0	0	0	0	0	0	0	0	0	0	0	2
-91	0	0	0	0	0	0	0	0	0	0	0	0	0	0	0	0	0	0	0	1	0	0	1
-87	0	0	0	0	1	0	0	0	0	0	0	0	0	0	0	0	0	0	0	0	0	0	1
-86	0	1	0	0	1	0	0	0	0	0	0	0	0	0	0	0	0	0	0	0	0	0	2
-83	0	0	0	0	0	0	0	0	0	0	0	0	0	0	1	0	0	0	0	0	0	0	1
-81	0	0	0	0	0	0	0	0	0	0	0	0	0	0	1	0	0	0	0	0	0	0	1
-80	0	0	0	0	0	0	0	0	0	0	0	0	0	0	1	0	0	0	0	0	0	0	1
-78	0	0	0	0	0	0	0	0	0	0	0	0	0	0	1	0	0	0	0	0	0	0	1
-77	0	1	0	0	1	0	0	0	0	0	0	0	0	0	0	0	0	0	0	0	0	0	2
-72	0	0	0	1	0	0	0	0	0	0	0	0	0	0	0	0	0	0	0	0	0	0	1
-71	0	0	0	1	0	0	0	0	0	0	0	0	0	0	1	0	0	0	0	0	0	0	2
-70	0	0	0	0	0	0	0	0	0	0	0	0	0	0	1	0	0	0	0	0	0	0	1
-69	0	0	0	0	0	0	2	0	0	0	0	0	0	0	0	0	0	0	0	0	0	0	2
-68	0	0	0	1	0	0	0	0	0	0	0	0	0	0	0	0	0	0	0	0	0	0	1
-66	0	0	0	0	0	0	0	0	1	0	0	0	0	0	1	0	0	0	0	1	0	0	3
-64	0	0	0	0	1	0	0	0	0	0	0	0	0	0	0	0	0	0	0	0	0	0	1
-63	0	0	0	0	0	0	1	0	1	0	0	0	0	0	0	0	0	0	0	0	0	0	2
-61	0	3	0	0	0	0	4	0	0	0	0	0	0	1	0	0	0	0	0	0	3	0	8
-60	0	3	0	0	0	0	1	0	0	0	0	0	0	0	0	0	0	0	0	0	0	0	4
-59	0	0	0	0	0	0	0	0	0	0	0	0	0	1	0	0	0	0	0	0	0	0	1
-57	0	269	10	7	0	0	5	0	2	0	4	5	0	0	0	0	0	0	0	5	0	0	307
-56	0	19	0	3	0	0	0	5	1	12	1	1	0	1	0	0	0	0	0	2	3	0	45
-55	0	4	2	0	1	0	0	2	0	0	0	0	0	0	0	0	0	0	0	0	0	0	9
-52	0	0	0	0	1	0	0	0	0	0	0	0	0	0	0	0	0	0	0	0	0	0	1
-51	0	0	0	0	0	0	0	0	0	1	0	0	0	0	0	0	0	0	0	0	0	0	1
-50	0	0	0	0	3	0	0	0	0	2	0	0	0	0	0	0	0	0	0	0	5	0	5
-49	0	0	2	0	0	0	0	0	0	0	0	0	0	0	0	0	0	0	0	0	0	0	2
-48	0	0	0	0	1	0	0	1	0	1	3	0	0	0	0	0	0	0	0	0	2	0	6
-46	0	0	0	0	0	0	0	0	0	1	0	0	0	0	0	0	0	0	0	0	0	0	1
-45	0	11	0	0	0	0	0	2	0	3	0	0	0	0	1	0	0	0	0	0	13	1	17
-44	0	2	0	1	0	0	0	1	0	0	0	0	0	0	0	0	1	0	0	0	2	0	5
-43	0	1	0	0	0	0	0	0	0	0	0	0	0	0	0	0	0	0	0	0	0	0	1
-42	0	0	0	0	0	0	0	1	0	1	0	0	0	0	0	0	0	0	1	0	0	0	3
-39	0	0	0	0	0	0	0	0	1	1	0	0	0	0	0	0	0	0	0	0	0	0	2
-38	0	0	0	0	0	0	0	0	0	2	1	0	0	0	0	0	0	0	0	0	2	0	3
-36	0	0	1	0	0	0	0	0	0	0	0	1	0	1	0	0	2	0	0	0	1	0	5
-35	0	2	0	0	0	0	0	1	0	1	0	0	0	0	1	0	2	0	0	0	0	0	7
-34	0	0	0	0	0	0	0	4	0	0	0	1	0	0	0	0	0	1	0	0	1	0	6
-31	0	0	0	0	1	0	0	0	0	0	0	0	0	0	0	0	0	0	0	0	0	0	1
-30	0	2	0	0	0	0	0	1	0	0	0	0	0	0	0	0	1	0	0	0	0	0	4
-29	0	0	0	3	0	0	0	0	1	0	0	0	0	0	0	0	0	0	0	0	0	1	4
-25	0	0	0	5	3	0	0	0	0	0	0	0	0	0	0	0	0	1	0	0	0	0	9
-24	0	0	0	0	0	0	0	0	0	1	0	0	0	0	0	0	1	0	0	0	0	0	2
-22	0	0	0	0	0	0	0	0	0	1	0	0	0	0	0	1	4	0	0	0	0	0	6
-21	0	1	0	0	0	0	0	0	0	0	0	0	0	0	0	0	0	0	1	0	1	0	2
-20	0	0	0	0	2	0	0	0	0	0	0	0	0	0	0	0	2	0	0	0	0	0	4
-19	0	0	0	1	0	0	0	0	0	0	0	0	0	1	0	0	2	0	0	0	1	0	4
-18	0	1	30	56	4	0	8	13	0	30	3	2	5	49	0	23	35	7	1	3	96	0	270
-17	0	41	10	16	5	0	9	14	11	28	2	41	13	149	2	12	19	13	6	9	183	2	400
-16	0	4	2	2	0	0	1	3	2	3	1	7	3	21	2	3	6	2	2	3	24	1	67
-15	0	2	0	0	0	0	1	1	1	0	0	4	1	6	0	1	0	0	0	0	4	0	17
-14	0	0	0	0	0	0	1	0	0	1	0	0	0	0	0	0	0	0	0	0	1	0	2
-13	0	0	0	0	0	0	0	0	0	1	0	0	2	0	0	0	0	1	0	0	1	0	4
-12	0	0	0	0	0	0	0	0	0	0	0	0	0	0	0	1	0	0	0	0	0	0	1
-11	0	0	1	1	1	0	0	0	0	0	0	0	0	0	0	0	0	0	1	0	0	0	4
-9	1	3	0	0	0	0	0	0	0	0	0	1	0	0	0	0	1	0	0	0	1	0	6
-8	0	0	0	1	0	0	0	0	0	0	0	0	0	0	0	0	0	0	0	0	0	0	1
-7	0	0	1	0	0	0	0	0	0	0	0	0	0	0	0	0	0	0	0	0	0	0	1
-4	0	1	1	0	0	0	0	0	0	0	0	0	0	0	0	1	0	0	0	0	0	0	3
-3	0	0	1	0	0	0	0	1	0	1	0	0	0	1	1	1	0	0	0	0	3	0	6
-2	9	1	2	12	3	0	0	3	2	4	2	2	2	5	2	4	0	10	2	0	25	4	65
-1	12	4	5	9	3	0	5	21	13	22	5	6	4	8	5	6	13	27	2	6	99	11	176
1	431	44	195	259	127	318	140	318	203	380	114	313	249	235	57	170	187	362	38	124	873	107	4264
2	57	8	17	39	9	32	15	42	15	49	15	36	42	33	5	23	32	58	2	10	83	6	539
3	2	0	0	2	0	5	0	4	3	3	2	1	6	2	0	1	4	9	1	2	5	0	47
4	2	0	0	1	0	2	0	1	0	2	0	1	2	2	0	0	2	0	15	0	4	0	30
5	0	2	2	5	0	0	1	0	0	0	0	0	0	2	0	0	0	2	5	0	3	0	19
6	0	0	2	0	0	1	0	0	0	0	0	0	0	0	0	0	0	0	0	0	2	0	3
7	1	0	0	1	0	0	0	0	0	0	0	0	0	0	0	0	0	0	0	0	0	0	2
8	0	0	0	0	0	0	0	0	0	1	0	1	1	0	0	0	0	0	0	0	0	0	3
9	0	0	0	0	0	0	0	0	0	0	0	0	0	0	0	0	1	0	0	0	1	0	1
10	1	0	0	0	0	0	0	0	0	0	0	0	2	0	0	0	0	0	0	0	2	0	3
12	0	0	0	1	0	0	2	0	1	4	1	0	4	0	0	1	0	0	35	0	41	0	49
13	0	0	0	0	0	0	0	0	0	2	0	0	1	0	0	0	0	0	1	0	2	0	4
14	0	0	0	1	0	0	0	0	5	2	0	0	0	0	0	0	0	0	0	0	0	0	8
15	0	0	0	0	0	0	0	0	7	0	3	0	0	0	0	0	1	0	0	0	3	0	11
16	27	4	12	34	1	47	16	13	10	39	696	21	48	14	10	38	41	21	79	6	234	17	1177
17	1	0	6	9	2	10	6	2	2	3	74	0	4	4	0	4	4	6	12	1	29	0	150
18	0	0	1	0	0	1	0	0	1	7	5	0	3	0	0	2	0	1	0	0	11	0	21
19	0	0	0	0	0	0	0	0	1	2	0	1	0	0	0	0	0	0	0	0	2	0	4
20	0	0	0	0	0	0	0	0	0	0	0	0	0	0	2	0	0	0	0	0	2	0	2
21	0	1	1	0	0	0	0	1	0	0	0	0	0	0	0	0	0	0	0	0	1	0	3
22	71	18	77	64	26	93	5	36	2	58	23	46	64	44	0	36	44	64	8	10	18	2	789
23	25	0	15	13	8	27	1	9	1	10	3	12	19	9	0	16	17	16	1	1	0	0	203
24	2	1	3	5	2	5	1	1	1	1	1	1	3	5	0	0	1	1	0	1	1	0	35
25	0	0	1	0	0	1	1	0	1	0	0	0	0	0	0	0	2	0	1	2	0	0	9
27	0	0	0	1	0	0	0	0	0	0	0	0	0	0	0	0	0	0	0	0	0	0	1
28	0	0	0	2	1	0	0	0	2	0	2	2	1	0	0	0	0	0	0	0	4	0	10
29	0	0	0	1	0	1	0	0	0	0	0	0	1	0	2	1	0	0	0	0	0	2	6
30	0	0	0	0	0	0	0	0	0	1	0	0	0	0	0	0	0	0	0	0	1	0	1
31	0	0	0	0	0	0	0	0	0	0	0	1	0	0	0	0	0	0	0	0	0	0	1
32	0	0	1	0	0	0	0	0	1	1	0	1	0	0	0	0	1	1	8	0	0	1	14
33	0	0	0	0	0	1	0	1	0	0	0	1	0	0	0	0	0	0	1	0	0	0	4
34	0	0	0	0	0	0	1	0	0	0	0	0	0	0	0	1	0	0	0	0	0	0	2
36	0	0	0	0	0	0	0	0	0	1	0	0	0	0	0	0	0	0	0	0	0	0	1
38	30	0	24	15	5	13	0	30	1	27	11	9	22	4	0	10	10	16	0	2	1	0	229
39	6	0	5	8	0	3	0	5	0	2	1	4	3	1	0	4	1	3	0	1	0	1	47
40	0	3	1	0	0	0	0	0	0	1	0	0	1	1	0	0	0	0	0	0	3	0	7
41	0	0	0	0	0	0	0	0	0	0	0	1	0	0	0	0	0	0	0	0	0	0	1
42	9	0	2	0	1	0	0	0	0	2	4	1	0	0	0	32	0	2	1	0	46	0	54
43	1	0	0	0	2	0	0	1	0	0	0	1	0	0	0	2	0	0	0	0	3	0	7
44	1	0	0	0	0	0	0	0	0	0	0	0	0	0	0	0	0	0	0	0	1	0	1
45	0	0	0	0	0	0	0	0	0	1	0	0	0	0	0	0	1	0	0	0	1	0	2
47	0	0	0	0	0	0	0	0	0	0	0	0	0	0	0	1	0	0	0	0	0	0	1
48	0	0	1	0	0	0	0	0	1	0	0	0	0	0	0	0	0	0	0	0	1	0	2
51	0	0	0	0	0	0	0	1	0	2	0	0	2	0	0	0	0	0	0	0	1	0	5
52	0	0	0	0	0	0	1	0	0	0	0	0	0	0	0	0	0	0	0	0	0	0	1
53	1	0	1	1	0	0	0	0	0	0	0	0	1	0	0	0	0	0	0	1	0	0	5
54	0	0	1	0	0	0	0	0	0	3	0	0	0	0	0	0	0	0	0	0	0	0	4
56	0	0	0	1	0	0	1	0	1	0	0	0	0	0	0	0	0	0	0	0	1	1	3
58	0	0	0	0	0	0	0	0	0	0	1	0	1	0	0	0	0	0	0	0	1	0	2
59	0	0	0	0	0	0	0	0	0	0	1	5	0	0	0	0	0	0	0	0	0	0	6
62	1	0	0	0	0	0	1	0	0	0	0	0	0	0	0	0	0	0	0	0	1	0	2
64	1	0	0	0	0	0	0	0	0	1	0	0	0	0	0	2	0	0	0	0	2	0	4
66	0	0	0	0	0	0	0	0	0	0	0	0	0	0	0	0	0	1	0	0	0	0	1
68	0	0	0	0	0	0	0	0	0	0	0	0	0	1	0	0	0	0	0	0	0	0	1
69	0	0	0	0	0	0	0	0	0	0	0	0	0	0	1	0	0	0	0	0	0	0	1
70	0	0	0	0	0	0	0	0	0	0	0	1	0	0	1	0	0	0	0	0	0	1	2
72	0	0	0	0	0	1	0	0	0	0	0	0	0	0	0	0	0	0	0	0	0	0	1
73	0	0	0	0	0	0	0	1	0	0	0	0	0	0	0	0	0	0	0	0	0	0	1
74	0	0	0	0	0	2	0	0	0	0	0	0	0	0	0	1	0	0	0	0	3	0	3
75	0	0	0	0	0	0	0	0	0	0	0	0	0	0	0	0	0	0	0	2	0	0	2
77	0	0	0	0	0	0	0	0	1	0	0	0	0	0	0	0	0	0	0	0	0	0	1
78	0	0	0	0	0	0	0	0	0	0	0	1	0	0	0	1	0	0	0	0	0	0	2
80	0	0	0	0	0	1	1	0	0	0	0	0	1	0	0	2	1	0	0	0	0	0	6
81	0	0	0	0	1	0	0	0	0	0	0	0	1	0	0	0	0	0	0	0	0	0	2
82	0	0	0	0	0	0	0	0	0	1	0	0	0	0	0	0	0	0	0	0	0	0	1
84	0	0	0	1	0	0	0	0	0	1	0	0	0	0	0	0	0	0	0	0	0	0	2
85	0	0	0	1	0	0	0	0	0	1	0	0	0	0	1	1	0	0	0	0	1	0	4
86	0	0	1	0	0	0	0	0	0	0	0	0	0	0	0	0	0	0	0	0	0	0	1
92	0	0	0	0	0	0	0	0	0	0	0	0	0	0	0	0	0	0	1	0	0	0	1
95	0	0	1	0	0	0	0	0	0	0	0	0	0	0	0	0	0	0	0	0	0	0	1
96	0	0	0	0	0	0	0	0	0	0	1	0	0	0	0	0	0	0	0	0	1	0	1
97	0	0	0	0	0	0	0	0	0	0	0	0	0	0	1	0	0	0	0	0	0	1	1
99	1	0	0	0	0	0	0	0	0	0	0	0	0	0	0	0	0	0	0	0	1	0	1
102	0	0	0	1	0	0	0	0	0	0	0	0	0	0	0	0	0	0	0	0	0	0	1
103	0	0	0	0	0	0	0	0	0	0	0	0	0	0	0	0	1	0	0	0	0	0	1
109	0	0	0	0	0	0	0	0	0	0	0	0	0	0	0	1	0	1	0	0	1	0	2
110	0	0	1	0	0	0	0	0	0	0	0	0	0	0	0	0	0	0	0	0	0	0	1
111	0	0	0	0	1	0	0	0	0	0	0	0	0	0	0	0	0	0	0	0	0	0	1
114	1	0	1	0	0	0	0	1	0	0	0	0	0	0	0	0	0	0	0	0	0	1	3
115	0	0	0	0	0	0	0	0	0	0	0	0	0	0	0	0	0	0	1	0	1	0	1
116	0	0	0	0	0	0	0	0	0	0	0	0	0	0	0	0	0	1	0	0	1	0	1
117	1	0	0	0	0	0	0	0	0	0	0	0	0	0	0	0	0	0	0	0	0	0	1
119	0	0	0	0	0	0	0	0	0	0	0	0	0	0	1	0	0	0	0	0	0	1	1
120	0	0	0	0	0	0	0	0	0	1	0	0	0	0	0	0	0	0	0	0	0	0	1
123	2	0	0	0	0	0	0	0	0	0	0	0	0	0	0	0	0	0	0	0	2	0	2
127	0	0	0	0	0	0	0	0	0	1	0	0	0	0	0	0	0	0	0	0	0	0	1
128	5	0	0	1	3	0	0	1	0	2	0	1	2	0	0	0	0	2	0	0	4	0	17
129	1	0	0	14	0	0	0	0	0	0	0	1	0	0	0	7	0	0	0	0	0	14	23
130	0	0	0	2	0	1	0	0	0	0	0	0	0	0	0	1	0	0	0	0	0	2	4
133	0	0	0	0	0	0	0	0	0	0	0	0	0	1	0	0	0	0	0	0	1	0	1
144	2	0	0	0	0	0	0	0	0	0	0	0	0	0	0	0	0	0	0	0	0	0	2
147	0	0	1	0	0	0	0	0	0	0	0	2	0	0	0	0	0	0	0	0	2	0	3
148	0	0	0	0	0	0	0	0	0	0	0	0	0	0	1	0	0	0	0	0	1	0	1
150	0	0	0	0	0	0	0	1	0	0	0	0	0	0	0	0	0	0	0	0	1	0	1
151	0	0	0	2	0	0	0	0	0	0	0	0	0	0	0	4	0	0	0	0	0	0	6
152	8	72	1	5	0	3	1	1	2	4	2	1	3	0	0	8	1	5	0	0	27	2	117
153	1	7	0	2	0	0	0	0	1	2	1	0	1	0	0	2	0	0	0	0	5	1	17
156	12	0	0	2	0	7	1	2	5	5	4	0	0	0	0	6	1	7	0	0	13	5	52
157	1	0	0	0	0	0	0	0	0	2	0	0	0	0	0	0	0	0	0	0	1	0	3
167	2	0	0	3	0	2	0	0	0	1	0	0	0	0	0	0	0	0	0	0	0	3	8
169	0	0	0	0	0	1	0	0	0	0	0	0	0	0	0	0	0	0	0	0	0	0	1
172	0	0	2	0	0	0	0	0	0	0	0	1	0	0	0	0	0	0	0	0	0	0	3
173	0	0	1	1	0	0	0	0	0	0	0	1	0	0	0	0	0	0	0	0	1	0	3
174	0	0	0	0	0	0	0	0	1	0	1	0	0	0	0	0	0	0	0	0	0	0	2
176	0	0	0	0	0	1	0	0	0	0	0	0	0	0	0	0	0	0	0	0	0	0	1
178	0	0	0	0	0	0	0	0	0	0	0	0	0	0	0	0	0	1	0	0	0	0	1
181	0	0	0	0	0	0	0	2	0	0	0	0	0	0	0	0	0	0	0	0	2	0	2
182	0	0	0	0	0	0	0	0	0	2	0	0	0	0	0	0	0	0	0	0	2	0	2
184	1	0	0	0	0	0	0	0	1	0	0	0	0	0	0	0	0	0	0	0	1	0	2
187	0	0	0	0	0	0	0	0	0	0	0	0	0	0	0	0	1	0	0	0	1	0	1
188	0	0	1	0	0	0	0	0	3	1	0	0	0	0	0	0	0	0	0	0	1	0	5
189	1	0	1	0	0	0	0	0	3	0	0	0	0	0	0	0	0	0	0	0	0	0	5
190	0	0	0	0	0	0	0	0	0	1	0	0	0	0	0	0	0	0	0	0	0	0	1
191	0	0	0	0	0	1	0	0	0	0	0	0	0	0	0	0	0	0	0	0	0	0	1
194	0	0	0	0	0	0	0	0	2	0	0	0	0	0	0	0	0	0	0	0	0	2	2
195	0	0	0	0	0	0	0	0	1	0	0	0	0	0	0	0	0	0	0	0	0	0	1
