 	A	C	D	E	F	G	H	I	K	L	M	N	P	Q	R	S	T	V	W	Y	Nterm	Cterm	Sum
-127	0	0	0	0	0	0	0	0	0	0	0	0	0	0	0	0	0	0	1	0	0	0	1
-112	0	0	0	0	0	0	0	0	0	0	0	0	0	0	0	0	0	0	1	0	0	0	1
-109	0	0	0	0	0	0	0	0	0	0	0	0	0	0	0	0	0	0	1	0	0	0	1
-108	0	0	0	0	0	0	0	0	0	0	0	0	0	0	0	0	0	0	2	0	0	0	2
-107	0	0	0	0	0	0	0	0	0	0	0	0	0	0	0	0	0	0	1	0	0	0	1
-106	0	0	0	0	0	0	0	0	0	0	0	0	0	0	0	0	0	0	1	0	0	0	1
-103	0	0	0	0	0	0	0	0	0	0	0	0	0	0	0	0	0	0	0	1	0	0	1
-102	0	0	0	0	0	0	0	0	0	0	0	0	0	0	0	0	0	0	0	3	0	0	3
-99	0	0	0	0	0	0	0	0	0	0	0	0	0	0	1	0	0	0	0	0	0	0	1
-98	0	0	0	0	0	0	0	0	0	0	0	0	0	0	1	0	0	0	0	0	0	0	1
-97	0	2	0	0	0	0	0	0	0	0	0	0	0	0	0	0	0	0	0	0	0	0	2
-95	0	0	0	0	0	0	0	0	0	0	0	0	0	0	0	0	0	0	0	1	0	0	1
-93	0	1	0	0	0	0	0	0	0	0	0	0	0	0	1	0	0	0	0	0	0	1	2
-92	0	0	0	0	0	0	0	0	0	0	0	0	0	0	2	0	0	0	0	0	0	0	2
-91	0	0	0	0	0	0	0	0	0	0	0	0	0	0	1	0	0	0	0	1	1	1	2
-90	0	1	0	0	1	0	0	0	0	0	0	0	0	0	0	0	0	0	0	0	0	0	2
-89	0	0	0	0	0	0	0	0	0	0	0	0	0	0	3	0	0	0	0	0	0	1	3
-86	0	0	0	0	1	0	0	0	0	0	0	0	0	0	4	0	0	0	0	0	0	4	5
-82	0	0	0	0	0	0	0	0	0	0	0	0	0	0	1	0	0	0	0	0	0	0	1
-81	0	0	0	0	0	0	0	0	0	0	0	0	0	0	2	0	0	0	1	0	0	1	3
-80	0	0	0	0	0	0	0	0	0	0	0	0	0	0	3	0	0	0	0	1	0	0	4
-79	0	0	0	0	0	0	0	0	0	0	0	0	0	0	1	0	0	0	0	0	0	0	1
-76	0	0	0	0	1	0	0	0	0	0	0	0	0	0	1	0	0	0	0	0	0	0	2
-75	0	0	0	0	0	0	0	0	0	0	0	0	0	0	1	0	0	0	0	1	1	1	2
-74	0	1	0	0	0	0	0	0	0	0	0	0	0	0	7	0	0	0	1	0	0	0	9
-73	0	0	0	0	2	0	0	0	0	0	2	0	0	0	0	0	0	0	0	1	0	0	5
-72	0	0	0	1	0	0	0	0	0	0	0	0	0	0	1	0	0	0	0	0	1	0	2
-71	0	0	0	1	0	0	0	0	0	0	0	0	0	0	0	0	0	0	0	0	0	0	1
-70	0	0	0	0	0	0	1	0	0	0	0	0	0	0	0	0	0	0	0	0	0	0	1
-68	0	0	0	1	2	0	0	0	0	0	0	0	0	0	0	0	0	0	0	0	0	0	3
-67	0	0	0	1	1	0	0	0	0	0	0	0	0	0	1	0	0	0	0	0	0	0	3
-66	0	0	0	0	1	0	0	0	0	0	0	0	0	0	0	0	0	0	0	0	0	0	1
-65	0	0	0	0	0	0	0	0	0	0	0	0	0	0	1	0	0	0	0	1	0	0	2
-63	0	0	0	0	1	0	0	0	0	0	0	0	0	1	0	0	0	0	0	2	0	0	4
-61	0	0	0	0	0	0	4	0	1	0	0	0	0	0	1	0	0	0	0	0	0	0	6
-60	0	0	0	0	0	0	0	0	1	0	0	0	0	0	0	0	0	0	0	0	0	0	1
-59	0	0	0	0	0	0	0	0	0	0	0	0	0	2	0	0	0	0	0	0	0	0	2
-58	0	0	0	0	0	0	0	0	1	0	0	0	0	0	0	0	0	0	0	0	0	0	1
-57	0	0	1	0	2	0	0	0	2	0	0	1	0	1	1	0	0	0	0	0	0	0	8
-56	0	0	0	1	0	0	0	0	0	1	0	0	0	0	1	0	0	0	0	0	0	0	3
-55	0	0	0	0	0	0	0	0	0	1	0	0	0	1	0	0	0	0	0	0	0	0	2
-54	0	0	0	0	1	0	0	0	0	1	0	1	0	0	1	0	0	0	0	0	0	0	4
-53	0	0	0	0	0	0	1	0	0	1	0	0	0	0	0	0	0	0	0	0	1	0	2
-52	0	0	2	1	0	0	0	1	1	1	0	0	0	0	0	0	0	0	0	0	0	0	6
-51	0	0	0	3	0	0	0	0	0	3	1	0	0	0	0	0	0	0	0	1	1	0	8
-50	0	0	0	0	3	0	0	2	1	0	0	0	0	0	0	0	0	0	1	0	2	0	7
-49	0	0	1	0	0	0	0	0	0	1	0	0	0	0	0	0	0	0	0	0	1	0	2
-48	0	0	3	0	1	0	2	1	0	3	20	0	0	0	1	0	0	0	0	1	9	0	32
-47	0	0	0	0	1	0	0	1	1	0	0	0	0	0	0	0	0	0	0	0	0	1	3
-46	0	0	1	0	0	0	0	0	1	0	0	0	0	0	1	0	0	0	0	1	1	0	4
-45	0	0	2	1	0	0	1	1	0	2	0	0	0	0	0	0	0	0	0	0	4	0	7
-43	0	0	0	0	0	0	0	0	1	2	1	0	0	0	1	0	0	0	0	1	0	0	6
-42	0	0	1	1	0	0	0	0	0	2	0	1	0	0	0	0	0	0	0	0	1	0	5
-41	0	0	1	0	0	0	0	1	0	1	0	0	0	0	0	0	0	0	0	0	0	0	3
-40	0	0	0	0	0	0	0	2	0	0	0	1	0	2	0	0	0	2	0	0	0	0	7
-39	0	0	0	0	0	0	1	0	0	0	0	0	0	1	6	0	0	0	0	0	0	6	8
-38	0	0	1	0	0	0	0	0	0	1	0	0	1	1	0	0	0	0	0	0	0	0	4
-37	0	0	0	1	0	0	0	0	0	0	0	0	1	0	0	0	0	0	0	0	0	0	2
-36	0	0	0	0	0	0	0	1	0	0	0	0	0	0	0	0	3	0	0	0	0	0	4
-35	0	0	1	1	0	0	1	0	0	0	0	0	1	0	0	0	1	0	0	0	1	0	5
-34	0	0	0	0	2	0	0	0	0	0	0	1	0	0	0	0	2	0	0	0	1	0	5
-33	0	0	0	0	0	0	0	2	1	0	0	1	1	0	0	0	2	1	0	0	1	0	8
-32	0	0	0	0	0	0	0	0	1	0	0	0	0	0	0	0	0	0	0	0	0	0	1
-31	0	1	0	0	2	0	0	1	0	0	0	0	0	0	0	0	0	1	0	0	1	0	5
-30	0	0	0	2	1	0	0	0	2	0	0	0	0	1	0	0	0	0	0	0	0	1	6
-29	0	0	0	3	0	0	0	0	2	1	0	0	0	0	0	1	0	1	0	0	0	0	8
-28	0	0	0	0	1	0	0	0	0	0	0	0	0	1	2	0	0	0	0	0	0	1	4
-27	0	0	0	0	0	0	2	2	0	1	0	0	1	0	0	0	1	1	0	0	1	0	8
-26	0	0	0	0	0	0	1	0	0	1	0	0	0	0	0	0	0	0	0	0	1	0	2
-25	0	0	0	0	0	0	0	0	0	0	0	0	0	1	0	1	0	0	0	0	0	0	2
-24	0	0	0	0	0	0	0	0	0	0	0	0	0	3	0	0	0	1	0	0	2	0	4
-23	0	0	1	0	0	0	0	1	0	3	0	0	1	0	1	2	0	2	0	0	1	0	11
-22	0	0	0	0	0	0	0	0	0	0	1	0	3	0	0	0	2	0	0	1	1	0	7
-21	0	0	0	0	0	0	0	1	0	0	0	0	0	0	0	0	1	0	0	0	0	0	2
-20	0	0	0	0	1	0	0	1	0	1	0	0	0	1	0	0	1	0	0	0	1	0	5
-19	0	0	0	0	0	0	0	0	1	0	0	0	0	9	1	0	3	3	0	0	10	0	17
-18	0	2	24	32	5	0	4	7	5	9	2	3	3	17	4	16	44	12	1	1	51	8	191
-17	0	46	13	17	8	0	12	16	23	21	4	44	13	185	3	8	20	7	20	2	247	4	462
-16	0	18	3	8	0	0	2	2	5	6	1	6	6	17	0	5	7	2	0	2	39	0	90
-15	0	5	2	0	1	0	2	6	1	0	0	4	1	5	0	4	3	3	1	1	11	0	39
-14	1	1	0	3	0	0	0	3	2	1	0	2	0	3	0	1	0	0	1	0	1	0	18
-13	0	0	0	0	0	0	0	1	0	2	0	0	0	1	0	0	1	0	0	0	1	0	5
-12	1	1	1	0	0	0	0	1	1	2	0	1	1	1	0	0	0	0	0	0	2	0	10
-11	2	0	0	0	0	0	0	2	1	0	0	0	1	0	0	2	0	0	0	1	2	0	9
-10	1	0	0	0	0	0	0	0	0	1	0	1	0	0	0	3	0	0	0	0	1	0	6
-9	2	1	1	0	0	0	0	0	0	2	1	0	0	0	0	0	0	0	0	1	1	0	8
-8	1	0	0	2	0	0	0	0	0	0	0	0	0	0	0	0	0	0	0	0	0	0	3
-7	5	0	0	0	0	0	0	1	0	2	2	1	0	0	1	0	0	1	0	0	3	0	13
-6	0	0	0	0	0	0	0	0	0	0	0	0	0	0	0	1	0	0	0	1	0	0	2
-5	1	0	0	0	1	0	0	0	2	0	0	0	0	0	0	0	0	0	0	0	0	0	4
-4	0	0	0	2	0	0	0	1	0	0	2	0	0	1	0	0	0	2	0	0	3	0	8
-3	3	2	0	1	0	0	2	0	5	2	0	0	1	1	1	1	2	0	0	0	3	4	21
-2	32	6	12	14	8	0	3	25	17	41	11	13	4	19	12	18	19	32	1	7	147	18	294
-1	55	7	8	48	15	0	11	36	32	58	30	20	10	28	10	26	29	40	0	11	284	22	474
1	603	45	215	349	158	383	213	441	272	503	97	285	313	318	116	292	329	538	49	125	1351	184	5644
2	91	13	34	51	32	83	30	87	45	92	18	54	64	63	16	60	50	86	7	25	218	29	1001
3	24	5	4	6	7	9	5	34	5	15	6	4	7	16	3	14	4	11	1	6	40	3	186
4	0	1	0	3	1	1	0	2	0	0	0	0	1	0	0	1	0	4	0	0	1	0	14
5	1	0	0	1	0	0	0	0	0	0	0	1	1	2	0	0	1	0	0	0	2	0	7
6	0	0	0	0	0	0	0	0	0	1	0	0	0	0	0	0	0	1	0	0	0	0	2
7	0	0	0	0	0	0	0	0	1	0	1	0	1	0	0	0	0	0	0	0	0	0	3
8	0	0	0	0	0	1	0	0	0	0	1	0	0	0	0	0	0	0	0	0	0	0	2
9	1	0	0	0	0	0	0	0	0	1	0	0	0	0	0	0	0	0	0	0	0	0	2
10	0	0	0	0	0	0	0	0	1	2	0	0	0	0	0	1	0	0	0	0	0	1	4
11	0	0	0	0	0	0	0	0	0	0	0	1	0	0	0	0	0	0	0	0	0	0	1
12	0	0	0	2	3	0	0	0	0	0	0	0	1	0	1	0	0	0	5	0	6	1	12
13	0	0	0	0	0	0	0	0	0	1	0	0	0	0	1	0	0	0	0	0	0	0	2
14	23	1	6	15	2	7	0	5	43	21	3	2	12	4	0	2	2	2	8	105	45	3	263
15	6	0	0	1	1	3	0	6	2	7	8	3	2	1	0	1	2	3	4	19	23	0	69
16	177	16	88	113	35	214	43	52	36	103	2400	66	216	107	24	64	97	121	39	26	791	32	4037
17	78	5	45	51	17	68	16	33	5	30	357	24	66	29	5	43	40	38	7	15	167	5	972
18	9	1	4	6	2	14	3	2	0	14	55	8	11	3	1	8	5	8	2	3	38	1	159
19	0	0	0	1	0	2	1	0	0	2	9	0	2	0	0	2	0	0	0	0	6	0	19
20	0	0	1	0	0	0	0	1	0	0	2	2	0	0	0	0	0	0	0	0	3	0	6
21	1	0	1	0	0	0	1	0	0	0	1	0	0	0	0	0	1	0	0	0	1	0	5
22	35	5	67	33	4	31	2	11	0	32	7	25	36	7	1	17	11	32	0	6	22	0	362
23	15	0	7	9	3	11	0	4	2	5	1	8	3	2	0	8	7	11	0	1	3	0	97
24	9	0	15	13	3	8	0	2	1	3	2	1	5	2	0	5	3	3	0	1	1	0	76
25	1	1	4	0	1	2	0	0	1	1	0	0	1	0	0	0	0	1	0	0	1	0	13
26	0	0	0	0	0	0	0	0	2	0	0	0	0	0	0	0	0	0	0	0	2	0	2
27	0	0	1	1	0	0	0	0	0	0	2	0	0	0	0	0	0	0	0	0	0	0	4
28	5	0	1	14	1	0	0	4	22	0	4	0	3	0	0	1	0	0	0	0	10	0	55
29	2	0	0	1	0	0	0	0	1	1	0	0	0	0	0	0	0	0	0	0	2	0	5
30	0	0	0	3	1	0	0	0	0	0	1	0	0	0	1	0	0	3	0	0	4	0	9
31	0	0	0	0	0	0	0	1	1	1	0	1	0	0	1	0	0	0	0	1	1	0	6
32	7	2	6	5	1	7	0	3	0	4	25	7	9	2	0	2	3	6	43	19	15	0	151
33	0	0	0	0	0	5	0	4	1	1	10	1	1	1	0	2	0	1	5	1	8	0	33
34	2	1	0	0	0	1	5	0	0	1	1	1	0	0	0	0	1	0	1	0	2	0	14
35	0	0	0	0	0	0	0	0	0	0	0	0	0	0	0	0	0	1	0	0	0	0	1
37	0	0	0	0	0	0	0	0	0	0	0	0	0	0	1	0	0	0	0	0	0	0	1
38	23	6	26	20	5	17	1	13	3	18	2	11	21	9	1	21	10	18	2	3	3	1	230
39	5	0	3	10	3	4	0	6	0	4	0	0	9	8	0	1	6	1	0	2	2	0	62
40	1	0	1	1	0	1	0	1	0	0	0	0	0	0	2	3	0	1	0	0	3	0	11
41	0	0	0	1	0	0	0	0	0	0	0	0	0	0	2	0	1	0	0	0	1	0	4
42	8	0	1	1	1	0	0	2	0	0	5	2	0	3	0	50	8	1	0	0	70	0	82
43	2	0	0	1	0	0	0	1	1	0	1	1	0	0	0	3	1	0	0	0	7	0	11
44	2	0	0	1	0	1	0	0	0	1	2	0	1	1	0	1	0	0	0	0	6	0	10
45	1	0	0	1	0	0	0	0	0	0	0	0	0	0	1	0	1	0	0	0	1	0	4
46	0	0	0	0	0	0	1	0	0	0	0	0	0	0	0	0	0	0	0	0	0	0	1
47	0	0	0	0	1	0	0	0	0	0	0	0	0	0	0	0	0	0	0	0	0	0	1
48	0	0	0	0	0	0	0	0	0	0	0	0	0	0	0	0	0	1	0	0	1	0	1
49	0	0	1	0	0	0	0	2	0	0	0	0	0	0	0	0	0	0	0	0	1	0	3
51	0	0	2	0	0	0	0	0	0	0	0	1	0	0	0	0	0	0	0	0	0	0	3
52	0	0	0	1	0	1	0	1	0	0	0	0	1	0	0	0	0	0	1	0	2	0	5
53	5	0	4	4	0	4	0	1	0	1	0	0	0	0	0	3	0	2	0	1	0	0	25
54	1	0	0	0	1	4	1	1	0	1	1	0	0	0	0	1	0	0	0	0	1	0	11
55	0	0	0	2	0	0	0	1	0	0	1	0	0	0	1	0	0	1	0	0	3	0	6
56	0	0	0	2	0	0	0	0	0	0	1	0	0	0	0	0	0	0	0	0	2	0	3
57	8	0	0	1	0	7	3	0	0	3	3	0	0	2	0	2	6	7	0	0	37	0	42
58	2	0	0	0	1	4	0	0	1	0	2	2	1	1	0	4	0	2	0	0	15	0	20
59	0	1	1	0	1	0	0	0	0	0	0	0	0	0	0	1	0	1	0	0	1	0	5
60	0	0	0	0	0	0	1	0	0	0	1	0	0	0	1	0	0	0	0	0	1	0	3
61	0	0	0	1	0	0	0	0	0	3	0	0	0	1	1	0	0	0	0	1	0	0	7
62	4	0	0	0	0	0	0	0	0	0	0	0	0	0	0	0	0	0	0	5	0	0	9
63	0	0	0	1	0	0	0	0	0	1	0	0	0	0	0	0	0	0	0	0	0	0	2
64	3	0	0	0	0	0	0	1	0	1	0	0	0	0	0	3	0	0	0	2	2	0	10
65	0	0	0	0	0	0	0	0	0	0	0	0	0	0	1	0	0	0	0	0	0	0	1
66	0	0	0	0	0	0	0	0	0	0	0	0	0	1	0	0	0	0	0	0	0	0	1
67	0	0	0	0	0	0	0	0	0	0	0	0	0	0	0	1	0	0	0	0	0	0	1
68	0	0	0	0	0	0	0	0	1	0	0	0	0	1	0	0	0	0	0	0	0	1	2
69	0	0	0	2	0	1	0	0	0	0	0	0	0	0	1	0	0	1	0	1	2	1	6
70	0	0	0	0	0	2	0	0	0	0	0	0	1	0	0	1	0	1	1	0	1	0	6
72	0	0	0	0	1	1	0	0	0	0	1	0	0	0	0	0	0	0	0	0	0	0	3
73	1	0	0	0	0	1	0	0	0	0	0	0	1	0	0	0	0	0	0	0	1	0	3
74	0	0	0	0	0	0	0	0	0	2	0	0	0	0	0	0	0	0	0	0	0	0	2
75	0	0	0	0	0	0	0	0	0	0	0	0	0	0	0	0	0	1	0	1	0	0	2
76	1	0	0	0	0	0	0	0	0	0	0	0	0	0	0	0	0	1	0	0	1	0	2
77	0	0	0	0	0	0	0	1	0	0	0	0	0	0	0	0	0	0	0	0	0	0	1
78	2	0	0	0	0	1	0	0	0	0	0	0	0	0	0	0	0	0	0	0	0	0	3
79	0	0	0	0	1	0	0	0	0	0	0	0	0	0	1	0	0	0	0	1	2	0	3
80	0	0	1	0	0	0	0	0	0	0	0	0	0	0	0	0	0	0	0	0	0	0	1
81	0	0	0	0	0	0	0	0	3	0	0	0	0	0	0	0	0	0	0	0	3	0	3
82	0	0	0	0	0	0	0	0	0	2	0	0	0	0	0	0	0	0	0	0	2	0	2
83	0	0	2	0	0	0	0	0	0	1	0	0	0	0	0	1	1	1	0	0	1	0	6
85	0	0	0	0	0	0	0	0	0	0	0	0	0	1	0	0	0	0	0	0	0	0	1
86	1	0	0	0	0	0	0	0	0	1	0	0	0	0	1	1	0	0	0	0	0	1	4
88	0	0	1	0	0	0	0	0	0	0	0	0	1	0	0	0	0	0	0	0	1	0	2
89	1	0	0	1	0	0	0	0	1	0	0	0	0	1	0	0	0	0	0	0	0	0	4
90	1	0	0	0	0	0	0	0	0	0	0	0	0	0	0	0	0	0	0	0	1	0	1
91	0	0	0	0	1	0	0	0	0	0	0	0	0	0	0	0	0	0	0	0	0	0	1
92	0	0	0	0	0	0	0	0	0	1	0	0	0	0	0	0	0	0	0	0	0	0	1
93	0	0	0	0	0	0	0	0	0	1	0	0	0	0	0	0	0	0	0	0	0	0	1
94	0	0	0	0	1	0	0	1	0	0	0	0	0	0	0	0	0	1	0	0	0	0	3
96	0	0	0	0	0	0	0	0	0	3	0	0	0	0	0	0	0	1	0	0	3	0	4
97	1	0	0	0	0	0	0	0	0	0	0	0	0	0	0	0	1	0	0	0	0	0	2
100	1	0	0	0	0	0	0	0	2	0	2	0	0	0	0	0	0	0	0	0	2	0	5
101	0	0	0	0	0	0	0	0	0	0	0	0	0	0	1	0	0	2	0	0	1	0	3
103	0	0	0	1	0	0	0	0	0	0	0	0	0	0	0	0	0	0	0	0	0	0	1
104	0	0	0	0	0	0	0	0	0	0	0	1	0	0	0	0	0	0	0	0	0	0	1
105	0	0	0	0	0	0	0	0	0	0	0	0	0	0	0	0	0	1	0	0	1	0	1
106	1	0	0	0	0	0	0	0	0	0	0	0	1	0	0	0	0	0	0	0	0	0	2
108	0	0	0	0	0	0	0	0	0	0	0	0	0	0	0	1	0	0	0	0	0	0	1
110	0	0	1	0	0	0	0	0	0	0	0	0	0	0	0	1	0	0	0	0	1	0	2
111	0	0	0	0	0	0	0	0	0	0	1	0	0	0	2	1	0	0	0	0	1	0	4
112	0	0	0	0	0	0	0	0	0	0	0	0	0	0	0	0	1	0	0	0	0	0	1
113	0	0	0	0	0	0	0	0	0	0	1	0	0	0	0	0	0	0	0	0	1	0	1
114	0	0	0	0	0	0	0	0	0	0	0	0	0	0	0	1	0	0	0	0	0	0	1
115	0	0	0	0	0	0	0	0	0	0	0	0	0	0	0	0	0	1	0	0	1	0	1
116	0	0	0	0	0	0	0	0	0	0	0	0	0	1	0	0	0	0	0	0	0	0	1
117	0	0	0	0	0	0	0	1	0	0	0	0	1	0	0	0	0	1	0	0	2	0	3
124	0	0	0	0	0	0	0	1	0	1	1	0	0	0	0	0	1	1	0	1	4	0	6
125	0	0	0	0	1	0	0	2	0	2	0	0	0	0	0	0	1	0	0	0	3	0	6
127	0	0	0	0	0	0	0	0	0	0	0	0	0	0	0	0	0	1	0	0	1	0	1
128	4	0	1	2	3	2	2	0	7	1	0	2	6	0	2	3	0	2	2	0	2	9	39
129	1	1	1	6	0	2	0	1	0	0	0	0	1	0	1	1	0	1	0	1	0	7	17
130	0	0	0	1	0	0	0	0	0	0	0	0	0	0	0	0	0	0	0	0	0	1	1
132	0	0	0	0	0	0	0	1	0	0	0	0	0	0	0	0	0	0	0	0	0	0	1
134	0	0	0	0	0	0	0	0	0	0	0	0	0	0	0	0	0	0	2	0	2	0	2
135	0	0	0	0	0	0	0	0	0	0	0	0	0	0	0	0	0	1	0	0	0	0	1
136	0	0	1	0	0	0	0	0	0	0	0	0	0	0	0	0	0	0	0	0	0	0	1
137	0	0	0	0	0	0	0	0	0	0	0	0	0	0	1	0	0	0	0	0	1	0	1
138	1	0	0	0	0	0	0	0	0	0	0	0	0	0	0	0	0	0	0	0	0	0	1
139	1	0	0	0	0	0	0	1	0	0	0	0	0	0	0	0	0	0	0	0	1	0	2
140	1	0	0	1	0	1	0	2	1	1	2	2	0	0	0	0	0	3	0	0	10	1	14
141	0	0	0	0	0	0	0	0	0	0	0	0	0	0	1	1	0	0	0	0	0	0	2
142	0	0	0	1	0	0	0	0	0	0	0	0	0	0	0	1	0	1	0	1	1	0	4
143	0	0	0	0	0	0	0	0	0	0	0	0	0	1	0	0	0	0	0	0	1	0	1
144	0	0	1	0	0	0	0	0	1	2	3	0	0	0	0	0	0	1	0	0	1	0	8
145	0	0	0	0	0	0	0	0	0	2	0	0	0	0	0	0	0	0	0	0	2	0	2
146	1	0	0	0	0	0	0	1	0	1	0	0	0	1	0	0	0	0	0	0	0	0	4
147	1	0	0	0	1	0	0	0	0	1	0	1	0	0	0	0	0	0	0	0	2	0	4
148	0	0	0	0	0	0	1	0	0	0	0	0	0	0	0	0	0	0	2	1	2	0	4
152	0	7	0	2	0	0	0	0	0	0	0	1	0	0	0	0	1	0	0	0	1	0	11
153	1	4	0	0	0	1	2	0	1	0	0	0	0	0	0	0	0	0	0	0	3	1	9
154	0	2	2	0	3	0	0	4	2	1	1	0	0	0	0	0	0	4	0	0	13	2	19
155	0	0	0	0	0	0	0	4	0	0	0	0	0	0	0	1	0	0	0	0	4	0	5
156	11	2	3	4	1	1	3	1	11	5	3	1	2	0	0	1	0	1	2	2	12	11	54
157	1	0	0	0	0	0	0	2	0	1	0	0	1	1	0	0	1	0	0	2	4	0	9
158	0	0	0	1	0	1	0	0	0	0	0	0	0	0	0	0	0	0	0	0	0	0	2
159	2	0	0	0	0	0	0	0	0	0	0	0	0	0	0	0	0	1	0	0	1	0	3
160	0	0	0	0	0	1	0	0	0	1	0	0	0	0	0	0	0	0	0	0	0	0	2
161	0	0	0	0	0	0	0	0	0	0	0	0	0	0	0	0	0	0	1	0	1	0	1
162	1	0	0	0	0	0	0	0	0	0	0	0	0	0	0	0	0	0	0	0	0	0	1
164	0	0	0	0	0	0	0	0	1	0	0	0	0	0	0	0	0	0	0	0	0	0	1
167	0	0	0	0	0	1	0	0	0	0	0	1	0	0	0	2	0	0	0	0	0	0	4
169	0	0	0	0	0	0	0	2	0	0	0	0	0	0	0	0	0	1	0	0	2	0	3
171	0	0	0	0	0	0	0	0	0	3	0	0	0	1	0	0	0	0	0	0	1	0	4
172	0	0	1	1	0	0	0	0	0	0	2	1	0	0	0	1	0	1	0	1	2	0	8
173	0	0	0	0	0	0	0	0	1	0	2	0	1	0	0	0	0	0	0	0	1	0	4
174	0	0	0	0	0	0	0	1	1	0	0	0	0	0	0	0	0	0	0	0	1	0	2
175	0	0	0	0	0	0	0	1	0	0	0	0	0	0	0	0	0	0	0	0	0	0	1
176	0	0	0	0	0	0	0	0	0	0	0	0	0	0	1	0	0	0	0	0	1	0	1
177	0	0	0	0	0	0	0	0	1	0	0	0	0	0	0	0	0	0	1	0	0	0	2
179	0	0	0	0	0	0	0	0	0	0	0	0	0	0	0	0	0	1	0	0	0	0	1
180	1	0	0	0	0	0	0	2	0	0	0	0	0	0	0	0	0	0	0	0	2	0	3
181	0	0	0	0	0	0	0	2	1	0	0	0	0	0	0	0	0	2	0	0	4	1	5
183	0	0	0	0	0	0	0	0	1	0	0	0	0	0	0	0	0	0	0	0	0	0	1
184	0	0	0	2	0	0	0	0	0	0	0	0	0	0	0	0	0	0	0	0	0	0	2
187	0	0	0	0	0	0	0	0	0	0	0	0	0	0	0	0	0	0	0	1	0	0	1
188	0	0	0	0	0	1	0	0	0	0	0	1	0	0	0	0	0	0	0	0	2	0	2
190	0	0	0	0	0	0	0	0	0	0	0	0	1	0	0	0	0	1	0	0	0	0	2
193	1	0	0	0	0	1	0	0	0	0	0	0	0	0	0	0	0	0	0	0	2	0	2
195	0	0	0	0	3	0	0	0	0	0	0	0	0	0	0	0	0	0	0	0	3	0	3
196	1	0	0	0	0	0	0	0	0	0	0	0	0	0	0	2	0	0	0	0	0	0	3
198	0	0	0	0	0	0	0	1	0	0	0	0	0	0	0	0	0	0	0	0	0	1	1
199	0	0	0	0	0	0	0	0	0	0	0	0	0	1	0	0	0	0	0	0	0	0	1
