 	A	C	D	E	F	G	H	I	K	L	M	N	P	Q	R	S	T	V	W	Y	Nterm	Cterm	Sum
-117	0	0	0	0	0	0	0	0	0	0	0	0	0	0	0	0	0	0	2	0	0	0	2
-114	0	0	0	0	0	0	0	0	0	0	0	0	0	0	0	0	0	0	1	0	0	0	1
-106	0	0	0	0	0	0	0	0	0	0	0	0	0	0	0	0	0	0	0	1	0	0	1
-104	0	0	0	0	0	0	0	0	0	0	0	0	0	0	0	0	0	0	0	2	0	0	2
-99	0	0	0	0	0	0	0	0	0	0	0	0	0	0	3	0	0	0	0	0	0	0	3
-98	0	0	0	0	0	0	0	0	0	0	0	0	0	0	0	0	0	0	0	2	0	0	2
-95	0	0	0	0	0	0	0	0	0	0	0	0	0	0	0	0	0	0	0	1	0	0	1
-94	0	0	0	0	0	0	0	0	0	0	0	0	0	0	1	0	0	0	0	0	0	0	1
-93	0	0	0	0	0	0	0	0	0	0	0	0	0	0	1	0	0	0	0	2	0	0	3
-92	0	0	0	0	0	0	0	0	0	0	0	0	0	0	0	0	0	0	0	2	2	0	2
-89	0	0	0	0	0	0	0	0	0	0	0	0	0	0	1	0	0	0	0	1	0	0	2
-88	0	0	0	0	1	0	0	0	0	0	0	0	0	0	0	0	0	0	0	0	1	0	1
-87	0	0	0	0	0	0	0	0	0	0	0	0	0	0	1	0	0	0	1	0	0	0	2
-86	0	0	0	0	1	0	0	0	0	0	0	0	0	0	3	0	0	0	0	0	0	3	4
-84	0	0	0	0	0	0	0	0	0	0	0	0	0	0	1	0	0	0	0	0	0	0	1
-83	0	0	0	0	0	0	0	0	0	0	0	0	0	0	1	0	0	0	0	0	0	0	1
-82	0	1	0	0	0	0	0	0	0	0	0	0	0	0	3	0	0	0	0	2	0	0	6
-81	0	0	0	0	1	0	0	0	0	0	0	0	0	0	0	0	0	0	0	0	0	0	1
-80	0	0	0	0	0	0	0	0	0	0	0	0	0	0	2	0	0	0	0	0	0	0	2
-79	0	0	0	0	1	0	0	0	0	0	0	0	0	0	0	0	0	0	1	0	1	0	2
-78	0	0	0	0	0	0	0	0	0	0	0	0	0	0	1	0	0	0	0	0	0	0	1
-77	0	0	0	0	0	0	1	0	0	0	0	0	0	0	0	0	0	0	1	0	1	0	2
-76	0	0	0	0	1	0	0	0	0	0	0	0	0	0	0	0	0	0	0	0	0	0	1
-75	0	0	0	0	0	0	0	0	0	0	0	0	0	0	0	0	0	0	0	1	0	0	1
-74	0	0	0	0	0	0	0	0	0	0	0	0	0	0	4	0	0	0	0	0	0	1	4
-73	0	0	0	0	0	0	0	0	0	0	0	0	0	0	1	0	0	0	0	0	0	0	1
-71	0	0	0	0	0	0	0	0	2	0	0	0	0	1	0	0	0	0	0	0	1	0	3
-70	0	0	0	0	1	0	0	0	0	0	0	0	0	0	0	0	0	0	0	0	0	0	1
-69	0	0	0	2	0	0	0	0	0	0	0	0	0	0	1	0	0	0	0	0	0	0	3
-68	0	0	0	1	0	0	0	0	0	0	0	0	0	1	1	0	0	0	0	0	0	0	3
-65	0	0	0	0	2	0	0	0	0	0	0	0	0	0	0	0	0	0	0	1	0	0	3
-64	0	0	0	0	1	0	0	0	1	0	0	0	0	0	0	0	0	0	0	2	0	0	4
-61	0	0	0	0	0	0	4	0	1	0	0	0	0	0	0	0	0	0	0	0	0	0	5
-60	0	0	0	3	0	0	0	0	0	0	1	0	0	0	0	0	0	0	0	0	0	0	4
-59	0	0	0	2	1	0	0	0	1	0	0	0	0	0	0	0	0	0	0	0	0	0	4
-58	0	0	0	0	0	0	0	0	1	0	0	0	0	1	0	0	0	0	0	0	1	0	2
-57	0	0	0	1	0	0	0	0	4	0	0	0	0	0	3	0	0	0	0	1	1	0	9
-56	0	0	0	0	0	0	0	1	0	0	0	1	0	0	1	0	0	0	0	0	1	0	3
-55	0	0	0	0	0	0	0	0	1	1	1	0	0	0	2	0	0	0	0	0	0	0	5
-54	0	0	0	0	0	0	0	0	0	1	0	0	0	0	0	0	0	0	0	0	0	0	1
-53	0	0	0	0	0	0	0	0	0	1	0	0	0	0	0	0	0	0	0	0	0	0	1
-52	0	0	1	0	0	0	0	0	0	1	0	0	0	0	0	0	0	0	0	0	0	0	2
-51	0	0	0	0	0	0	0	0	0	2	1	0	0	0	1	0	0	0	0	2	1	0	6
-50	0	0	0	0	3	0	0	0	0	1	0	0	0	0	0	0	0	0	0	0	2	0	4
-49	0	0	2	1	0	0	0	0	0	0	2	0	0	0	0	0	0	0	0	0	2	0	5
-48	0	0	1	0	3	0	0	3	0	3	15	0	0	1	1	0	0	0	0	0	5	1	27
-47	0	0	0	1	1	0	0	1	0	0	0	1	0	0	1	0	0	0	0	1	1	0	6
-46	0	0	2	1	0	0	0	0	1	0	0	0	0	0	1	0	0	0	1	0	1	1	6
-45	0	0	3	0	0	0	0	2	1	4	0	1	0	0	0	0	0	0	0	1	3	0	12
-43	0	0	0	1	0	0	0	0	0	3	0	0	0	0	0	0	0	0	0	1	0	0	5
-42	0	0	1	2	0	0	0	0	0	0	0	0	0	1	1	0	1	0	0	0	1	1	6
-41	0	0	0	0	0	0	0	1	1	0	0	0	0	0	0	0	0	1	0	0	1	0	3
-40	0	0	0	0	0	0	0	0	0	0	0	0	0	0	0	0	0	1	0	0	0	0	1
-39	0	0	2	0	1	0	0	0	0	1	1	0	0	1	2	0	1	0	0	0	2	2	9
-38	0	0	0	0	0	0	0	0	0	0	0	0	0	0	0	0	0	1	0	0	0	0	1
-37	0	0	0	1	0	0	1	0	0	1	0	4	0	0	1	0	0	0	0	0	0	0	8
-36	0	1	0	1	0	0	0	0	0	0	0	1	1	0	0	0	1	0	0	0	0	0	5
-35	0	0	1	2	0	0	0	0	0	0	0	1	1	1	1	0	0	0	0	0	0	0	7
-34	0	0	0	0	0	0	1	0	0	0	0	1	0	1	0	0	1	1	0	0	2	0	5
-33	0	1	0	0	0	0	0	0	0	1	0	0	0	0	0	0	0	0	0	0	0	0	2
-32	0	0	0	0	0	0	0	0	1	1	0	2	0	0	1	0	2	0	0	0	1	0	7
-31	0	0	0	0	0	0	0	1	0	0	0	0	0	1	0	0	0	1	0	0	1	0	3
-30	0	0	0	0	0	0	0	0	0	1	0	0	0	0	0	0	0	0	0	0	0	0	1
-29	0	0	0	2	0	0	0	0	3	1	0	0	0	0	2	0	0	0	0	0	1	0	8
-28	0	0	0	0	0	0	0	0	0	0	0	0	0	0	2	0	0	0	0	1	1	0	3
-27	0	0	0	0	0	0	0	0	0	0	0	0	1	0	2	0	1	0	0	0	1	0	4
-26	0	1	0	0	0	0	0	1	0	0	0	0	0	0	0	0	1	0	0	0	0	0	3
-25	0	0	1	1	0	0	1	0	0	2	0	0	0	2	0	0	0	0	0	0	2	0	7
-24	0	0	0	0	0	0	0	0	0	0	0	0	1	1	0	0	1	0	0	0	3	0	3
-23	0	0	0	0	0	0	0	0	0	0	0	1	0	0	1	0	0	0	0	1	0	1	3
-22	0	0	0	0	0	0	0	0	0	0	2	0	1	1	1	1	1	0	0	0	0	1	7
-21	0	0	0	0	1	0	1	1	0	0	0	1	2	0	0	1	0	0	0	1	0	0	8
-20	0	0	0	0	0	0	0	2	1	0	0	0	0	0	0	2	0	0	0	0	0	0	5
-19	0	0	1	0	1	0	0	0	0	0	0	1	0	5	0	0	4	1	0	1	5	0	14
-18	0	0	17	37	3	0	5	3	3	7	4	2	3	17	3	15	40	6	0	0	58	4	165
-17	0	49	15	14	8	0	17	9	22	27	6	48	8	150	4	11	23	11	18	1	218	1	441
-16	0	11	2	8	2	0	2	2	2	10	1	7	1	13	3	9	5	4	1	6	29	0	89
-15	0	2	1	0	0	0	1	2	2	2	0	4	1	11	0	1	4	2	1	1	12	0	35
-14	4	0	4	2	0	0	0	0	1	1	0	0	0	1	0	3	1	0	2	0	3	0	19
-13	0	0	0	1	1	0	0	0	1	3	0	0	0	0	1	1	0	0	0	0	0	0	8
-12	1	0	2	0	0	0	0	2	0	1	0	1	2	0	0	1	1	2	0	1	0	0	14
-11	1	0	1	1	0	0	0	3	0	0	0	0	0	0	1	2	0	0	1	0	4	0	10
-10	0	0	0	0	0	0	0	0	1	0	0	0	0	0	0	1	0	0	0	0	0	0	2
-9	0	0	0	0	0	0	0	0	0	2	0	0	0	0	0	0	0	0	1	0	1	0	3
-8	0	0	0	0	0	0	0	1	0	0	0	0	0	0	0	1	0	0	0	0	0	0	2
-7	2	0	0	0	0	0	0	1	0	2	2	0	0	0	1	0	0	3	0	0	3	0	11
-6	0	0	0	0	0	0	0	0	0	0	1	0	0	0	0	1	0	0	0	0	0	0	2
-5	2	0	1	0	0	0	0	0	0	1	0	1	1	0	0	0	0	0	0	0	0	0	6
-4	0	0	0	2	0	0	0	0	0	0	0	0	0	0	0	0	2	2	0	0	3	0	6
-3	3	0	1	2	0	0	2	2	3	1	0	2	4	1	1	1	0	1	1	0	4	2	25
-2	37	8	11	22	11	0	11	23	28	35	10	12	7	20	10	22	15	24	2	6	163	28	314
-1	68	6	15	48	16	0	11	58	30	50	41	21	15	23	6	24	29	34	3	8	298	19	506
1	560	45	214	335	145	383	202	408	278	519	103	264	323	305	101	294	261	545	53	132	1357	181	5470
2	100	10	36	62	23	76	31	98	42	71	22	42	54	51	21	61	50	88	4	19	239	32	961
3	14	3	8	7	5	9	2	33	3	18	5	4	8	7	4	6	4	10	1	5	31	2	156
4	1	1	0	2	3	2	0	3	3	0	0	0	1	2	0	0	0	3	0	1	2	0	22
5	0	1	2	3	0	1	0	1	0	2	0	4	3	1	2	0	0	2	0	0	5	0	22
6	0	0	1	0	0	0	0	0	0	1	0	0	0	0	0	0	0	0	0	0	0	0	2
7	0	1	0	0	0	0	0	0	0	0	0	0	1	0	0	1	0	0	0	0	0	0	3
8	1	0	0	0	0	0	0	0	0	0	0	0	0	0	0	1	0	0	0	0	0	0	2
10	0	0	0	0	0	0	0	0	1	0	0	0	0	1	0	0	0	0	0	0	0	1	2
11	0	0	0	0	0	0	0	0	0	0	0	1	0	0	1	0	0	0	0	0	0	0	2
12	0	0	0	2	3	0	0	1	1	1	0	0	1	0	1	0	0	0	6	0	7	1	16
13	0	0	0	1	0	0	0	0	0	0	0	1	0	0	0	1	0	0	0	1	2	0	4
14	18	0	4	9	2	8	1	4	32	24	6	2	5	5	0	3	4	3	7	119	44	2	256
15	4	0	2	2	1	0	2	3	3	3	5	5	4	7	1	2	2	3	5	16	18	1	70
16	166	14	82	122	30	182	37	63	30	114	2345	70	217	90	29	64	86	116	41	21	758	28	3919
17	50	7	36	52	14	66	15	29	5	29	358	20	54	20	6	19	39	29	8	18	160	3	874
18	10	0	5	6	3	11	3	1	0	9	57	2	16	3	0	6	5	12	0	2	30	0	151
19	2	0	0	0	0	0	0	0	0	2	6	2	3	1	0	0	1	0	0	0	2	0	17
20	1	0	2	0	0	1	0	1	0	1	1	0	0	0	0	0	0	0	0	0	4	0	7
21	0	0	0	1	0	0	0	0	0	1	0	0	0	0	0	0	1	0	0	0	1	0	3
22	34	8	51	31	5	29	1	19	1	25	7	14	33	8	1	17	25	27	1	8	26	0	345
23	11	1	6	7	4	13	1	5	1	8	0	7	7	5	2	4	5	5	0	1	6	0	93
24	10	0	14	5	7	9	1	2	0	4	1	4	7	3	0	7	8	3	0	4	1	0	89
25	2	0	1	4	0	2	0	0	0	2	0	0	0	0	1	0	1	1	0	0	1	0	14
26	0	0	1	0	0	0	0	0	3	0	0	0	0	0	1	0	0	0	0	0	3	0	5
27	0	0	0	0	0	0	0	1	1	0	1	0	0	0	1	1	0	0	0	0	1	0	5
28	2	0	0	8	2	0	0	1	12	1	4	0	1	0	0	2	0	0	0	2	10	0	35
29	0	0	0	0	0	0	1	0	0	1	0	0	1	0	0	1	0	1	0	0	1	0	5
30	1	0	0	2	0	0	0	0	0	1	0	0	0	0	0	0	0	0	1	1	4	0	6
31	0	0	1	0	0	0	0	1	0	0	0	0	0	0	1	1	1	0	0	0	0	0	5
32	10	1	3	5	0	10	0	3	1	3	32	6	4	0	0	4	5	4	36	26	14	1	153
33	2	0	0	2	0	1	1	0	0	1	3	3	0	1	0	1	0	0	6	5	8	0	26
34	2	0	0	1	1	1	4	0	0	1	1	1	1	0	0	0	1	1	0	0	3	0	15
36	0	0	0	0	0	0	0	1	0	0	0	0	0	0	1	1	0	0	0	0	0	1	3
37	0	0	0	0	1	0	0	0	0	0	0	0	0	0	0	0	0	0	0	1	0	0	2
38	28	2	34	17	7	26	1	18	1	21	2	8	16	8	0	12	13	15	0	3	7	1	232
39	6	0	7	14	2	7	0	3	2	3	0	0	7	1	0	4	4	4	0	0	2	1	64
40	1	0	0	2	1	0	0	1	0	0	0	0	0	0	1	1	0	0	0	0	2	0	7
41	2	0	0	0	0	0	0	0	0	0	0	0	0	0	1	0	0	1	0	0	1	0	4
42	8	0	1	2	0	0	0	3	1	2	7	2	0	1	0	47	3	1	0	0	67	0	78
43	4	0	0	1	0	0	0	1	0	0	0	1	0	0	0	2	1	1	0	0	7	0	11
44	2	0	0	1	0	1	0	2	1	0	3	0	1	1	0	2	0	0	0	0	5	0	14
45	3	0	0	1	0	0	0	0	1	0	0	1	1	0	0	0	0	0	0	0	2	0	7
46	0	0	0	1	0	0	0	0	0	0	0	0	0	0	0	0	0	0	0	2	0	0	3
47	0	0	1	0	1	0	0	0	0	0	0	0	1	0	0	0	0	0	0	0	0	0	3
48	2	0	0	0	0	0	0	0	0	0	0	0	0	0	0	0	1	0	0	0	1	0	3
49	0	0	0	0	0	1	1	0	0	0	0	0	0	0	0	0	0	0	0	0	0	0	2
50	0	0	0	0	0	0	0	0	0	1	0	0	1	0	0	0	0	0	0	1	1	0	3
52	0	0	0	0	0	0	0	0	0	0	0	0	0	0	0	0	0	1	0	0	0	0	1
53	4	0	5	9	0	4	0	0	0	1	0	1	2	1	1	4	2	1	0	0	0	1	35
54	1	0	1	1	0	3	0	1	0	0	1	0	1	0	0	2	1	1	0	0	5	0	13
55	0	0	0	3	0	1	0	2	0	2	1	0	0	1	1	0	0	0	0	0	4	1	11
56	1	0	0	2	0	0	0	0	0	1	1	0	0	0	0	0	0	0	0	0	4	0	5
57	5	0	1	0	0	7	2	0	3	4	3	0	2	3	0	2	6	6	0	0	38	0	44
58	0	0	2	0	0	3	0	0	1	0	3	2	0	2	0	1	1	0	0	0	6	0	15
59	0	0	0	0	0	0	0	0	0	0	0	0	1	0	0	0	0	0	0	0	0	0	1
60	2	0	0	0	0	0	0	0	0	0	0	0	0	0	0	0	0	1	0	1	3	0	4
61	2	0	1	0	0	1	0	0	0	2	0	0	1	0	0	1	0	1	0	0	0	0	9
62	1	0	2	0	0	1	0	1	0	1	0	1	1	0	0	1	0	1	0	6	0	0	16
63	0	0	1	0	0	1	0	0	0	2	0	0	1	1	1	0	0	0	0	1	1	0	8
64	2	0	0	0	0	1	0	0	0	1	0	0	0	0	1	2	0	0	0	1	2	0	8
66	0	0	0	2	0	0	0	0	0	0	0	0	0	0	0	0	0	0	0	0	0	0	2
67	1	0	0	1	0	0	0	0	0	0	0	0	0	0	0	0	0	0	0	0	0	0	2
69	1	1	0	1	0	0	0	0	0	1	0	0	0	0	1	0	0	0	0	0	0	1	5
70	0	0	1	0	0	1	0	0	0	0	0	0	0	0	0	0	0	0	0	0	0	0	2
71	1	0	0	0	0	0	0	0	0	0	1	0	0	0	0	0	0	0	0	0	2	0	2
72	0	0	0	0	1	0	0	0	0	0	0	0	0	0	0	0	0	0	0	0	0	0	1
73	0	0	0	0	0	0	0	0	0	1	0	0	0	0	0	0	1	1	0	0	1	0	3
74	0	0	0	0	0	0	0	0	0	0	0	0	0	0	0	1	0	1	0	0	0	0	2
75	0	0	0	0	0	0	0	0	0	1	0	0	0	0	0	0	1	0	0	0	1	0	2
77	1	0	0	1	0	1	0	2	0	1	0	1	1	0	0	0	0	0	0	0	1	0	8
78	0	0	0	0	0	0	0	1	0	0	0	0	0	0	0	1	1	0	0	0	0	0	3
79	0	0	0	0	1	0	0	0	0	0	0	0	0	0	0	0	0	0	0	0	1	0	1
80	0	0	0	0	0	0	0	0	0	0	0	0	0	0	0	0	0	2	0	0	0	0	2
81	0	0	1	0	0	0	0	0	2	0	0	0	0	0	0	0	0	0	0	0	2	0	3
82	0	0	2	0	0	0	0	0	1	1	0	0	0	0	0	0	0	0	0	0	3	0	4
83	0	0	1	0	0	0	0	0	0	0	0	0	0	0	0	2	0	0	0	0	0	0	3
84	0	0	0	0	0	0	0	0	0	1	0	0	0	0	0	0	0	0	0	0	0	0	1
85	1	0	0	0	0	0	0	0	0	0	1	0	0	0	0	0	0	0	0	0	1	0	2
87	0	0	1	0	0	0	0	0	0	0	0	0	0	0	1	0	0	1	0	0	0	0	3
88	0	0	0	0	0	1	0	0	0	0	0	0	0	0	0	0	0	0	0	0	0	0	1
89	0	0	0	0	0	0	1	0	0	0	0	0	0	0	0	0	0	0	0	1	0	0	2
91	0	0	0	0	0	0	0	0	0	1	0	0	0	0	0	0	0	0	0	0	0	0	1
92	0	0	0	0	0	0	0	0	0	1	0	0	3	0	0	0	0	0	0	0	1	0	4
94	0	0	0	0	0	0	0	1	2	0	0	0	0	0	0	0	0	0	0	0	0	0	3
95	0	0	0	1	0	0	0	0	0	0	0	0	0	0	0	0	0	0	0	0	0	0	1
96	0	0	0	0	0	0	0	0	0	1	0	0	0	0	0	0	0	0	0	0	1	0	1
98	0	0	0	0	0	0	0	1	0	0	0	0	0	0	0	0	0	0	0	0	1	0	1
99	1	0	1	1	0	0	0	1	0	0	0	0	0	0	0	0	0	0	0	0	2	0	4
100	0	0	0	0	0	0	0	0	4	0	0	0	0	0	0	0	0	0	0	0	2	0	4
101	1	1	0	0	0	0	0	0	0	0	0	0	0	0	0	0	0	1	0	0	2	0	3
102	0	0	0	0	0	1	0	0	0	0	0	0	0	0	0	0	0	0	0	0	1	0	1
103	0	0	0	0	0	0	0	0	0	0	0	0	0	0	0	1	0	0	0	0	0	0	1
104	0	0	0	0	0	0	0	0	1	0	0	0	0	0	0	0	0	0	0	0	1	0	1
105	0	0	0	0	0	0	0	1	0	0	0	0	0	0	0	0	0	0	0	0	0	0	1
106	0	0	0	0	0	0	0	0	0	0	0	1	0	0	0	0	0	0	0	0	0	0	1
109	0	0	0	0	0	0	0	0	1	1	0	0	0	0	0	0	0	0	0	0	1	0	2
110	0	0	0	0	0	1	0	0	1	0	0	0	0	0	0	0	0	0	0	0	0	0	2
111	0	0	0	0	0	0	0	0	0	0	0	0	0	0	0	2	0	0	0	0	0	0	2
112	0	0	0	0	1	0	0	0	0	0	0	0	0	0	0	0	0	0	0	0	0	0	1
113	0	0	0	0	1	0	0	0	0	0	0	0	0	0	0	0	0	1	0	0	0	0	2
114	0	0	0	0	0	0	0	0	0	0	0	0	0	0	0	1	0	0	0	0	0	0	1
115	0	0	0	0	0	0	0	0	1	0	0	0	0	0	0	0	2	0	0	0	0	0	3
116	0	0	0	0	0	0	0	0	0	0	0	0	0	1	0	0	2	0	0	0	0	0	3
118	0	0	0	0	0	0	0	0	0	1	0	0	0	0	0	0	0	0	0	0	0	0	1
121	0	0	0	1	0	0	0	0	0	0	0	0	0	0	0	0	0	0	0	0	0	0	1
122	0	0	0	0	0	0	0	0	0	1	0	0	0	0	0	0	0	0	0	0	0	0	1
124	0	0	0	2	0	0	0	0	0	2	1	0	0	0	0	0	0	0	0	1	4	0	6
125	0	0	0	0	1	0	0	0	0	2	0	0	0	0	0	0	0	1	0	0	4	0	4
126	1	0	1	0	2	0	0	0	0	0	0	0	0	0	0	0	0	0	0	0	2	0	4
127	0	0	0	0	1	0	0	0	0	0	0	0	0	0	0	0	1	0	0	0	0	0	2
128	5	1	1	0	1	1	0	4	9	0	0	1	2	1	2	2	2	3	0	0	8	11	35
129	0	0	0	7	1	2	0	1	0	0	0	1	3	0	0	2	1	0	0	0	2	5	18
130	0	0	0	2	0	0	0	0	0	0	0	0	0	0	0	0	0	0	0	0	0	2	2
131	0	0	0	0	0	0	0	0	0	0	0	0	0	0	1	0	0	0	0	0	0	0	1
133	0	0	0	0	0	0	0	0	0	0	0	0	0	0	0	1	0	0	0	0	0	0	1
134	0	0	0	0	0	0	0	0	0	0	0	0	0	0	0	0	0	0	2	0	2	0	2
135	0	0	0	0	0	0	0	0	0	0	0	0	0	0	0	0	0	1	0	0	0	0	1
136	0	0	0	0	0	0	0	0	0	0	0	0	0	0	0	0	0	1	1	0	1	0	2
137	0	0	0	0	0	1	0	1	0	0	0	0	0	0	0	0	0	0	0	0	1	0	2
138	0	0	0	0	1	0	0	0	0	0	0	0	0	0	0	0	0	0	0	0	1	0	1
140	0	0	0	0	0	0	0	2	1	0	2	3	0	0	0	0	1	4	0	0	11	0	13
141	0	0	1	0	0	0	0	0	0	0	0	0	0	0	0	0	1	0	0	0	1	0	2
142	0	0	0	0	0	0	0	0	0	0	0	0	0	0	0	1	0	1	0	1	1	0	3
144	0	0	0	1	0	0	0	0	0	1	1	0	1	0	0	0	0	1	0	0	0	0	5
145	0	0	0	0	0	0	0	0	0	0	0	0	0	1	0	0	0	0	0	0	0	0	1
146	0	0	0	0	0	0	0	0	0	0	0	0	0	1	0	0	2	0	1	0	1	0	4
147	0	0	0	0	2	1	0	0	0	1	0	1	0	1	0	0	0	0	0	0	2	0	6
148	0	0	1	0	0	0	0	0	0	0	0	0	0	0	0	0	0	0	2	0	2	0	3
149	0	0	0	0	0	0	0	1	0	0	0	0	0	0	0	0	0	0	1	0	1	0	2
150	0	0	0	0	0	0	0	1	0	0	0	0	0	0	0	0	0	0	0	0	0	0	1
151	0	0	0	0	0	0	0	1	0	0	0	0	0	0	0	0	0	0	0	0	0	0	1
152	0	7	0	0	0	0	0	0	0	0	0	0	0	0	0	0	0	0	0	0	0	0	7
153	0	5	0	0	0	0	1	0	0	0	0	1	0	0	0	0	1	1	0	1	2	0	10
154	0	0	0	1	1	1	0	6	2	0	2	1	0	0	0	0	0	3	0	0	12	2	17
155	0	0	0	0	0	0	0	1	0	1	0	0	0	0	0	0	0	1	0	0	2	0	3
156	9	2	3	0	0	2	2	1	9	3	2	0	0	1	0	2	1	5	0	5	13	9	47
157	1	0	0	1	0	2	0	0	0	1	0	0	1	0	0	0	1	2	0	0	2	0	9
159	1	0	0	0	0	0	0	0	0	0	0	0	0	1	0	0	0	1	0	0	1	0	3
160	0	0	0	0	0	1	0	0	0	1	0	0	0	0	0	0	1	0	0	0	0	0	3
161	0	0	0	0	0	0	0	0	0	0	0	0	0	0	0	0	0	0	1	0	1	0	1
162	0	0	0	0	0	0	0	0	0	1	0	0	0	0	0	0	0	0	0	0	0	0	1
163	0	0	0	0	0	0	0	0	0	0	0	1	0	0	0	0	0	0	0	0	0	0	1
166	0	0	0	0	0	0	0	0	1	0	0	0	0	0	0	0	0	0	0	0	1	0	1
168	0	0	0	0	0	0	0	0	0	0	0	0	0	0	0	0	0	1	0	0	1	0	1
169	0	0	0	1	0	0	0	1	0	0	0	0	0	0	0	0	1	0	0	0	1	0	3
170	0	0	0	0	0	0	0	0	1	0	0	0	0	0	0	0	0	0	0	0	1	0	1
171	0	0	0	0	0	0	0	0	0	1	0	0	0	0	0	0	0	0	0	0	0	0	1
172	0	0	3	1	0	0	0	0	0	1	4	1	0	0	0	1	0	0	0	0	2	0	11
173	1	0	0	0	0	2	0	0	0	0	2	0	1	0	0	0	0	0	0	0	3	0	6
174	0	0	0	0	0	1	0	1	0	0	0	0	0	0	0	0	0	0	0	0	0	0	2
176	0	0	1	1	0	0	0	0	1	0	0	0	0	0	0	0	0	0	0	0	1	0	3
177	0	0	0	0	0	0	0	0	1	0	0	0	0	0	0	0	0	1	0	0	0	0	2
180	0	0	0	0	0	0	0	1	0	1	0	0	0	0	0	0	0	0	0	0	1	0	2
181	0	0	0	0	1	0	0	2	2	0	0	0	0	0	0	0	0	2	0	0	6	1	7
184	0	0	0	0	0	0	0	0	0	0	0	1	1	0	0	0	0	1	0	0	1	0	3
185	0	0	0	0	1	0	0	0	0	0	0	2	0	0	0	0	0	0	0	0	1	0	3
186	1	0	0	0	0	0	0	0	0	0	0	0	0	0	0	0	0	0	0	0	1	0	1
192	0	0	0	0	0	0	0	0	1	0	0	0	0	0	0	0	0	0	0	0	0	1	1
193	1	0	0	0	0	0	1	0	0	0	0	0	0	0	0	0	0	0	0	0	1	0	2
195	0	0	0	0	3	0	0	0	0	1	0	0	0	0	0	0	0	0	0	0	3	0	4
196	0	0	0	0	0	0	0	0	1	0	0	0	0	0	0	1	0	0	0	0	0	1	2
197	0	0	0	0	0	0	0	0	0	0	0	0	0	0	0	0	0	1	0	0	0	0	1
