 	A	C	D	E	F	G	H	I	K	L	M	N	P	Q	R	S	T	V	W	Y	Nterm	Cterm	Sum
-106	0	0	0	0	0	0	0	0	0	0	0	0	0	0	0	0	0	0	1	0	0	0	1
-101	0	0	0	0	0	0	0	0	0	0	0	0	0	0	0	0	0	0	0	1	0	0	1
-99	0	0	0	0	0	0	0	0	0	0	0	0	0	0	3	0	0	0	0	1	0	3	4
-98	0	0	0	0	0	0	0	0	0	0	0	0	0	0	2	0	0	0	0	0	0	2	2
-96	0	0	0	0	0	0	0	0	0	0	0	0	0	0	1	0	0	0	0	0	0	1	1
-92	0	1	0	0	0	0	0	0	0	0	0	0	0	0	0	0	0	0	0	0	0	0	1
-79	0	0	0	0	0	0	1	0	0	0	0	0	0	0	0	0	0	0	0	0	0	0	1
-78	0	0	0	0	0	0	0	0	0	0	0	0	0	0	1	0	0	0	0	0	0	0	1
-77	0	1	0	0	0	0	0	0	0	0	0	0	0	0	0	0	0	0	0	0	0	0	1
-74	0	0	0	0	1	0	1	0	0	0	0	0	0	0	0	0	0	0	0	1	0	0	3
-70	0	0	0	0	0	0	0	0	0	0	0	0	0	1	1	0	0	0	0	0	0	0	2
-67	0	0	0	0	0	0	0	0	0	0	0	0	0	1	0	0	0	0	0	0	0	0	1
-62	0	0	0	0	0	0	0	0	1	0	0	0	0	0	0	0	0	0	0	0	0	1	1
-61	0	1	0	1	0	0	4	0	0	0	1	0	0	1	0	0	0	0	0	0	2	0	8
-60	0	2	0	0	0	0	0	0	0	0	0	0	0	2	0	0	0	0	0	0	0	0	4
-59	0	0	0	0	0	0	0	0	0	0	0	0	0	1	0	0	0	0	0	0	0	0	1
-56	0	0	0	0	0	0	1	0	0	0	0	0	0	1	0	0	0	0	0	0	0	0	2
-55	0	0	1	0	0	0	0	0	0	1	0	0	0	1	0	0	0	0	0	0	0	0	3
-53	0	0	0	1	0	0	0	0	0	0	0	0	0	0	0	0	0	0	0	0	0	0	1
-52	0	0	0	0	0	0	0	0	0	0	0	0	0	0	0	0	0	0	0	1	0	0	1
-51	0	0	1	0	0	0	0	0	0	1	0	0	0	0	0	0	0	0	0	0	1	0	2
-50	0	0	0	0	2	0	0	0	0	0	0	1	0	0	0	0	0	0	0	0	2	0	3
-49	0	0	0	0	0	0	0	0	1	0	0	0	0	0	0	0	0	0	0	0	0	1	1
-48	0	0	2	1	1	0	0	0	2	1	13	0	0	0	0	0	0	0	0	0	6	2	20
-47	0	0	0	1	0	0	0	0	0	0	0	0	0	0	0	0	0	0	0	0	0	0	1
-45	0	0	0	0	1	0	0	0	0	0	0	0	0	0	0	0	0	0	0	0	0	0	1
-43	0	0	0	0	0	0	1	0	0	1	0	0	0	0	0	0	2	0	0	0	0	0	4
-42	0	0	0	0	1	0	0	1	3	3	0	0	0	0	0	0	0	0	0	0	0	0	8
-40	0	0	0	1	0	0	0	0	0	0	0	0	0	0	1	0	0	0	0	0	0	0	2
-38	0	0	0	0	0	0	0	1	0	0	0	0	0	0	0	0	0	0	0	0	1	0	1
-37	0	0	1	0	0	0	0	0	0	0	0	0	0	0	0	0	0	0	0	0	0	0	1
-36	0	0	0	0	0	0	0	0	0	0	0	0	0	0	0	0	3	0	0	0	0	0	3
-35	0	0	0	0	2	0	0	0	0	0	0	0	0	0	0	0	3	0	0	0	0	0	5
-34	0	0	0	0	0	0	0	0	0	0	0	1	0	0	0	0	0	0	0	0	1	0	1
-33	0	0	0	0	0	0	0	0	0	0	0	1	0	1	0	0	0	0	0	1	0	0	3
-30	0	0	0	1	0	0	1	0	0	0	0	0	0	0	0	0	0	1	0	0	0	0	3
-29	0	0	0	0	0	0	0	0	1	0	0	0	0	0	1	0	0	0	0	0	0	1	2
-28	0	0	0	0	0	0	1	0	0	0	0	0	0	0	0	0	0	0	0	0	0	0	1
-27	0	0	0	1	0	0	0	0	0	0	0	0	0	0	0	0	0	0	0	0	0	0	1
-26	0	0	0	1	0	0	0	0	0	0	0	0	0	0	0	0	0	0	0	0	1	0	1
-25	0	0	0	6	0	0	0	0	0	0	0	0	0	0	0	0	0	0	0	0	0	0	6
-24	0	0	0	0	1	0	0	0	1	0	0	0	0	0	0	0	1	0	0	0	0	0	3
-23	0	0	0	1	0	0	0	0	0	0	1	0	0	1	0	0	0	1	2	0	2	0	6
-22	0	0	0	0	0	0	0	1	0	0	0	0	0	0	0	1	0	0	0	0	0	0	2
-21	0	0	0	0	1	0	0	0	0	0	0	0	0	1	0	0	0	0	0	0	0	0	2
-20	0	0	1	0	0	0	0	0	0	0	0	0	0	0	1	0	0	0	0	0	0	0	2
-19	0	0	0	0	0	0	0	0	0	0	0	0	0	1	0	1	0	2	0	0	2	0	4
-18	0	3	20	58	3	0	6	12	1	28	2	4	2	49	0	19	40	9	0	3	94	0	259
-17	0	46	15	7	4	0	4	10	10	17	4	51	11	145	1	19	20	11	5	5	202	2	385
-16	0	8	4	6	1	0	2	5	2	4	2	7	0	28	0	1	1	2	0	3	30	0	76
-15	0	3	0	1	0	0	0	3	1	2	0	0	0	2	0	0	2	0	0	0	5	1	14
-14	0	0	0	0	0	0	0	1	2	1	0	0	0	1	0	0	0	0	1	0	1	0	6
-13	0	0	0	0	0	0	0	0	1	1	0	0	0	0	0	0	0	0	0	0	0	0	2
-12	0	0	0	0	0	0	0	0	0	0	0	0	0	0	0	0	1	0	0	0	0	0	1
-11	0	0	0	0	0	0	0	1	0	0	0	0	0	0	0	0	1	0	0	0	2	0	2
-10	0	0	0	0	0	0	0	0	0	0	0	1	0	0	0	0	0	0	0	0	0	0	1
-9	0	6	0	0	0	0	0	1	2	1	0	0	0	0	0	0	0	0	1	0	0	2	11
-8	0	3	0	0	0	0	0	0	0	1	0	0	1	0	0	0	0	0	0	0	0	0	5
-7	0	0	0	0	0	0	0	0	0	0	0	0	0	1	0	0	0	0	1	0	2	0	2
-5	0	0	2	0	0	0	0	1	0	0	0	0	0	0	0	0	0	0	0	0	0	0	3
-4	0	0	0	1	0	0	0	0	0	0	2	1	0	0	0	1	0	0	0	0	2	0	5
-3	0	0	0	0	1	0	0	2	0	0	2	1	0	0	0	0	0	2	0	0	4	0	8
-2	19	1	6	13	4	0	2	22	4	19	400	17	5	11	2	6	6	18	9	1	443	4	565
-1	15	4	11	14	12	0	8	10	2	21	55	13	5	8	6	13	9	23	0	4	145	7	233
1	446	38	179	283	111	299	122	345	183	455	104	304	212	243	66	223	254	383	27	123	1097	148	4400
2	38	6	25	36	11	30	17	37	15	43	17	59	34	30	2	23	36	40	8	22	96	5	529
3	6	0	1	3	0	2	0	2	0	1	1	8	3	3	0	0	2	2	1	1	2	0	36
4	0	0	0	1	1	0	0	0	0	0	0	0	0	0	0	0	1	0	4	0	0	0	7
5	0	0	0	0	0	0	0	0	0	0	0	0	0	4	0	0	0	0	1	0	4	0	5
6	0	0	1	0	1	0	0	0	0	0	0	0	0	0	0	0	1	0	0	0	1	0	3
7	1	0	0	0	0	0	1	0	0	0	0	0	0	0	0	0	0	0	0	0	0	0	2
8	0	0	0	0	0	0	1	0	0	0	0	0	0	0	0	0	0	0	0	0	1	0	1
12	0	0	0	0	0	0	1	0	0	0	0	0	0	0	0	0	0	0	5	0	6	0	6
13	0	0	0	1	0	0	0	1	0	0	0	0	0	0	0	0	0	0	0	0	0	0	2
14	1	0	0	2	0	0	0	0	2	0	3	0	0	0	0	0	0	0	0	0	3	0	8
15	1	0	1	0	0	0	0	0	2	0	5	0	2	0	0	3	1	0	5	0	9	0	20
16	49	6	24	56	4	62	9	18	7	59	1337	35	43	21	4	39	33	35	81	11	541	12	1933
17	13	3	6	8	0	24	2	5	5	15	121	9	7	8	0	9	3	5	21	1	85	2	265
18	1	0	1	2	0	1	1	0	0	3	8	1	2	2	0	2	1	2	0	0	7	0	27
19	0	0	0	0	0	1	0	0	4	0	0	0	1	0	0	0	0	1	0	0	1	0	7
20	0	0	0	0	0	0	0	0	0	1	0	0	0	0	0	0	0	0	0	0	0	0	1
21	1	0	0	0	0	0	0	0	0	2	0	0	0	0	0	0	0	0	0	0	0	0	3
22	49	15	59	49	16	53	0	27	3	41	11	39	37	16	0	30	43	45	4	10	29	0	547
23	15	2	7	9	1	17	0	2	1	9	2	7	9	3	0	7	13	11	0	3	2	0	118
24	4	1	3	6	0	1	0	2	0	2	0	1	3	0	0	2	1	2	0	1	0	0	29
26	0	0	0	0	0	0	0	0	0	0	1	0	0	0	0	0	0	0	0	0	0	0	1
28	0	0	2	0	0	0	0	0	1	0	4	0	1	0	0	0	0	0	0	0	4	1	8
29	0	0	0	1	0	0	0	0	1	0	0	0	0	0	4	0	0	1	0	0	0	4	7
30	0	0	0	0	0	0	0	0	0	0	0	0	1	0	1	0	0	0	0	0	1	0	2
31	0	0	0	0	0	0	0	0	0	0	0	0	0	0	0	0	0	1	0	0	1	0	1
32	0	1	0	1	1	1	0	1	0	0	13	0	1	2	0	2	1	2	58	0	22	0	84
33	2	0	0	1	0	0	0	4	0	1	1	0	1	1	0	1	0	0	21	1	13	0	34
34	0	0	0	0	0	0	0	1	0	1	0	0	1	0	0	0	0	1	4	0	4	0	8
36	0	0	0	0	0	0	0	0	1	0	0	0	0	0	0	0	0	0	0	0	0	1	1
37	0	0	0	0	0	0	0	0	0	0	0	1	0	0	0	0	0	0	0	0	0	0	1
38	6	1	11	5	2	9	0	4	0	5	1	3	8	0	0	2	3	2	0	3	2	0	65
39	4	1	1	2	0	0	0	2	0	1	0	3	0	1	0	2	4	2	0	1	3	0	24
40	0	2	0	1	0	0	0	0	0	0	0	0	0	1	0	1	0	0	0	0	5	0	5
41	0	0	0	0	0	0	0	0	0	0	1	0	0	0	1	0	0	0	0	0	2	0	2
42	9	0	3	0	1	0	0	0	1	0	4	1	0	0	0	29	1	0	0	0	41	0	49
43	4	0	0	0	0	0	0	0	0	0	0	0	0	0	0	2	0	0	0	0	5	0	6
44	0	0	0	0	0	0	0	0	0	0	0	0	1	0	0	0	0	0	0	0	1	0	1
45	0	0	0	1	0	0	0	0	0	0	0	0	0	0	0	0	0	0	0	0	0	0	1
46	0	0	0	0	0	1	0	0	0	0	0	0	0	0	0	0	0	0	0	0	0	0	1
52	0	0	0	0	0	0	0	0	0	0	0	0	0	0	2	0	0	0	0	0	0	2	2
53	1	0	2	1	0	1	0	1	0	0	0	0	0	0	0	1	0	0	0	1	0	0	8
54	0	0	1	0	0	0	0	1	0	0	2	0	0	0	0	0	0	0	0	0	2	0	4
55	0	0	0	0	0	0	0	0	0	0	5	0	0	0	0	1	0	0	0	0	5	0	6
56	0	0	0	0	0	0	0	0	0	0	2	0	0	0	0	0	0	0	0	0	2	0	2
57	13	0	1	1	0	10	2	3	0	6	0	0	3	0	0	0	2	6	0	1	43	0	48
58	5	0	1	0	1	1	0	0	0	2	0	0	1	1	0	1	0	2	1	0	12	0	16
59	2	0	0	0	0	0	0	1	0	0	0	0	0	0	0	1	0	0	0	0	2	0	4
60	1	0	0	1	0	0	0	0	0	0	0	0	0	0	0	1	0	0	7	0	7	0	10
61	0	0	0	0	0	0	0	0	0	0	0	0	0	0	1	0	0	0	1	0	1	0	2
62	1	0	0	0	0	0	0	0	0	0	0	0	0	0	0	0	0	0	0	0	0	0	1
64	0	0	2	0	0	0	0	0	0	1	0	1	0	0	0	4	0	0	0	0	4	0	8
65	0	0	0	0	0	0	0	0	0	0	0	0	0	0	1	0	0	0	1	0	0	0	2
66	0	0	0	0	0	1	0	0	0	0	0	0	0	0	0	0	0	0	0	0	0	0	1
68	0	0	1	0	0	0	0	0	0	0	0	0	0	0	0	0	0	0	0	0	0	0	1
69	1	0	0	1	0	0	0	0	0	0	0	0	0	0	1	0	0	0	0	0	0	1	3
71	0	0	1	0	0	0	0	0	0	0	0	0	0	0	0	0	0	0	0	0	0	0	1
72	0	0	0	0	2	0	1	0	0	0	0	0	0	0	0	0	0	1	0	0	0	0	4
73	1	0	0	0	0	0	0	0	0	0	0	1	0	0	0	0	0	0	0	0	0	0	2
74	0	0	0	0	0	0	0	0	0	0	0	0	1	0	0	0	0	0	0	0	0	0	1
75	0	0	0	0	0	0	0	0	0	0	0	0	0	0	0	0	0	0	0	3	0	0	3
76	0	0	0	0	0	0	0	0	0	0	0	0	0	0	0	1	0	0	0	0	0	0	1
79	0	0	0	0	0	0	0	0	0	1	0	0	0	0	0	0	0	0	0	0	1	0	1
81	0	0	0	0	0	0	0	1	0	0	0	0	0	0	0	0	0	0	0	0	0	0	1
82	0	0	0	0	0	1	0	0	0	0	0	0	0	0	0	0	0	0	0	0	0	0	1
83	0	0	0	0	1	0	0	1	0	0	0	0	0	0	0	0	0	0	0	0	0	0	2
84	0	0	0	0	0	0	0	0	0	1	0	0	0	0	0	0	0	1	0	0	0	0	2
85	0	0	0	0	0	1	0	0	0	0	0	0	0	0	0	0	0	0	0	0	0	0	1
86	0	0	0	0	0	0	0	1	0	0	0	0	0	0	0	0	0	0	0	0	0	0	1
88	0	0	0	1	0	0	0	1	0	0	0	0	1	0	0	0	0	0	0	1	1	0	4
89	0	0	0	0	0	1	0	0	0	1	0	0	0	0	0	0	0	0	0	0	1	0	2
92	0	0	0	0	0	0	0	0	0	0	0	0	1	0	0	0	0	0	1	0	1	0	2
94	0	0	0	0	0	0	0	1	1	0	0	0	0	0	0	0	0	0	0	0	0	0	2
97	0	0	1	0	0	0	0	0	0	2	0	0	0	0	0	0	0	0	0	1	0	0	4
100	1	0	0	0	0	0	0	0	2	0	1	0	0	0	0	0	0	0	0	0	2	0	4
101	0	0	0	0	0	0	0	0	0	0	1	0	0	0	0	0	0	0	0	0	0	0	1
102	0	0	0	0	0	0	0	0	0	0	1	0	0	0	0	1	0	1	0	0	1	0	3
103	0	0	0	0	0	0	0	0	0	0	0	0	0	0	0	0	0	1	0	0	0	0	1
108	0	0	0	0	0	2	0	0	0	0	0	0	0	0	0	0	0	1	0	0	1	0	3
109	1	0	0	0	0	0	0	0	0	0	0	0	0	0	0	0	0	0	0	0	1	0	1
110	0	0	0	0	0	0	0	0	0	0	1	0	0	0	0	0	0	0	0	0	0	0	1
111	0	0	0	0	0	0	0	0	0	0	0	0	0	0	0	1	0	0	0	0	0	0	1
114	0	0	0	0	0	1	0	0	0	0	0	0	0	0	0	0	0	0	0	0	1	0	1
116	0	0	0	0	0	1	0	0	0	0	0	0	0	0	0	0	1	0	0	0	0	0	2
123	0	0	0	0	0	0	1	0	0	0	0	0	0	0	0	0	0	0	0	0	0	0	1
124	1	0	0	0	0	0	0	0	0	0	0	0	0	0	0	0	0	0	0	0	1	0	1
127	0	0	0	0	0	0	0	0	1	1	0	0	0	0	0	0	0	0	0	0	0	1	2
128	7	0	0	2	0	3	0	0	4	1	0	2	4	0	1	0	0	1	0	0	4	5	25
129	0	0	1	17	0	1	0	0	0	0	0	0	0	1	0	4	1	1	0	1	1	15	27
130	0	0	0	10	0	0	0	0	0	0	0	0	0	0	0	0	0	0	0	0	0	10	10
132	1	0	0	0	0	0	0	0	0	0	0	0	0	0	0	0	0	0	0	0	0	0	1
144	0	0	0	0	0	0	0	0	0	0	1	0	0	0	0	0	0	0	0	0	0	0	1
147	0	0	1	0	0	0	0	0	0	0	0	4	0	0	0	0	0	0	0	0	5	0	5
148	0	0	0	0	0	0	0	0	0	0	0	1	0	0	0	0	0	0	0	0	1	0	1
151	0	0	0	1	0	0	0	0	0	0	0	0	0	0	0	5	0	0	0	0	0	0	6
152	0	1	0	0	1	0	0	0	0	0	0	0	0	0	0	0	0	0	0	0	1	0	2
153	0	0	0	0	1	0	0	1	0	0	0	0	0	0	0	0	0	0	0	0	1	0	2
154	0	0	0	0	0	0	0	0	0	0	0	0	0	0	0	0	1	0	0	0	1	0	1
155	1	0	0	0	0	0	0	0	0	0	0	0	0	0	0	0	0	0	0	0	0	0	1
156	7	0	1	3	0	7	0	2	0	3	3	1	0	1	0	6	0	3	0	0	7	0	37
157	9	0	0	2	0	1	0	0	0	5	0	0	0	0	0	0	1	0	0	0	0	0	18
163	0	0	0	0	0	0	0	1	0	0	0	0	0	0	0	0	1	0	0	0	1	0	2
166	0	0	0	0	0	0	0	0	0	1	0	0	0	0	0	0	0	0	0	0	0	0	1
167	1	0	1	1	0	1	0	0	0	0	0	0	0	0	0	4	0	0	0	0	0	1	8
173	0	0	0	0	0	0	0	0	0	0	0	1	0	0	0	0	0	0	0	0	0	0	1
177	0	0	0	0	0	0	0	0	1	0	0	0	0	0	0	0	0	0	0	0	0	0	1
178	0	0	0	1	0	0	0	0	0	0	0	0	0	0	0	0	0	0	0	0	1	0	1
181	0	0	0	0	0	0	0	1	0	0	0	0	0	0	1	0	0	0	0	0	1	0	2
182	0	0	0	0	0	0	0	0	0	2	0	0	0	0	0	0	0	0	0	0	2	0	2
183	0	0	0	0	0	0	0	0	0	0	0	0	0	0	0	0	1	0	0	0	1	0	1
184	0	0	0	0	0	1	0	0	0	0	0	0	0	0	0	0	0	0	0	0	0	0	1
189	0	0	1	0	0	0	0	0	0	0	0	0	0	0	1	0	0	0	0	0	0	0	2
191	0	0	1	0	0	1	0	1	0	0	0	0	0	0	0	0	0	0	0	0	0	0	3
192	0	0	0	0	0	0	0	0	0	1	0	0	0	0	0	0	0	1	0	0	0	0	2
193	0	0	0	0	0	0	0	0	0	0	0	0	0	0	1	0	0	0	0	0	0	1	1
195	0	0	0	0	0	0	0	0	1	0	0	0	0	0	0	0	0	0	0	0	0	0	1
196	0	0	0	0	0	0	0	0	0	0	0	0	0	0	1	0	0	0	0	0	0	0	1
