 	A	C	D	E	F	G	H	I	K	L	M	N	P	Q	R	S	T	V	W	Y	Nterm	Cterm	Sum
-105	0	0	0	0	0	0	0	0	0	0	0	0	0	0	0	0	0	0	0	1	0	0	1
-99	0	0	0	0	0	0	0	0	0	0	0	0	0	0	2	0	0	0	0	0	0	0	2
-98	0	0	0	0	0	0	0	0	0	0	0	0	0	0	1	0	0	0	0	0	0	0	1
-97	0	1	0	0	0	0	0	0	0	0	0	0	0	0	1	0	0	0	0	1	0	0	3
-93	0	1	0	0	0	0	0	0	0	0	0	0	0	0	0	0	0	0	0	0	0	0	1
-92	0	1	0	0	0	0	0	0	0	0	0	0	0	0	2	0	0	0	0	2	2	0	5
-91	0	0	0	0	0	0	0	0	0	0	0	0	0	0	0	0	0	0	0	1	0	0	1
-90	0	0	0	0	0	0	0	0	0	0	0	0	0	0	1	0	0	0	0	0	0	0	1
-89	0	0	0	0	1	0	0	0	0	0	0	0	0	0	2	0	0	0	0	0	0	0	3
-88	0	0	0	0	0	0	0	0	0	0	0	0	0	0	1	0	0	0	0	1	0	0	2
-86	0	0	0	0	0	0	0	0	0	0	0	0	0	0	1	0	0	0	0	0	0	1	1
-85	0	0	0	0	2	0	0	0	0	0	0	0	0	0	2	0	0	0	0	0	1	0	4
-84	0	0	0	0	1	0	0	0	0	0	0	0	0	0	0	0	0	0	0	0	1	0	1
-80	0	0	0	0	0	0	0	0	0	0	0	0	0	0	2	0	0	0	0	0	0	1	2
-78	0	0	0	0	0	0	0	0	0	0	0	0	0	0	0	0	0	0	0	2	0	0	2
-77	0	0	0	0	1	0	0	0	0	0	0	0	0	0	0	0	0	0	0	0	0	0	1
-76	0	0	0	0	1	0	0	0	0	0	0	0	0	0	2	0	0	0	0	0	0	1	3
-75	0	0	0	0	0	0	1	0	0	0	0	0	0	0	3	0	0	0	0	0	0	0	4
-74	0	0	0	0	0	0	0	0	0	0	0	0	0	0	1	0	0	0	1	0	0	0	2
-73	0	0	0	0	1	0	0	0	0	0	0	0	0	0	2	0	0	0	0	1	0	0	4
-72	0	1	0	0	0	0	0	0	0	0	0	0	0	0	1	0	0	0	0	0	1	0	2
-71	0	0	0	0	0	0	2	0	0	0	2	0	0	0	1	0	0	0	0	0	1	0	5
-70	0	0	0	1	0	0	0	0	0	0	0	0	0	0	1	0	0	0	0	1	0	0	3
-69	0	0	0	0	0	0	0	0	0	0	0	0	0	1	0	0	0	0	0	0	1	0	1
-67	0	0	0	1	0	0	0	0	0	0	0	0	0	0	2	0	0	0	0	0	0	0	3
-65	0	0	0	0	1	0	0	0	1	0	1	0	0	0	0	0	0	0	0	1	0	1	4
-64	0	0	0	0	0	0	0	0	0	0	1	0	0	0	0	0	0	0	0	0	0	0	1
-63	0	0	0	0	0	0	0	0	0	0	0	0	0	1	0	0	0	0	0	0	0	0	1
-62	0	0	0	1	0	0	0	0	1	0	0	0	0	2	1	0	0	0	0	0	0	0	5
-61	0	0	0	0	1	0	4	0	2	0	1	0	0	0	3	0	0	0	0	1	0	1	12
-60	0	0	0	0	0	0	1	0	0	0	0	0	0	0	1	0	0	0	0	0	0	1	2
-59	0	2	0	1	1	0	0	0	0	0	2	0	0	0	2	0	0	0	0	0	0	1	8
-58	0	1	0	2	0	0	0	0	1	0	0	0	0	1	1	0	0	0	0	0	1	1	6
-57	0	0	2	0	4	0	0	0	2	0	0	1	0	0	0	0	0	0	0	0	1	0	9
-56	0	0	0	1	1	0	0	0	0	0	2	0	0	1	0	0	0	0	0	0	0	0	5
-55	0	0	1	0	0	0	1	0	0	0	0	0	0	1	1	0	0	0	0	0	0	0	4
-54	0	0	0	0	0	0	0	0	0	0	0	1	0	0	1	0	0	0	0	0	0	0	2
-53	0	0	0	0	0	0	0	0	0	1	0	0	0	0	1	0	0	0	2	0	1	0	4
-52	0	0	0	0	0	0	0	0	0	1	0	0	0	0	0	0	0	0	0	0	0	0	1
-51	0	0	0	1	0	0	0	1	2	3	0	0	0	1	0	0	0	0	0	1	0	0	9
-50	0	0	0	1	2	0	0	3	4	0	0	0	0	0	0	0	0	0	0	0	2	0	10
-49	0	0	0	0	0	0	0	0	1	0	0	0	0	0	0	0	0	0	0	0	0	0	1
-48	0	0	5	2	5	0	3	1	1	1	25	0	0	0	2	0	0	0	0	3	13	1	48
-47	0	0	0	0	3	0	0	0	0	1	1	0	0	0	0	0	0	0	1	0	0	0	6
-46	0	0	3	0	0	0	0	1	2	1	2	0	0	0	1	0	0	0	0	0	0	2	10
-45	0	0	2	0	0	0	0	1	0	0	0	0	0	0	0	0	0	0	0	0	2	0	3
-44	0	0	2	0	1	0	0	0	0	0	1	0	0	0	0	0	1	0	0	0	0	0	5
-43	0	0	1	1	0	0	0	0	0	4	0	0	0	0	0	0	0	0	0	0	1	0	6
-42	0	0	0	0	0	0	0	0	0	1	0	1	0	0	0	0	0	0	0	0	0	0	2
-41	0	0	0	0	0	0	0	0	1	0	0	0	0	0	1	0	0	0	0	0	0	0	2
-40	0	0	0	0	1	0	0	0	0	0	0	0	0	0	0	0	1	0	0	0	0	0	2
-39	0	0	1	0	0	0	0	0	0	4	0	0	1	0	4	0	0	0	0	0	0	4	10
-38	0	0	0	2	0	0	0	0	0	2	0	0	1	0	0	0	0	0	0	0	2	0	5
-36	0	1	0	0	0	0	1	1	0	1	0	1	0	1	2	0	1	1	0	0	1	0	10
-35	0	0	2	1	0	0	0	0	1	0	0	2	0	0	0	0	2	0	0	0	1	0	8
-34	0	0	1	0	1	0	0	0	1	1	0	1	0	0	0	0	0	0	0	0	2	0	5
-33	0	0	0	1	1	0	0	2	2	1	0	1	0	0	0	0	1	0	0	0	2	0	9
-32	0	0	0	0	0	0	0	0	0	0	0	1	0	0	1	0	0	0	0	0	0	0	2
-31	0	0	1	0	1	0	0	0	0	0	0	0	0	1	0	0	0	0	0	0	1	0	3
-30	0	1	0	1	0	0	0	0	0	0	0	1	0	0	0	1	0	0	0	0	3	0	4
-29	0	0	1	3	0	0	0	0	0	3	0	0	2	0	0	3	1	0	0	0	1	0	13
-28	0	0	0	0	0	0	0	1	0	2	0	1	1	0	3	0	0	2	0	0	2	1	10
-27	0	0	0	0	0	0	0	0	1	1	0	0	0	0	0	0	2	0	0	0	1	0	4
-26	0	0	0	0	0	0	0	0	0	1	0	0	0	0	0	0	0	0	0	0	0	0	1
-25	0	0	1	1	0	0	0	0	0	1	0	0	0	0	1	0	0	0	0	0	0	1	4
-24	0	0	0	0	0	0	0	0	0	0	0	0	1	1	0	0	0	0	1	0	1	0	3
-23	0	0	0	0	0	0	0	0	0	0	0	2	0	1	1	0	0	1	0	0	0	0	5
-22	0	0	0	0	0	0	0	0	0	1	1	1	2	0	0	0	3	0	0	0	1	0	8
-21	0	0	0	0	1	0	0	1	0	0	0	1	0	0	0	1	1	2	0	0	0	0	7
-20	0	0	0	0	0	0	1	5	2	1	0	0	0	1	0	2	0	0	0	0	1	0	12
-19	0	0	0	1	1	0	0	1	0	2	0	1	1	2	0	1	1	1	0	1	5	0	13
-18	0	1	25	36	6	0	2	11	4	19	4	5	6	25	3	15	33	7	0	3	64	7	205
-17	0	48	21	10	7	0	13	17	14	26	4	44	16	147	3	10	14	11	14	2	208	1	421
-16	0	5	12	8	5	0	4	3	5	5	1	3	6	36	0	6	2	8	0	4	45	0	113
-15	0	3	7	4	0	0	2	3	1	2	0	2	5	7	0	3	1	4	0	2	9	0	46
-14	1	0	2	1	0	0	0	2	0	2	0	2	1	2	0	0	0	1	0	0	2	0	14
-13	1	0	0	0	1	0	0	0	0	1	1	0	1	0	1	1	0	0	0	1	1	0	8
-12	1	1	0	1	0	0	0	0	0	2	0	0	0	0	0	1	0	1	0	0	1	0	7
-11	1	0	1	1	0	0	0	2	0	2	0	0	0	0	0	0	0	0	0	0	1	0	7
-10	0	0	0	0	0	0	0	0	0	1	1	2	0	0	0	1	1	0	0	0	1	0	6
-9	0	2	0	0	0	0	0	1	0	0	0	0	2	0	1	0	0	0	0	0	0	0	6
-8	0	0	0	0	0	0	0	0	0	0	0	0	0	0	1	0	0	0	0	0	1	0	1
-7	2	0	2	2	0	0	0	1	0	1	1	2	0	0	0	0	0	0	0	0	3	0	11
-6	1	0	0	0	0	0	1	1	0	1	0	0	0	0	0	0	0	0	0	0	0	0	4
-5	3	0	0	2	0	0	1	1	0	0	1	0	0	0	1	0	0	0	0	0	1	0	9
-4	2	0	1	0	1	0	0	0	1	0	0	0	0	1	0	1	0	0	0	0	1	0	7
-3	1	2	2	1	0	0	0	3	1	3	1	0	1	3	0	1	1	0	0	0	3	0	20
-2	27	18	18	21	9	0	19	28	23	31	17	9	8	19	18	18	16	28	4	4	175	31	335
-1	72	9	22	46	19	0	5	38	21	61	26	28	10	27	11	26	34	41	4	6	283	24	506
1	590	65	223	332	183	438	214	433	303	553	129	317	324	342	135	308	336	581	41	148	1596	213	5995
2	116	20	38	60	32	74	37	87	55	97	25	48	63	56	15	50	60	98	6	21	284	40	1058
3	10	5	10	15	3	8	4	21	5	14	9	10	6	15	2	9	8	16	2	3	39	1	175
4	3	3	3	1	3	0	1	4	1	2	2	1	0	2	0	0	2	2	0	2	5	0	32
5	0	0	0	2	0	1	0	1	0	3	2	2	1	0	0	2	1	0	0	0	2	0	15
6	0	0	1	0	0	0	0	0	1	0	0	0	0	0	0	0	0	0	0	0	1	0	2
7	1	1	0	1	0	1	1	0	0	1	0	0	1	0	0	0	0	0	0	0	0	0	7
8	0	0	0	2	0	0	0	0	0	0	0	0	0	0	0	0	0	0	0	0	0	0	2
9	2	0	0	0	0	0	0	0	0	0	0	0	0	2	1	1	0	1	0	0	0	0	7
10	1	0	0	0	0	0	0	1	2	0	0	0	0	0	1	0	0	0	1	0	0	3	6
12	0	0	0	0	2	1	0	0	5	0	0	0	2	1	0	0	0	0	5	0	8	0	16
13	0	0	1	0	0	0	0	0	1	0	0	0	0	0	0	1	0	1	1	0	3	0	5
14	9	0	2	3	1	1	3	0	13	3	4	1	1	0	0	3	0	5	9	69	15	2	127
15	2	0	1	3	1	0	0	1	3	1	1	2	2	3	1	0	4	2	2	17	7	1	46
16	84	5	42	68	19	103	12	28	13	59	1130	36	102	28	17	35	39	55	36	8	407	22	1919
17	52	6	23	27	10	39	8	16	1	29	195	14	35	13	3	14	19	22	9	8	100	1	543
18	7	2	5	4	1	4	2	1	0	3	23	0	11	4	0	3	1	7	1	2	21	0	81
19	1	0	0	0	0	0	0	0	0	0	2	1	4	1	0	1	0	0	0	0	2	0	10
20	0	0	2	1	1	0	0	0	2	0	2	1	0	0	0	0	0	2	0	0	3	0	11
21	2	0	0	1	0	0	0	0	1	0	3	0	0	0	0	0	4	0	0	0	6	0	11
22	73	9	76	71	19	58	9	21	1	31	12	37	45	19	0	37	37	37	1	12	49	0	605
23	16	1	13	8	1	13	2	5	2	6	0	9	14	11	2	12	4	13	0	1	6	0	133
24	10	2	9	6	2	4	1	3	0	1	2	2	8	4	0	6	6	0	0	0	3	0	66
25	0	0	1	0	0	3	0	0	0	0	0	0	3	0	1	3	0	0	0	0	0	0	11
26	1	0	0	0	0	2	1	0	2	0	0	0	0	0	1	0	0	0	0	0	2	1	7
27	0	1	0	0	0	0	0	0	0	0	0	0	0	0	0	2	1	0	0	0	0	0	4
28	0	0	0	4	0	2	0	2	3	3	3	1	0	0	0	3	0	0	0	0	11	1	21
29	0	0	0	1	1	2	0	2	2	0	0	0	0	0	0	3	0	2	0	0	3	1	13
30	0	0	0	1	0	0	0	2	0	0	0	0	0	0	0	0	0	0	2	0	2	0	5
31	0	0	1	0	0	0	0	0	0	0	0	0	0	0	0	0	0	0	0	0	1	0	1
32	3	0	5	5	1	1	0	0	0	3	2	2	2	0	0	3	1	3	27	10	10	0	68
33	1	0	0	0	1	1	0	1	0	1	2	4	1	0	0	0	2	0	2	1	1	0	17
34	0	0	0	0	1	0	0	1	0	0	0	0	0	0	0	0	0	0	0	0	0	0	2
35	0	0	0	1	1	0	0	0	0	0	0	0	0	0	0	2	0	0	0	0	2	0	4
37	1	0	0	0	0	0	0	0	0	1	0	0	0	0	0	0	0	0	0	0	0	0	2
38	30	4	32	23	4	24	3	13	3	28	2	12	24	12	1	25	17	15	0	7	9	2	279
39	11	0	7	8	0	9	0	4	0	5	1	8	12	1	0	3	2	5	0	4	2	0	80
40	0	0	2	0	1	3	0	0	0	0	0	0	0	1	0	3	0	2	0	0	2	0	12
41	2	0	0	1	0	0	0	0	0	0	0	0	0	0	0	0	0	0	0	1	1	0	4
42	7	0	1	0	1	0	1	2	0	1	5	5	0	2	0	38	1	0	1	0	50	0	65
43	2	0	0	0	0	1	0	2	2	0	0	1	0	0	0	8	0	1	0	0	9	1	17
44	1	0	0	1	0	0	0	0	0	0	2	1	0	1	0	1	0	0	0	0	5	0	7
45	0	0	0	1	0	0	0	1	0	2	0	0	1	0	1	0	0	1	0	0	2	0	7
46	0	0	0	0	1	1	0	0	2	0	0	0	0	0	0	0	0	0	0	0	0	0	4
47	0	0	0	0	0	0	0	0	0	0	0	0	0	0	1	0	1	0	0	0	0	0	2
48	0	0	0	0	0	0	0	0	0	0	0	1	0	0	0	0	0	0	2	1	0	0	4
49	0	0	0	0	0	0	0	0	0	0	1	0	0	0	0	0	0	0	0	1	0	0	2
50	0	0	0	0	0	0	0	1	0	0	0	0	0	0	0	0	0	0	0	0	1	0	1
52	0	1	0	0	1	0	0	0	0	0	0	1	0	0	0	0	0	0	0	0	1	0	3
53	4	0	7	14	0	6	0	1	0	0	0	4	1	1	1	6	2	2	0	1	1	0	50
54	1	0	2	3	0	0	0	2	0	0	1	0	2	0	1	0	1	0	0	0	4	0	13
55	1	0	0	2	0	0	0	0	0	0	0	0	0	0	0	0	2	0	0	0	2	0	5
56	0	0	0	3	0	2	0	0	0	0	0	0	0	0	0	0	0	0	0	0	2	0	5
57	10	0	0	0	3	13	1	0	1	4	4	0	1	1	0	2	1	9	0	0	44	1	50
58	2	0	0	2	0	2	0	0	0	0	0	0	0	0	0	0	0	0	0	0	3	0	6
59	0	0	1	0	0	0	0	0	0	1	0	1	0	0	0	1	0	0	0	0	1	0	4
60	1	0	0	0	0	0	0	1	0	0	0	0	0	0	0	0	1	0	0	1	1	0	4
61	2	0	1	0	0	0	0	0	0	0	0	0	0	0	0	1	0	0	0	2	2	0	6
62	0	0	0	0	0	0	0	1	0	1	0	0	1	0	2	0	0	0	0	1	1	0	6
63	0	3	0	0	0	1	0	0	0	2	0	0	0	0	0	0	0	0	1	1	0	0	8
64	1	0	0	0	0	0	0	1	0	0	0	0	1	0	0	1	0	0	0	3	1	0	7
65	1	1	0	0	0	0	0	0	0	0	0	0	0	0	0	0	0	0	0	0	0	0	2
66	0	0	0	1	0	0	0	0	0	0	0	0	0	0	1	0	0	0	0	0	0	0	2
67	0	0	0	0	0	0	0	0	0	0	0	1	0	0	0	2	0	0	0	0	0	0	3
68	0	0	0	0	0	0	0	1	1	0	0	0	0	0	0	0	0	0	0	0	1	1	2
69	0	0	0	2	0	0	0	0	1	1	0	0	0	0	0	0	0	0	0	0	1	0	4
70	0	0	0	0	0	0	0	0	0	0	0	0	0	0	0	0	2	0	0	0	0	0	2
71	2	0	0	0	0	0	0	0	0	1	0	0	0	0	0	0	0	0	0	0	1	0	3
72	0	0	0	0	0	1	0	0	0	0	2	0	0	0	0	0	0	0	0	1	1	0	4
73	1	0	0	0	0	0	0	0	0	0	0	0	0	0	0	1	0	0	0	0	1	0	2
74	1	0	0	0	0	1	0	1	1	0	0	0	0	0	0	0	0	0	0	0	1	0	4
75	0	0	0	0	0	2	0	0	0	0	0	0	0	0	0	0	0	0	0	0	0	0	2
76	0	0	0	1	0	0	0	0	0	0	0	0	0	0	0	0	0	0	0	0	0	0	1
77	2	0	0	0	0	1	0	1	0	1	0	0	1	1	0	0	0	0	0	0	1	0	7
78	0	0	0	0	0	0	1	0	2	0	0	0	0	0	0	0	0	0	0	0	1	0	3
80	0	0	0	0	0	0	0	0	0	0	0	0	1	0	0	0	0	0	0	0	0	0	1
81	0	0	0	0	0	0	0	0	7	0	0	0	0	0	0	0	0	0	0	0	5	0	7
83	0	0	0	0	0	0	0	0	0	0	0	0	0	0	0	1	0	1	0	0	0	0	2
84	0	0	0	0	0	0	0	0	0	1	0	0	0	0	0	0	1	0	0	0	0	0	2
85	0	0	0	1	0	0	0	0	0	0	0	0	0	0	0	0	0	0	0	0	0	0	1
87	0	0	0	0	0	0	0	0	0	0	0	0	0	0	0	0	0	0	0	2	2	0	2
88	0	0	0	0	0	0	0	0	0	0	0	0	0	0	0	0	0	1	0	0	0	0	1
90	1	0	0	0	0	0	0	0	0	0	0	1	0	0	0	0	1	0	0	0	0	0	3
92	0	0	0	0	0	0	0	0	0	1	0	0	0	0	0	0	1	0	0	0	0	0	2
95	0	0	1	0	0	0	0	0	0	0	0	0	0	0	0	0	0	0	0	0	0	0	1
96	0	0	0	0	0	0	0	0	0	1	0	0	0	0	0	0	0	0	0	0	1	0	1
97	0	0	0	0	0	1	0	0	1	1	0	0	0	0	0	0	0	0	0	0	1	0	3
98	0	0	1	0	0	0	0	0	0	1	0	0	0	0	0	0	0	0	0	0	0	0	2
100	0	0	0	0	0	0	1	0	3	0	1	0	2	0	0	0	0	0	0	0	2	0	7
101	0	0	0	2	0	0	0	0	0	0	2	0	0	0	0	0	0	1	0	0	1	0	5
102	0	0	0	0	0	0	0	0	1	0	0	0	0	0	0	0	0	0	0	0	0	0	1
103	0	0	0	0	0	0	0	0	0	0	0	0	0	0	0	1	0	0	0	0	1	0	1
104	0	0	0	0	0	0	0	0	0	1	1	0	0	0	1	0	0	0	0	0	0	1	3
105	0	0	0	0	0	0	0	1	0	0	0	0	0	0	0	0	0	1	0	0	1	0	2
106	2	0	0	0	0	0	0	0	0	0	0	0	0	0	0	0	0	0	0	1	0	0	3
108	1	0	0	0	0	0	0	0	0	0	0	0	0	0	0	2	0	0	0	0	0	0	3
109	0	0	0	0	0	0	0	0	0	0	0	0	0	0	0	0	0	0	0	1	0	0	1
110	0	0	0	0	0	0	0	0	0	1	1	0	0	0	1	0	0	0	0	0	1	0	3
111	1	0	0	0	0	0	0	0	0	0	1	0	0	0	0	1	0	0	0	0	1	0	3
112	0	0	1	0	0	1	0	0	0	0	0	0	0	0	0	0	0	0	0	0	1	0	2
113	0	0	1	0	0	1	0	0	0	0	0	0	0	0	0	0	0	0	0	0	0	0	2
114	0	0	0	0	0	0	0	1	0	0	0	0	0	0	0	2	0	0	0	0	1	1	3
115	0	0	0	0	0	0	0	1	0	0	1	1	0	0	0	0	0	0	0	0	1	0	3
116	1	0	0	0	0	0	1	0	0	1	0	1	0	0	0	1	0	1	0	0	2	0	6
117	1	0	0	0	0	0	0	0	0	0	0	0	1	1	0	0	0	0	0	0	1	0	3
118	0	0	0	0	0	0	0	0	0	1	0	0	0	0	0	0	0	1	0	0	1	0	2
119	0	0	0	2	0	0	0	0	0	0	0	0	0	0	0	0	0	0	1	0	1	0	3
120	0	0	0	0	0	0	0	0	0	1	0	0	0	0	0	0	0	0	0	0	0	0	1
121	0	0	0	2	0	1	0	0	1	0	0	1	0	0	0	0	0	0	0	0	1	0	5
122	0	0	0	1	0	0	0	0	0	0	0	1	0	0	0	0	0	0	0	0	2	0	2
123	0	0	0	0	0	0	0	0	1	0	0	0	0	0	0	0	0	0	0	0	0	0	1
124	0	0	0	2	0	0	0	1	0	2	2	0	1	0	0	0	1	1	0	0	7	0	10
125	3	0	0	2	1	0	0	1	0	2	0	2	0	0	0	0	0	0	0	0	5	0	11
126	0	0	0	0	0	0	0	0	0	1	0	0	0	0	0	0	0	0	0	0	1	0	1
127	0	0	0	0	0	0	0	0	0	0	0	0	1	0	0	0	0	0	0	0	0	0	1
128	4	0	1	0	0	2	0	13	15	3	2	0	3	0	2	0	4	5	0	1	12	17	55
129	1	0	0	7	0	2	1	1	0	1	0	1	0	0	0	9	3	2	0	0	1	7	28
130	0	0	0	2	0	0	0	0	0	0	0	0	0	0	0	0	0	0	0	0	0	2	2
131	0	0	0	1	0	0	0	0	0	0	0	0	0	0	0	0	0	0	0	0	0	1	1
134	0	0	0	0	0	0	0	0	0	1	0	0	0	0	0	0	0	0	2	0	2	0	3
135	0	0	0	0	0	0	0	0	0	0	0	0	1	1	0	0	0	0	1	0	2	0	3
136	0	0	0	0	0	0	0	0	0	0	0	0	0	1	0	0	0	0	0	0	1	0	1
137	0	0	0	0	0	1	0	1	0	0	0	0	0	0	0	0	0	0	0	0	0	0	2
139	0	0	1	0	0	0	0	0	0	0	0	0	0	0	0	0	0	0	0	0	0	0	1
140	2	0	0	0	3	1	0	3	3	2	3	1	0	1	0	0	0	5	0	0	20	2	24
141	0	0	0	0	0	0	0	0	0	1	0	0	0	0	0	0	0	0	0	0	1	0	1
142	2	0	0	0	0	0	0	1	0	0	0	0	0	0	0	1	0	1	0	0	1	0	5
143	0	0	0	1	0	0	0	1	0	0	0	0	0	1	0	0	0	0	0	0	1	0	3
144	1	0	0	0	0	0	0	0	0	0	0	0	0	0	0	0	0	1	0	0	0	0	2
145	0	0	0	0	0	0	0	0	0	1	0	0	0	0	0	0	0	0	0	0	1	0	1
147	1	0	0	0	0	0	0	0	0	0	0	0	0	0	0	0	0	0	0	0	0	0	1
148	1	0	0	0	0	0	0	0	0	0	0	0	0	0	0	0	0	0	2	0	2	0	3
150	0	0	0	0	0	0	0	1	1	0	0	0	0	0	0	0	0	0	1	0	1	1	3
151	1	0	1	1	0	0	0	0	0	0	1	0	0	0	0	2	0	0	0	0	0	1	6
152	2	8	2	0	0	0	0	0	0	0	0	0	0	0	1	1	0	1	0	0	0	1	15
153	2	2	0	0	0	0	0	0	2	0	0	0	0	0	0	0	0	0	1	1	2	0	8
154	1	0	0	1	4	2	0	8	2	1	4	0	0	1	0	0	0	6	0	0	20	2	30
155	0	0	0	0	3	1	0	3	0	0	1	0	0	0	0	0	0	2	0	0	10	0	10
156	7	0	1	1	0	5	2	6	16	9	4	1	0	2	0	5	2	9	0	4	27	16	74
157	0	0	0	0	0	0	0	0	1	0	0	0	0	1	0	0	0	1	0	0	0	1	3
158	0	0	0	0	0	0	0	0	0	1	0	0	0	0	0	0	0	0	0	0	0	0	1
159	0	0	0	0	0	0	0	0	0	0	0	0	0	0	0	0	0	2	0	0	0	0	2
160	0	0	0	0	0	0	0	0	0	0	0	0	1	0	0	0	0	0	0	0	1	0	1
161	0	0	0	0	0	0	2	0	0	0	0	0	0	0	0	0	0	0	0	0	0	0	2
162	0	0	0	0	0	0	0	0	0	1	0	0	0	0	0	0	0	0	0	0	0	0	1
163	0	0	0	0	0	0	0	0	0	0	0	0	0	0	1	0	0	1	0	0	0	0	2
164	0	0	0	1	0	0	0	0	0	0	0	0	0	0	0	0	0	0	0	0	0	0	1
167	0	0	0	1	0	0	0	0	0	0	1	0	1	0	0	1	0	0	0	0	1	1	4
168	0	0	0	0	0	0	0	0	0	0	0	0	0	0	0	1	0	0	0	0	0	0	1
169	0	0	0	0	0	0	0	2	0	0	0	0	0	0	0	0	0	1	0	0	2	0	3
170	0	0	0	0	0	0	0	0	0	0	0	0	0	0	0	0	0	2	0	0	2	0	2
171	0	0	0	0	0	0	0	0	0	0	0	0	0	0	0	1	0	1	0	0	1	0	2
172	0	0	0	0	0	0	0	0	0	0	0	0	0	0	0	1	0	0	0	0	0	0	1
173	1	0	1	0	0	0	0	1	1	0	0	0	0	1	0	0	0	0	0	0	1	0	5
174	1	0	0	0	0	0	0	0	0	0	0	0	0	0	0	0	0	0	0	0	0	0	1
177	0	0	0	1	0	0	0	0	0	0	0	0	0	0	0	0	0	1	0	0	0	0	2
178	0	0	0	0	0	0	0	0	0	0	0	0	0	0	0	0	1	0	0	0	0	0	1
180	0	0	0	0	0	0	0	2	0	0	0	0	0	0	0	0	0	0	0	0	2	0	2
181	0	0	0	0	0	0	0	0	2	0	0	0	0	0	0	0	0	2	0	0	2	2	4
182	0	0	0	0	0	0	0	0	1	0	0	0	0	0	0	0	0	0	0	0	1	0	1
184	0	0	0	1	0	0	0	0	0	0	0	0	0	0	0	0	0	1	0	0	1	0	2
185	0	0	0	0	0	0	0	1	0	1	0	0	0	0	0	0	0	0	0	0	0	0	2
186	0	0	0	0	0	1	0	0	0	0	0	0	0	1	0	0	0	0	0	0	1	0	2
189	0	0	1	0	0	0	0	1	2	0	0	0	0	0	0	0	0	0	0	0	1	0	4
190	0	0	1	0	0	0	0	0	0	0	0	0	0	0	0	0	0	1	0	0	1	0	2
191	0	0	0	0	0	0	0	0	0	1	0	0	0	0	0	1	0	1	0	0	1	0	3
192	1	0	0	0	0	0	0	0	0	0	0	0	0	0	0	0	0	0	0	1	2	0	2
195	0	0	0	2	4	0	0	0	0	0	1	0	0	0	0	0	0	0	0	0	7	0	7
196	0	0	0	0	3	0	0	0	2	1	0	0	0	0	0	0	0	0	0	0	3	1	6
197	0	0	0	0	0	0	0	0	0	0	0	0	0	0	0	0	0	1	1	0	0	0	2
199	0	0	0	0	0	0	0	0	0	0	0	1	0	0	0	0	0	0	0	0	0	0	1
