 	A	C	D	E	F	G	H	I	K	L	M	N	P	Q	R	S	T	V	W	Y	Nterm	Cterm	Sum
-117	0	0	0	0	0	0	0	0	0	0	0	0	0	0	0	0	0	0	1	0	0	0	1
-100	0	0	0	0	0	0	0	0	0	0	0	0	0	0	0	0	0	0	1	0	0	0	1
-99	0	0	0	0	0	0	0	0	0	0	0	0	0	0	4	0	0	0	0	0	0	2	4
-98	0	0	0	0	0	0	0	0	0	0	0	0	0	0	1	0	0	0	0	1	0	0	2
-95	0	0	0	0	0	0	0	0	0	0	0	0	0	0	1	0	0	0	0	0	0	1	1
-94	0	0	0	0	0	0	0	0	0	0	0	0	0	0	1	0	0	0	0	0	0	0	1
-92	0	0	0	0	0	0	0	0	0	0	0	0	0	0	1	0	0	0	0	0	0	0	1
-90	0	0	0	0	0	0	0	0	0	0	0	0	0	0	0	0	0	0	0	1	1	0	1
-89	0	0	0	0	0	0	0	0	0	0	0	0	0	0	1	0	0	0	0	0	0	0	1
-88	0	0	0	0	1	0	0	0	0	0	0	0	0	0	1	0	0	0	0	0	0	0	2
-87	0	0	0	0	0	0	0	0	0	0	0	0	0	0	0	0	0	0	0	2	0	0	2
-86	0	0	0	0	0	0	0	0	0	0	0	0	0	0	3	0	0	0	0	0	0	2	3
-85	0	0	0	0	0	0	0	0	0	0	0	0	0	0	2	0	0	0	0	0	0	2	2
-83	0	0	0	0	0	0	0	0	0	0	0	0	0	0	1	0	0	0	0	0	0	0	1
-82	0	0	0	0	1	0	0	0	0	0	0	0	0	0	0	0	0	0	0	1	0	0	2
-80	0	0	0	0	0	0	2	0	0	0	0	0	0	0	2	0	0	0	0	0	0	0	4
-79	0	0	0	0	0	0	2	0	0	0	0	0	0	0	1	0	0	0	0	0	0	0	3
-78	0	0	0	0	0	0	0	0	0	0	0	0	0	0	1	0	0	0	0	0	0	1	1
-77	0	0	0	0	0	0	0	0	0	0	0	0	0	0	1	0	0	0	0	0	0	0	1
-76	0	0	0	0	1	0	0	0	0	0	0	0	0	0	2	0	0	0	0	0	1	1	3
-75	0	0	0	0	0	0	0	0	0	0	0	0	0	0	2	0	0	0	0	1	0	0	3
-74	0	0	0	0	1	0	0	0	0	0	1	0	0	0	1	0	0	0	0	0	1	0	3
-73	0	0	0	0	2	0	0	0	0	0	0	0	0	0	1	0	0	0	0	0	0	0	3
-72	0	0	0	1	0	0	0	0	0	0	1	0	0	0	0	0	0	0	0	0	0	0	2
-71	0	0	0	0	0	0	0	0	1	0	0	0	0	0	0	0	0	0	0	1	1	0	2
-70	0	0	0	1	0	0	0	0	0	0	0	0	0	2	0	0	0	0	0	0	2	0	3
-69	0	0	0	2	0	0	0	0	1	0	0	0	0	1	0	0	0	0	0	0	0	0	4
-68	0	0	0	0	0	0	0	0	1	0	0	0	0	0	0	0	0	0	0	0	0	0	1
-67	0	0	0	1	0	0	0	0	1	0	0	0	0	1	0	0	0	0	0	2	0	0	5
-66	0	0	0	0	0	0	0	0	0	0	2	0	0	0	1	0	0	0	0	0	0	1	3
-65	0	0	0	0	0	0	0	0	0	0	0	0	0	0	2	0	0	0	0	0	0	0	2
-64	0	0	0	0	1	0	0	0	0	0	0	0	0	0	0	0	0	0	1	0	0	0	2
-63	0	0	0	0	0	0	0	0	0	0	1	0	0	1	0	0	0	0	0	0	1	0	2
-62	0	0	0	1	0	0	1	0	0	0	1	0	0	0	0	0	0	0	0	0	0	0	3
-61	0	0	0	0	1	0	4	0	3	0	0	0	0	0	2	0	0	0	0	0	0	1	10
-60	0	0	0	1	0	0	0	0	0	0	1	0	0	1	2	0	0	0	1	0	0	2	6
-59	0	0	0	0	0	0	0	0	2	0	0	0	0	0	0	0	0	0	0	0	0	0	2
-57	0	0	0	0	0	0	0	0	0	0	0	2	0	0	1	0	0	0	1	1	0	0	5
-55	0	0	1	0	1	0	0	0	0	2	0	0	0	0	0	0	0	0	0	0	0	0	4
-54	0	2	0	0	0	0	0	0	2	0	0	0	0	0	0	0	0	0	1	0	0	0	5
-53	0	0	0	1	0	0	0	0	0	0	1	1	0	0	1	0	0	0	0	0	0	0	4
-52	0	0	0	0	0	0	0	0	1	0	0	0	0	0	0	0	0	0	0	0	0	0	1
-51	0	0	0	0	0	0	0	0	1	0	0	2	0	0	0	0	0	0	0	0	0	0	3
-50	0	0	1	1	0	0	0	0	0	0	0	0	0	0	0	0	0	0	0	0	0	0	2
-49	0	0	0	0	0	0	0	0	1	0	6	0	0	0	0	0	0	0	0	0	4	1	7
-48	0	1	17	30	16	0	23	15	8	26	248	11	0	11	7	0	0	0	2	17	77	13	432
-47	0	1	1	5	0	0	0	0	1	2	8	2	0	0	0	0	0	0	0	0	1	1	20
-46	0	0	1	0	0	0	0	1	0	0	4	0	0	1	0	0	0	0	0	0	0	0	7
-45	0	0	0	2	0	0	0	0	2	1	1	0	0	0	0	0	0	0	0	0	0	0	6
-44	0	0	0	1	0	0	0	1	0	0	0	0	0	1	2	0	0	0	1	0	1	3	6
-43	0	1	0	0	0	0	0	0	0	2	1	0	0	1	3	0	0	0	0	0	0	0	8
-42	0	0	0	1	0	0	0	0	1	1	0	0	0	0	0	0	0	0	0	0	1	1	3
-41	0	0	0	0	0	0	0	1	0	0	0	0	0	0	0	0	0	0	0	0	0	0	1
-39	0	0	0	0	1	0	0	0	0	4	0	1	0	0	0	0	0	2	0	0	4	0	8
-38	0	0	0	0	0	0	0	0	0	0	1	0	0	0	0	0	0	0	0	0	0	0	1
-37	0	0	0	0	1	0	0	0	0	0	0	0	0	1	0	0	1	0	0	0	0	0	3
-36	0	0	0	1	0	0	0	0	0	1	1	0	0	0	1	0	3	0	0	0	1	0	7
-35	0	0	0	0	0	0	0	0	0	2	0	0	2	0	0	0	1	0	3	0	1	0	8
-34	0	0	0	2	1	0	0	0	0	2	0	0	2	0	0	0	0	0	0	0	2	0	7
-33	0	0	0	0	0	0	0	0	0	0	1	0	1	0	0	0	0	0	0	0	1	0	2
-32	0	0	0	2	0	0	0	1	1	0	0	0	0	0	0	0	2	1	0	0	0	1	7
-31	0	2	0	0	0	0	0	0	0	1	2	0	0	0	0	0	0	0	0	0	2	0	5
-30	0	0	0	1	0	0	0	0	0	0	2	0	0	0	0	1	2	0	0	0	1	0	6
-29	0	0	0	2	0	0	0	2	3	0	0	0	0	0	0	1	1	0	0	0	2	0	9
-28	0	0	0	0	0	0	0	0	1	2	1	0	0	0	2	1	0	0	0	0	4	1	7
-27	0	0	0	0	0	0	0	0	0	0	0	0	0	0	1	0	0	1	0	0	1	0	2
-26	0	0	3	1	0	0	0	2	0	0	0	0	0	1	1	0	0	0	0	0	0	0	8
-25	0	0	0	1	1	0	2	0	0	1	0	0	0	1	0	0	0	0	0	0	2	0	6
-24	0	0	0	0	0	0	0	0	0	0	0	0	1	0	1	0	1	0	0	0	1	0	3
-22	0	0	0	2	0	0	0	0	0	0	0	0	0	0	0	2	6	0	0	0	1	0	10
-21	0	0	0	1	0	0	0	1	0	0	0	0	1	0	0	0	0	0	0	0	0	0	3
-20	0	0	0	1	1	0	0	0	1	2	0	0	0	0	0	1	0	1	0	0	1	1	7
-19	0	0	0	0	0	0	0	1	0	0	0	0	0	5	2	0	0	0	0	0	6	0	8
-18	0	0	18	31	6	0	2	8	8	18	2	2	8	18	2	16	46	6	0	0	48	6	191
-17	0	64	13	16	8	0	29	18	10	18	1	47	8	228	0	17	13	13	3	7	292	2	513
-16	0	4	2	4	1	0	1	1	0	3	0	3	3	26	0	5	3	3	0	1	30	0	60
-15	0	3	0	3	0	0	0	3	1	0	0	4	0	9	1	2	5	3	0	0	12	0	34
-14	0	1	0	1	0	0	0	0	0	1	0	0	0	2	1	0	4	2	0	0	2	0	12
-13	0	0	1	0	0	0	0	1	1	0	0	0	1	0	0	1	0	1	0	0	0	0	6
-12	0	0	0	0	0	0	0	0	0	0	1	0	0	0	0	0	0	0	0	0	0	0	1
-11	1	0	1	1	1	0	0	2	0	2	0	0	1	0	0	0	0	0	0	0	0	0	9
-10	0	0	0	1	0	0	0	2	0	0	0	0	0	0	0	0	0	0	0	0	2	0	3
-9	0	0	0	0	0	0	0	0	2	0	0	0	0	0	0	1	0	0	1	0	0	2	4
-8	2	0	0	0	0	0	0	0	0	0	0	0	0	0	0	2	0	0	0	0	0	0	4
-7	2	0	2	0	0	0	1	1	1	0	0	0	0	1	0	0	1	0	1	0	0	0	10
-6	1	0	0	0	0	0	0	0	0	0	0	0	1	0	0	4	3	1	0	1	4	0	11
-5	2	0	0	0	0	0	1	0	0	0	0	0	0	0	0	0	0	0	0	0	0	0	3
-4	0	0	0	1	0	0	0	0	4	1	1	0	0	0	2	0	0	1	0	0	5	0	10
-3	0	1	1	0	1	0	1	0	0	4	0	0	0	0	1	0	3	2	0	0	9	1	14
-2	18	6	11	17	6	0	3	16	17	25	7	7	4	22	6	9	19	24	9	6	128	21	232
-1	36	6	13	24	13	0	11	27	15	39	20	21	5	9	8	11	16	31	3	6	198	16	314
1	217	31	76	119	59	148	94	148	139	188	30	174	132	119	60	95	117	208	18	48	571	115	2220
2	46	11	10	29	12	27	17	29	13	29	15	14	10	28	11	24	17	42	8	15	174	17	407
3	11	6	5	10	2	9	3	17	3	10	6	8	2	6	1	7	3	18	1	6	39	4	134
4	2	1	2	1	2	0	0	1	1	4	0	0	0	2	1	1	0	0	1	0	4	0	19
5	1	1	0	2	1	0	0	1	0	3	2	0	1	2	0	1	0	0	0	0	2	0	15
6	0	0	0	0	0	0	0	0	0	1	0	0	0	0	0	1	0	1	0	0	1	0	3
7	0	2	0	0	0	0	0	0	0	1	0	0	0	0	0	0	0	0	0	0	0	0	3
8	0	0	0	0	0	0	0	0	0	0	0	0	1	0	0	0	1	0	0	0	0	0	2
10	1	0	0	0	0	0	0	0	1	0	0	1	0	1	0	1	1	0	0	0	1	1	6
11	0	0	0	0	0	0	0	0	0	0	0	0	1	0	1	0	0	0	0	0	0	1	2
12	0	0	0	1	1	0	2	0	1	0	0	0	0	0	1	0	0	2	15	0	15	1	23
13	0	0	0	1	0	0	0	0	1	1	0	0	0	0	0	0	0	0	1	0	1	0	4
14	5	0	5	7	2	4	1	0	21	0	1	0	5	2	1	0	1	3	10	79	14	2	147
15	1	0	0	0	1	4	0	1	1	0	1	0	1	0	0	1	1	1	1	9	5	0	23
16	52	8	25	59	20	67	13	13	7	41	919	37	76	23	14	43	23	46	35	12	357	18	1533
17	20	0	10	4	2	19	6	5	0	6	50	4	16	9	1	1	5	3	1	3	19	1	165
18	1	0	1	0	0	1	0	2	0	2	6	0	2	0	1	2	0	2	0	0	7	0	20
19	1	0	0	0	0	0	0	0	0	1	0	1	2	0	0	2	0	0	0	0	2	0	7
20	0	0	1	0	0	0	0	0	0	0	0	0	0	0	1	0	0	0	0	0	1	0	2
21	1	0	0	2	1	1	0	0	0	0	0	0	0	1	1	0	0	0	0	0	1	0	7
22	85	18	135	106	22	88	7	45	2	55	4	69	67	30	0	59	55	68	6	21	77	0	942
23	8	0	5	7	2	3	5	1	2	4	1	5	5	6	0	7	6	2	1	2	2	0	72
24	12	0	23	13	6	5	2	6	0	4	1	2	3	5	0	11	6	4	0	3	3	0	106
25	1	0	1	0	1	1	0	0	0	0	0	0	0	0	0	1	0	1	0	2	1	0	8
26	0	0	0	0	0	0	0	0	2	0	0	0	0	1	0	0	0	0	0	0	2	0	3
27	0	0	0	0	0	0	0	0	0	0	0	1	0	0	0	0	0	0	0	0	0	0	1
28	12	0	0	12	0	5	1	2	9	3	6	0	2	0	0	17	2	2	0	1	28	2	74
29	1	0	0	2	0	1	0	3	0	2	1	1	0	0	1	0	0	0	0	0	7	1	12
30	0	0	0	0	0	0	0	0	0	0	0	2	0	1	0	0	0	1	2	0	2	0	6
31	1	0	0	0	0	0	0	0	0	0	0	1	0	0	1	0	0	0	0	0	0	0	3
32	3	1	9	6	0	4	0	0	0	4	6	6	1	0	0	4	0	3	40	10	16	0	97
33	0	1	0	0	0	0	0	1	0	1	2	1	0	0	1	0	0	0	2	1	3	0	10
34	0	0	0	0	0	1	0	1	0	2	0	0	0	0	0	0	1	0	0	0	5	0	5
35	1	0	0	0	0	0	0	0	0	2	0	0	0	0	0	0	0	0	0	1	3	0	4
36	0	0	0	0	0	1	0	0	0	0	0	0	0	0	0	0	0	0	0	0	0	0	1
38	41	3	52	42	19	29	3	28	0	41	4	35	36	11	0	44	21	28	0	8	24	0	445
39	1	1	5	7	0	3	0	0	0	2	0	3	6	2	0	5	0	3	0	0	4	0	38
40	0	0	1	0	1	0	0	0	1	0	0	0	0	0	0	0	1	0	0	0	0	1	4
41	2	0	0	0	0	0	0	0	0	0	0	1	1	0	0	0	0	0	0	0	0	0	4
42	6	0	1	0	1	0	0	2	1	1	0	0	0	1	1	39	2	0	0	0	48	0	55
43	0	0	1	1	0	0	0	0	0	0	0	0	0	0	2	1	1	0	0	0	2	0	6
44	1	0	0	1	0	0	0	0	1	0	2	0	0	0	0	0	1	0	0	0	2	0	6
46	0	0	2	0	0	0	0	0	0	0	0	0	0	0	0	0	0	1	0	0	0	0	3
47	0	1	0	0	0	0	0	0	0	0	0	0	0	0	0	0	0	0	0	0	0	0	1
48	0	0	0	0	0	0	0	0	0	0	0	0	0	0	2	0	0	0	0	0	0	0	2
50	0	0	0	0	0	0	0	2	0	0	0	0	1	0	0	0	0	0	0	0	3	0	3
51	0	0	0	1	0	0	0	0	0	1	0	0	0	0	1	0	0	0	0	0	1	0	3
52	0	0	0	4	0	0	0	0	0	0	0	0	0	0	0	0	2	0	0	0	5	0	6
53	5	1	17	24	8	9	1	8	1	5	0	8	12	1	6	12	8	10	0	4	14	0	140
54	0	0	0	2	0	1	0	3	1	2	0	0	2	0	2	2	0	0	0	0	8	0	15
55	0	0	0	0	0	0	0	0	0	0	0	1	0	0	1	0	0	0	0	0	1	0	2
56	0	0	0	0	0	0	0	0	0	2	0	0	0	0	0	0	0	0	0	0	1	0	2
57	11	0	4	5	5	14	8	6	2	10	9	2	2	7	3	6	7	12	0	0	76	4	113
58	1	0	0	0	0	1	0	2	0	1	1	0	0	1	0	0	0	0	0	0	3	0	7
59	0	0	0	0	1	0	0	0	0	0	0	1	0	0	1	0	0	1	0	0	2	0	4
60	1	0	0	0	0	0	0	0	0	0	0	0	0	0	0	0	0	0	0	0	0	0	1
62	0	0	0	0	0	0	0	0	0	1	0	0	0	0	0	0	1	0	0	0	0	0	2
63	0	0	0	1	0	0	0	0	0	0	0	0	0	0	0	1	0	1	0	0	0	0	3
64	1	0	0	0	0	0	0	0	0	0	0	0	0	0	0	3	0	1	0	1	2	0	6
65	0	0	0	1	0	0	0	1	0	0	0	0	0	0	0	0	0	0	0	0	0	0	2
67	0	0	0	1	1	0	0	0	0	2	0	0	0	0	0	0	0	0	0	0	1	0	4
68	0	0	0	0	0	0	0	0	1	0	0	0	0	1	0	1	0	0	0	0	0	1	3
69	0	0	0	2	0	0	0	1	0	0	0	0	0	0	0	0	0	0	0	0	2	0	3
71	0	0	1	1	0	1	0	0	0	0	0	0	0	0	0	0	0	0	0	0	0	0	3
73	0	0	0	0	0	0	0	0	0	1	0	1	0	0	0	0	0	0	0	0	0	0	2
75	0	0	0	0	0	0	0	0	0	0	0	0	0	0	0	0	0	1	0	1	0	0	2
76	1	0	0	0	0	1	0	0	0	0	0	1	0	0	1	0	0	0	0	0	1	0	4
77	1	0	0	0	0	0	0	0	0	0	0	0	0	0	0	0	0	0	0	0	1	0	1
79	0	0	0	0	1	0	0	0	0	0	0	1	0	0	0	0	0	0	0	0	1	0	2
80	0	0	0	0	1	0	0	0	0	0	1	0	0	0	0	0	0	0	0	0	0	0	2
81	0	0	0	0	0	0	0	0	6	0	0	0	0	0	0	0	0	0	0	0	6	0	6
82	0	0	1	0	0	0	0	0	2	0	0	0	0	0	0	0	0	0	0	0	3	0	3
83	0	0	0	0	0	3	0	1	1	0	0	0	0	0	0	1	0	0	0	0	1	0	6
85	0	0	0	2	0	0	0	0	0	0	1	0	0	0	0	0	0	0	0	0	1	0	3
87	0	0	0	2	0	0	0	0	0	0	0	0	1	0	0	0	0	0	0	1	1	0	4
88	0	0	0	0	0	2	0	0	0	0	0	0	0	0	0	0	0	0	0	1	3	0	3
89	0	0	0	0	0	1	0	0	0	0	0	0	0	0	0	0	0	0	0	0	1	0	1
91	0	0	0	0	0	0	0	0	0	1	0	0	0	0	0	0	0	0	0	0	0	0	1
92	0	0	0	0	0	0	0	1	0	0	0	0	0	0	0	0	0	0	0	2	0	0	3
93	1	0	0	2	0	0	0	0	0	1	0	0	0	0	0	0	0	0	0	0	0	0	4
94	0	0	0	1	0	0	0	0	0	0	0	1	0	0	0	0	1	0	0	0	1	0	3
95	0	0	0	0	0	0	0	0	1	0	0	0	0	0	0	0	0	0	0	0	1	0	1
96	2	0	0	0	0	0	0	0	0	1	0	0	0	0	0	0	0	0	0	0	1	0	3
98	0	0	0	1	0	0	0	0	0	0	0	0	0	0	0	0	0	1	0	0	1	0	2
100	0	0	0	0	0	0	0	0	2	0	0	0	0	0	0	0	1	0	0	0	2	0	3
101	0	0	0	0	0	0	0	0	1	0	0	0	0	0	0	0	0	1	0	0	2	0	2
104	0	0	0	0	0	0	0	0	2	1	0	0	0	0	0	0	0	0	0	0	2	0	3
105	1	0	0	0	0	0	0	1	0	0	0	0	0	0	0	1	0	0	0	0	0	0	3
107	0	0	0	1	0	0	0	0	0	0	0	0	0	0	0	0	0	0	0	0	0	0	1
108	0	0	0	1	0	0	0	0	0	0	0	0	0	0	0	0	2	0	0	0	0	0	3
109	0	0	0	0	0	0	0	0	0	0	0	0	0	0	2	0	0	0	0	0	0	0	2
110	0	0	0	0	0	0	0	0	0	0	2	0	0	0	0	0	0	0	0	0	2	0	2
111	0	0	0	0	0	0	0	0	0	0	1	0	0	0	0	0	0	0	0	0	1	0	1
114	0	0	0	1	0	0	0	0	0	0	1	0	0	0	0	0	0	0	0	0	0	0	2
115	0	0	0	0	1	0	0	0	0	0	0	0	0	0	0	0	0	1	0	0	1	0	2
116	0	0	0	0	0	0	0	1	0	0	0	0	0	0	0	0	0	1	0	0	1	0	2
118	0	0	0	0	0	0	0	0	0	0	0	0	1	0	0	0	0	0	0	0	0	0	1
119	1	0	0	0	0	0	0	0	0	0	0	0	0	1	0	0	0	0	0	0	0	0	2
120	0	0	0	0	0	0	0	0	0	0	0	0	0	0	0	0	0	0	0	1	0	0	1
121	0	0	0	0	0	0	0	0	2	0	0	0	0	0	0	0	0	0	0	0	0	0	2
122	0	0	0	0	0	0	0	0	1	0	0	0	0	0	0	0	0	0	0	0	0	0	1
123	1	0	0	0	0	0	0	0	0	0	0	0	0	0	0	0	0	0	0	0	1	0	1
124	0	0	0	2	1	0	0	2	0	2	4	3	0	0	0	2	0	3	0	1	16	0	20
125	1	0	0	2	2	0	0	2	0	4	0	1	0	1	0	0	0	0	0	0	12	0	13
126	0	0	0	0	0	0	0	0	0	0	1	0	0	0	2	0	2	0	0	0	3	1	5
127	1	0	0	1	0	0	0	0	0	0	0	0	0	0	0	0	0	0	0	0	2	0	2
128	15	1	3	1	2	7	1	4	10	3	2	0	3	1	4	0	0	1	0	1	21	14	59
129	0	0	0	6	0	0	0	0	0	0	0	1	2	0	0	5	0	0	0	0	0	5	14
130	0	0	0	3	0	0	0	0	0	0	0	0	0	0	0	0	0	0	0	0	0	3	3
133	0	0	0	0	0	0	0	0	0	0	0	0	0	0	0	0	1	0	0	0	0	0	1
135	0	0	0	0	0	0	0	1	0	0	0	0	0	0	0	0	0	0	0	0	0	0	1
137	0	0	0	0	0	0	0	0	0	0	0	0	0	0	1	0	0	0	0	0	1	0	1
138	0	0	0	0	0	0	0	0	0	0	0	0	0	0	1	0	0	0	0	0	0	0	1
139	0	0	0	0	0	1	0	0	0	0	0	0	0	0	0	0	0	0	0	0	1	0	1
140	0	0	0	0	0	0	0	0	0	0	0	0	0	0	0	0	0	2	0	0	2	0	2
141	0	0	0	0	0	0	0	2	0	1	0	0	0	0	0	0	0	0	0	0	2	0	3
142	0	0	0	0	0	0	0	0	1	0	0	0	0	0	0	0	0	1	0	0	1	0	2
143	0	0	0	0	0	0	0	0	0	0	0	0	0	0	0	1	0	1	0	0	0	0	2
144	0	0	0	0	0	1	0	0	0	0	0	0	0	1	0	0	0	0	0	0	0	0	2
145	0	0	0	0	0	1	0	1	0	0	0	0	0	0	0	0	0	0	0	0	1	0	2
146	0	0	0	1	0	0	0	0	0	0	0	0	0	0	0	0	0	1	0	0	0	0	2
147	0	0	0	0	0	0	0	0	0	0	0	1	0	0	0	0	0	0	0	0	1	0	1
148	0	0	0	0	0	0	0	0	0	0	0	0	0	0	0	0	0	0	1	0	1	0	1
149	0	0	0	0	0	0	0	0	0	0	0	0	0	0	0	0	0	0	2	0	2	0	2
152	1	3	0	0	0	0	0	0	0	0	0	0	0	0	1	0	0	0	0	0	0	1	5
154	0	0	0	0	2	0	0	7	2	0	4	1	0	0	0	0	0	2	0	0	15	2	18
155	0	0	0	0	0	0	0	2	0	1	2	0	0	0	0	0	0	0	0	0	5	0	5
156	12	0	1	1	1	3	1	5	11	7	7	0	2	0	1	4	6	8	0	2	31	12	72
158	0	0	0	0	0	0	0	0	0	0	0	0	0	0	0	0	0	1	0	0	0	0	1
160	0	0	0	0	0	0	0	0	0	0	0	0	0	0	0	0	0	1	0	0	0	0	1
161	0	0	0	0	0	0	0	0	1	0	0	0	0	0	0	0	0	0	0	0	0	0	1
163	0	0	0	0	0	0	0	0	0	0	0	0	0	0	0	0	1	0	0	0	0	0	1
166	0	0	0	0	0	0	0	0	1	0	0	0	0	0	0	0	0	0	0	0	0	0	1
167	1	0	0	0	0	0	0	0	0	0	0	0	0	0	0	0	0	0	0	0	0	0	1
169	0	0	0	0	0	0	0	1	0	0	0	0	0	0	0	0	0	0	0	0	1	0	1
170	0	0	0	0	0	0	0	0	0	0	0	0	0	0	0	1	0	0	0	0	1	0	1
172	2	0	0	0	0	0	0	0	0	0	0	0	0	0	0	0	0	0	0	1	0	0	3
173	1	0	0	0	0	0	0	0	0	0	0	0	0	0	0	1	0	0	0	0	0	0	2
176	0	0	0	0	0	0	0	0	0	1	0	0	0	0	0	0	0	0	0	0	1	0	1
177	0	0	0	0	0	0	0	0	2	0	0	1	0	0	0	0	0	0	0	0	0	0	3
180	0	0	0	0	0	0	0	1	0	0	0	0	0	0	0	0	0	2	0	0	3	0	3
181	0	0	0	0	0	0	0	1	2	0	0	0	0	0	0	0	0	0	0	0	3	0	3
183	0	0	0	0	0	0	0	1	0	1	0	0	0	0	0	0	0	0	0	0	1	0	2
185	0	0	0	0	1	0	0	0	0	0	0	0	0	0	0	0	0	0	0	0	1	0	1
190	1	0	0	0	0	0	0	0	0	0	0	0	0	0	0	0	0	0	0	0	1	0	1
191	0	0	0	0	0	0	0	1	0	0	0	0	0	0	0	0	0	0	0	0	1	0	1
193	1	0	0	0	1	0	0	0	0	0	0	0	0	0	0	0	0	0	0	0	1	0	2
195	2	0	0	0	2	0	0	0	0	0	1	0	0	0	0	0	0	0	0	0	3	0	5
197	0	0	0	0	0	1	0	0	0	0	0	0	1	0	0	0	0	0	0	0	1	0	2
