 	A	C	D	E	F	G	H	I	K	L	M	N	P	Q	R	S	T	V	W	Y	Nterm	Cterm	Sum
-112	0	0	0	0	0	0	0	0	0	0	0	0	0	0	0	0	0	0	2	0	0	0	2
-107	0	0	0	0	0	0	0	0	0	0	0	0	0	0	0	0	0	0	4	0	0	0	4
-106	0	0	0	0	0	0	0	0	0	0	0	0	0	0	0	0	0	0	1	0	0	0	1
-100	0	0	0	0	0	0	0	0	0	0	0	0	0	0	0	0	0	0	1	0	1	0	1
-99	0	0	0	0	0	0	0	0	0	0	0	0	0	0	3	0	0	0	0	0	0	0	3
-98	0	0	0	0	0	0	0	0	0	0	0	0	0	0	0	0	0	0	0	1	1	0	1
-97	0	0	0	0	0	0	0	0	0	0	0	0	0	0	1	0	0	0	0	0	0	1	1
-96	0	0	0	0	0	0	0	0	0	0	0	0	0	0	1	0	0	0	0	0	0	0	1
-94	0	0	0	0	0	0	0	0	0	0	0	0	0	0	1	0	0	0	0	0	0	0	1
-90	0	0	0	0	0	0	0	0	0	0	0	0	0	0	0	0	0	0	1	0	0	0	1
-89	0	0	0	0	0	0	0	0	0	0	0	0	0	0	1	0	0	0	0	0	0	0	1
-86	0	0	0	0	1	0	0	0	0	0	0	0	0	0	4	0	0	0	0	0	0	4	5
-85	0	0	0	0	0	0	0	0	0	0	0	0	0	0	0	0	0	0	1	0	0	0	1
-84	0	0	0	0	0	0	0	0	0	0	0	0	0	0	0	0	0	0	1	0	0	0	1
-82	0	0	0	0	2	0	0	0	0	0	0	0	0	0	2	0	0	0	0	0	0	1	4
-81	0	0	0	0	0	0	0	0	0	0	0	0	0	0	0	0	0	0	0	1	0	0	1
-80	0	0	0	0	0	0	0	0	0	0	0	0	0	0	2	0	0	0	0	0	0	0	2
-77	0	0	0	0	0	0	0	0	0	0	0	0	0	0	1	0	0	0	1	0	0	1	2
-75	0	0	0	0	0	0	0	0	0	0	0	0	0	0	0	0	0	0	0	1	0	0	1
-74	0	0	0	0	0	0	0	0	0	0	1	0	0	0	10	0	0	0	0	0	1	1	11
-73	0	0	0	0	0	0	0	0	0	0	1	0	0	0	0	0	0	0	0	0	1	0	1
-71	0	0	0	0	1	0	0	0	0	0	0	0	0	0	0	0	0	0	1	0	0	0	2
-70	0	0	0	0	0	0	1	0	0	0	0	0	0	1	1	0	0	0	0	0	1	0	3
-69	0	0	0	1	0	0	0	0	0	0	0	0	0	1	0	0	0	0	0	0	0	0	2
-68	0	0	0	1	1	0	0	0	0	0	0	0	0	0	0	0	0	0	0	0	0	0	2
-66	0	1	0	1	0	0	0	0	0	0	0	0	0	2	0	0	0	0	0	0	0	0	4
-65	0	0	0	2	2	0	0	0	0	0	0	0	0	0	0	0	0	0	0	0	0	0	4
-64	0	0	0	0	2	0	0	0	0	0	0	0	0	0	0	0	0	0	0	0	0	0	2
-63	0	1	0	0	0	0	0	0	0	0	0	0	0	0	1	0	0	0	0	0	0	1	2
-62	0	0	0	0	0	0	0	0	1	0	0	0	0	0	0	0	0	0	0	2	0	0	3
-61	0	0	0	1	0	0	11	0	1	0	0	0	0	0	1	0	0	0	0	0	0	1	14
-60	0	1	0	1	0	0	0	0	0	0	0	0	0	0	0	0	0	0	0	0	0	0	2
-58	0	0	2	0	0	0	0	0	0	0	0	0	0	2	1	0	0	0	0	0	2	0	5
-57	0	1	0	0	0	0	0	0	0	0	0	0	0	0	1	0	0	0	0	0	1	0	2
-56	0	0	0	0	0	0	0	0	1	3	0	0	0	0	0	0	0	0	0	0	0	1	4
-55	0	0	1	0	0	0	0	1	0	2	0	0	0	0	0	0	0	0	0	0	0	0	4
-54	0	0	0	0	1	0	0	0	0	1	0	0	0	0	0	0	0	0	0	0	0	0	2
-53	0	0	1	0	0	0	0	0	0	0	0	0	0	0	0	0	0	0	0	0	0	0	1
-52	0	0	0	0	0	0	0	0	0	2	0	0	0	0	0	0	0	0	0	0	0	0	2
-51	0	0	0	0	0	0	0	0	0	1	0	0	0	0	0	0	0	0	0	0	1	0	1
-50	0	0	0	0	0	0	0	0	0	0	0	0	0	0	2	0	0	0	0	0	0	0	2
-49	0	0	1	0	0	0	0	0	0	0	1	0	0	0	0	0	0	0	0	0	1	0	2
-48	0	0	0	1	0	0	2	2	0	0	15	0	0	2	0	0	0	0	0	1	9	0	23
-47	0	0	0	1	0	0	0	0	0	0	0	0	0	0	0	0	0	0	0	1	1	0	2
-45	0	0	0	0	1	0	0	0	0	0	0	0	0	0	0	0	0	0	0	0	0	0	1
-44	0	0	0	0	1	0	1	0	0	1	0	0	0	0	0	0	0	0	0	0	0	0	3
-43	0	0	0	0	0	0	0	1	0	1	1	0	0	0	0	0	0	0	0	2	2	0	5
-42	0	0	1	0	0	0	0	1	1	1	1	1	0	0	0	0	0	0	0	0	1	0	6
-41	0	0	1	0	0	0	0	0	0	1	2	0	0	0	1	0	0	0	0	0	0	0	5
-40	0	0	0	0	0	0	2	0	0	0	0	0	0	0	0	0	0	0	0	0	1	0	2
-39	0	0	0	0	1	0	0	0	1	1	1	0	1	0	1	0	0	0	0	0	1	1	6
-37	0	0	0	0	0	0	0	0	0	0	0	0	0	0	0	0	0	1	0	0	0	0	1
-36	0	0	0	0	0	0	0	0	1	1	0	1	0	0	0	0	0	0	0	0	1	0	3
-35	0	0	2	0	0	0	0	0	0	0	0	0	0	0	0	0	0	0	0	0	0	0	2
-34	0	0	0	0	0	0	0	1	0	0	0	0	0	0	0	0	1	0	1	1	1	0	4
-33	0	1	1	0	0	0	0	1	1	0	0	0	0	0	0	0	0	0	0	0	0	0	4
-32	0	0	0	1	0	0	0	1	0	1	0	0	0	0	0	0	0	0	0	0	1	0	3
-31	0	0	0	1	0	0	0	0	0	0	0	0	0	0	0	0	0	1	0	1	0	0	3
-30	0	0	0	0	0	0	0	1	1	0	0	0	0	0	1	0	2	0	0	0	1	0	5
-29	0	0	0	3	0	0	0	0	0	1	0	0	0	0	0	0	0	0	0	0	0	0	4
-28	0	0	0	1	0	0	1	0	0	0	0	0	0	0	2	0	1	0	0	0	1	1	5
-27	0	0	1	0	0	0	0	0	0	2	0	0	0	0	0	0	0	0	0	0	0	0	3
-26	0	0	0	2	2	0	0	1	0	1	0	0	2	0	0	1	0	0	0	0	1	0	9
-25	0	2	0	0	0	0	0	0	0	0	1	0	0	0	1	0	0	0	0	0	0	0	4
-24	0	0	0	0	0	0	0	1	0	1	0	0	0	0	0	0	1	0	0	0	0	0	3
-23	0	0	0	0	1	0	0	0	0	0	0	1	0	0	0	0	0	0	0	0	0	0	2
-22	0	0	0	0	0	0	0	0	1	1	0	0	1	0	0	0	1	0	0	0	0	0	4
-21	0	0	1	0	0	0	0	0	0	0	0	0	0	0	0	0	0	0	3	0	0	0	4
-20	0	0	0	1	0	0	0	0	0	0	0	0	0	0	1	0	0	0	0	0	0	0	2
-19	0	0	0	0	0	0	1	1	0	0	0	0	0	2	0	0	0	0	0	0	2	0	4
-18	0	1	6	15	1	0	1	6	1	9	0	4	0	15	3	10	21	5	1	0	29	2	99
-17	0	17	9	5	4	0	4	8	9	13	2	18	7	101	0	13	14	15	21	5	135	2	265
-16	0	5	1	2	1	0	2	3	1	2	0	9	2	19	3	2	9	2	0	2	19	0	65
-15	0	1	1	3	0	0	2	1	1	4	0	2	1	13	0	2	2	0	0	1	9	0	34
-14	1	0	1	0	0	0	0	0	0	0	0	1	1	4	0	1	1	0	0	0	3	0	10
-13	0	0	2	0	0	0	0	0	0	2	0	0	0	0	0	0	0	3	0	0	3	0	7
-12	0	0	0	0	2	0	0	0	0	1	1	1	0	0	2	1	0	1	0	0	1	0	9
-11	2	0	1	0	0	0	1	7	0	1	0	1	0	0	0	0	0	0	0	0	2	0	13
-10	0	1	0	0	0	0	1	0	0	0	2	0	0	0	0	0	0	0	0	0	3	0	4
-9	1	3	0	0	1	0	0	3	0	0	0	0	0	0	1	0	0	1	0	0	2	0	10
-8	0	0	1	0	0	0	0	0	0	0	0	0	1	0	0	0	2	0	0	0	0	0	4
-7	2	0	0	0	0	0	0	1	0	0	0	0	1	0	0	1	0	1	0	0	0	0	6
-6	1	0	0	0	0	0	0	3	1	0	0	0	1	1	0	1	0	1	0	0	0	0	9
-5	1	0	0	1	0	0	0	0	0	0	0	1	0	0	0	1	0	0	0	0	1	0	4
-4	0	0	1	0	0	0	0	0	1	0	0	0	0	0	1	0	0	0	0	0	1	0	3
-3	3	0	0	0	0	0	2	1	3	1	1	0	1	0	0	0	0	0	0	0	6	0	12
-2	10	7	6	6	10	0	0	15	12	18	9	4	4	11	1	9	7	18	1	6	77	9	154
-1	35	8	21	24	14	0	4	18	18	35	36	23	10	16	8	16	26	37	4	6	203	16	359
1	479	44	236	306	145	291	155	343	247	462	78	262	227	328	92	256	279	465	23	122	1513	187	4840
2	90	15	48	52	28	67	28	84	43	121	26	57	51	77	17	49	63	85	12	25	347	37	1038
3	15	5	6	18	5	12	3	14	12	24	10	5	8	10	0	5	12	23	2	8	64	3	197
4	5	0	1	1	2	0	1	3	1	7	1	1	0	1	0	0	0	3	0	0	9	0	27
5	1	0	1	0	0	0	0	2	0	1	4	0	0	0	0	0	1	0	0	0	2	0	10
6	0	0	0	0	0	0	0	1	0	0	0	0	0	1	0	0	0	0	0	0	0	0	2
7	0	3	1	0	0	1	0	0	0	0	4	0	0	0	0	0	0	0	0	0	0	0	9
8	0	0	0	0	0	0	0	0	0	0	1	0	0	0	0	0	0	0	0	0	0	0	1
9	0	0	0	0	0	1	0	0	0	0	0	0	0	0	0	0	0	0	0	1	2	0	2
10	0	0	0	0	0	1	0	0	0	0	0	0	0	0	0	1	1	0	0	0	1	0	3
11	1	0	0	0	0	0	0	0	0	0	0	0	0	0	0	0	1	0	0	0	0	0	2
12	0	0	0	2	2	0	0	0	2	0	0	0	0	0	0	1	0	0	1	0	1	0	8
13	0	0	0	0	0	0	0	0	2	1	0	0	0	0	0	1	0	0	1	0	1	0	5
14	5	0	8	6	0	7	0	1	19	5	1	3	3	0	1	5	4	2	2	99	18	1	171
15	1	0	0	2	2	2	2	3	3	0	7	3	2	2	0	3	1	1	4	25	12	0	63
16	52	6	36	95	9	80	10	25	7	60	981	24	111	30	13	41	41	41	58	17	404	19	1737
17	34	0	23	17	2	37	4	12	2	19	156	11	18	16	3	16	23	15	10	13	86	1	431
18	7	0	2	0	3	3	1	4	1	4	27	3	7	0	0	1	2	4	1	1	19	0	71
19	2	0	1	1	0	0	0	0	0	0	5	0	1	0	0	0	0	0	0	0	2	0	10
20	1	0	4	0	0	0	0	0	0	0	0	0	0	0	0	0	0	0	0	0	4	0	5
21	0	0	0	0	0	0	0	0	0	0	0	0	0	1	0	0	1	0	0	0	0	0	2
22	13	5	21	22	2	21	0	5	0	12	0	8	8	2	1	14	5	7	1	5	9	0	152
23	5	2	2	0	0	3	0	3	0	1	0	2	4	3	0	5	3	2	0	0	1	0	35
24	8	0	12	9	4	7	0	1	1	2	0	0	2	1	0	7	7	3	0	3	1	0	67
25	2	0	0	0	0	0	0	0	0	1	1	0	1	1	0	0	0	0	0	0	0	0	6
26	0	0	0	0	0	0	0	0	0	1	0	0	0	0	1	0	0	0	0	0	0	1	2
27	0	0	0	0	0	0	0	0	0	1	0	0	0	0	0	0	0	0	0	0	1	0	1
28	0	0	2	2	0	2	0	4	0	0	2	0	0	0	0	2	0	0	0	0	8	0	14
29	1	0	0	0	0	1	0	0	0	1	0	0	0	0	0	1	0	0	0	0	1	0	4
30	1	0	0	0	0	0	0	0	0	2	0	1	0	0	0	0	0	0	2	0	3	0	6
31	0	0	0	0	0	1	0	1	0	0	0	0	0	0	0	0	0	0	1	0	1	0	3
32	8	1	11	6	0	5	0	6	0	2	4	11	4	2	0	3	2	5	69	19	25	0	158
33	1	0	3	3	0	2	0	2	0	1	0	1	1	0	0	4	0	0	7	3	5	0	28
34	0	0	0	0	0	0	4	1	0	0	0	0	0	0	0	0	0	1	1	0	0	0	7
35	1	0	0	0	0	1	0	0	0	0	0	0	0	0	0	0	0	0	0	0	0	0	2
36	0	0	1	0	0	0	0	0	0	0	0	0	0	0	0	0	0	0	0	0	0	0	1
37	0	0	0	0	0	0	0	0	0	2	0	0	0	0	0	0	0	0	0	0	0	0	2
38	12	3	26	12	7	13	0	7	0	21	0	9	10	6	0	11	5	9	0	2	6	0	153
39	2	1	2	3	2	1	0	3	0	3	0	0	5	2	0	2	2	0	0	1	0	0	29
40	0	0	1	0	0	0	0	0	0	0	0	0	0	3	0	1	0	1	0	0	3	0	6
41	0	0	0	0	0	0	0	0	0	0	0	0	0	0	0	1	1	1	0	0	1	0	3
42	10	0	4	0	2	0	0	2	2	0	4	0	0	3	0	43	4	0	1	0	62	0	75
43	4	1	0	0	0	0	0	0	0	0	0	1	0	0	0	5	0	0	0	0	9	0	11
44	0	0	0	0	0	0	0	0	0	0	0	0	0	1	0	1	1	1	0	0	2	0	4
45	0	0	0	0	2	0	0	0	0	0	0	0	0	0	2	0	0	0	0	0	0	1	4
46	0	0	0	0	0	0	1	0	0	0	0	0	0	0	1	0	0	0	0	2	1	0	4
47	1	0	0	0	0	0	0	0	0	0	0	0	0	1	0	0	0	0	0	0	0	0	2
48	0	0	0	0	0	0	0	0	0	1	0	0	0	0	0	0	0	1	5	0	0	0	7
49	1	0	2	1	0	0	0	1	0	0	0	0	0	0	0	0	0	0	0	0	1	0	5
50	0	0	0	0	0	0	0	1	0	1	0	0	0	0	0	0	0	0	0	0	1	0	2
51	0	0	0	1	0	0	0	0	0	0	0	0	0	0	0	0	0	0	0	0	1	0	1
52	0	0	0	2	0	0	0	0	0	0	0	0	0	0	0	0	0	0	0	0	2	0	2
53	7	0	12	12	1	3	0	1	0	4	0	0	4	3	0	7	4	4	0	1	2	0	63
54	1	0	0	3	0	0	0	0	1	0	0	1	1	0	1	4	1	2	0	0	6	1	15
55	0	0	0	1	0	0	0	0	1	0	1	0	0	0	0	0	0	1	0	0	1	0	4
57	0	0	0	0	0	8	2	0	0	1	3	1	1	3	0	0	2	1	0	0	11	1	22
58	0	0	0	0	1	2	0	0	0	1	2	2	0	1	0	3	0	0	0	0	8	0	12
59	0	0	0	0	1	0	0	0	0	0	0	1	0	0	0	1	0	0	0	0	1	0	3
61	0	0	3	1	0	2	0	2	0	0	0	0	0	0	0	2	0	1	0	0	2	0	11
62	0	0	2	0	0	3	0	0	0	0	0	0	0	0	0	0	1	0	0	0	0	0	6
63	0	0	0	0	1	0	0	0	0	0	0	0	0	0	0	0	0	0	0	0	0	0	1
64	3	0	0	0	0	0	0	0	0	0	0	0	0	0	2	0	0	1	2	0	0	0	8
65	0	0	1	0	0	0	0	1	0	1	0	0	0	0	0	0	0	0	0	0	0	0	3
66	1	0	0	0	0	0	0	0	0	0	0	0	0	0	0	0	0	0	0	0	0	0	1
67	0	0	0	1	0	0	0	0	0	1	0	0	0	0	0	1	0	0	0	0	0	0	3
69	0	0	0	2	0	0	0	1	0	1	0	0	0	0	0	0	0	1	0	0	2	0	5
70	0	0	2	1	0	0	0	0	0	0	0	1	0	0	0	0	0	0	0	0	0	0	4
71	1	0	2	0	1	0	0	0	0	0	0	0	0	0	0	0	0	1	0	2	1	0	7
72	0	0	0	0	0	0	0	0	0	0	0	0	0	0	0	0	1	0	0	3	0	0	4
73	0	0	0	0	0	0	0	0	0	1	0	0	0	0	0	0	0	0	0	1	1	0	2
74	0	0	0	0	0	0	1	0	0	0	0	0	0	0	0	0	0	0	0	0	1	0	1
75	0	0	0	0	0	0	0	0	1	0	0	0	0	0	0	0	0	1	0	0	1	0	2
76	0	0	0	0	0	1	0	0	0	0	0	0	0	0	0	0	0	0	0	0	0	0	1
77	0	0	0	1	0	0	0	0	1	0	0	0	0	0	0	0	0	1	0	1	0	0	4
79	2	0	0	0	1	0	0	0	1	0	0	0	0	0	0	0	0	0	0	0	1	0	4
80	1	0	0	1	0	0	0	0	0	1	0	0	1	0	0	0	0	0	0	0	0	0	4
81	0	1	0	0	0	0	0	0	1	1	0	0	0	0	0	0	0	0	0	0	1	0	3
82	0	0	0	0	0	0	0	0	0	0	0	0	0	1	0	0	0	0	0	0	0	0	1
84	0	0	0	0	0	0	0	0	0	4	0	0	0	0	0	0	0	0	0	0	0	0	4
85	1	0	0	0	0	0	0	0	0	0	0	0	0	0	0	0	0	1	0	0	0	0	2
86	0	0	0	0	0	1	0	0	0	1	0	0	0	0	0	0	0	0	0	0	0	0	2
92	0	0	0	0	0	0	0	0	0	0	0	0	0	1	0	0	1	0	0	0	2	0	2
93	0	0	0	0	0	0	0	0	0	0	0	0	0	1	0	0	0	0	0	0	0	0	1
94	0	0	0	0	0	0	0	0	0	0	0	0	0	0	0	1	0	0	0	0	0	0	1
97	0	0	0	0	1	0	0	0	0	0	0	0	0	0	0	0	0	0	0	0	0	0	1
100	0	0	0	0	0	0	0	0	0	0	1	0	0	0	0	0	0	0	0	0	1	0	1
101	0	0	0	0	2	0	0	0	0	1	0	0	0	0	1	1	0	0	0	0	1	0	5
102	0	0	1	0	0	0	0	0	0	0	0	0	0	0	0	0	0	0	0	0	0	0	1
104	0	0	1	0	0	0	0	0	0	0	0	0	0	0	0	0	0	0	0	0	0	0	1
105	1	0	0	0	0	0	0	0	0	0	0	0	0	0	0	0	0	4	0	0	5	0	5
106	0	0	0	1	0	2	0	0	0	0	0	0	0	0	0	0	0	0	0	0	0	0	3
108	0	0	0	0	0	0	0	0	1	0	0	0	0	0	0	0	0	0	0	0	0	0	1
109	0	0	1	0	2	0	0	1	0	2	0	0	0	0	0	0	0	0	0	0	0	0	6
110	0	0	1	0	0	0	0	0	0	0	1	0	0	0	0	0	0	0	0	0	2	0	2
112	0	0	0	0	0	0	0	0	0	0	0	0	0	0	0	0	1	0	0	0	0	0	1
113	0	0	0	1	0	0	0	0	0	0	0	0	0	0	0	1	0	0	0	0	1	0	2
115	0	0	0	0	0	0	0	0	0	1	0	0	0	0	0	0	0	0	0	0	1	0	1
116	0	0	0	0	1	0	0	0	0	0	0	0	0	0	0	0	1	0	0	0	0	0	2
119	0	0	0	2	0	0	0	0	0	0	0	0	0	0	0	0	0	0	0	0	2	0	2
120	0	0	0	0	0	0	0	0	0	0	0	0	0	0	0	0	0	1	0	0	1	0	1
121	0	0	0	0	0	0	0	0	0	0	0	0	0	0	1	0	0	0	0	0	0	1	1
122	0	0	0	2	0	0	0	1	0	0	0	0	0	0	0	0	0	0	0	0	0	0	3
124	0	0	0	0	0	0	0	0	0	0	0	0	0	0	0	0	0	1	0	0	0	0	1
125	0	0	0	1	0	0	0	0	0	0	0	0	0	0	0	0	0	0	0	0	1	0	1
126	0	0	0	0	0	0	0	0	0	1	0	0	0	0	0	0	0	0	0	0	0	0	1
128	7	0	0	1	1	1	0	1	0	1	0	2	2	0	1	1	1	1	0	0	3	1	20
129	0	0	0	5	0	2	0	0	0	0	0	0	0	0	0	0	0	0	0	0	0	3	7
131	0	0	0	0	0	0	0	0	2	1	0	0	0	0	0	0	0	0	0	0	0	2	3
135	0	0	0	0	0	0	0	0	0	0	0	0	0	1	0	0	0	0	0	0	1	0	1
139	0	0	0	0	0	0	0	0	0	1	0	0	0	0	0	0	0	0	0	0	0	0	1
140	0	0	0	0	0	0	0	0	0	0	0	0	0	0	0	0	0	2	0	0	2	0	2
142	1	0	0	0	0	0	0	0	0	0	0	0	0	0	0	1	1	1	0	0	1	0	4
143	0	0	0	0	0	0	0	1	1	0	0	0	0	0	0	1	0	0	0	0	0	0	3
144	1	0	0	0	1	0	0	0	0	0	0	0	1	0	0	1	0	0	0	0	0	0	4
146	0	0	0	0	1	0	1	0	0	0	0	1	0	1	0	0	1	0	0	0	2	0	5
147	1	0	0	0	0	0	0	0	0	0	0	0	0	0	0	0	0	0	0	0	0	0	1
148	0	0	1	0	0	0	0	0	0	0	0	0	0	0	0	0	0	0	0	0	1	0	1
149	0	0	0	0	0	0	0	1	0	0	0	0	0	0	0	0	0	0	1	1	1	0	3
150	0	0	0	0	1	0	0	0	0	0	0	0	0	0	0	0	0	0	1	0	2	0	2
152	0	10	1	0	1	0	0	0	0	0	0	0	0	0	0	0	0	0	0	0	1	0	12
153	0	5	0	0	0	0	0	0	0	0	0	0	0	0	0	0	0	0	1	0	1	0	6
154	0	0	0	0	0	0	0	0	2	0	1	0	0	0	0	0	0	0	0	0	1	1	3
155	0	0	0	0	0	0	0	2	0	0	0	0	0	0	0	1	0	0	0	0	2	0	3
156	2	0	4	0	0	1	0	3	5	8	1	2	0	0	0	1	1	1	0	2	6	5	31
157	2	0	0	0	0	0	0	0	0	0	0	0	0	0	0	1	1	1	0	0	0	0	5
160	0	0	0	0	0	0	0	0	0	0	0	0	0	1	0	0	1	0	0	0	1	0	2
161	0	0	0	0	1	0	0	0	0	0	0	0	0	0	0	0	0	0	0	0	0	0	1
162	0	0	1	0	0	0	0	0	0	0	0	0	0	0	0	0	0	0	0	0	0	0	1
164	0	0	0	0	0	1	0	0	0	0	0	0	0	0	0	1	0	0	0	0	0	0	2
165	0	0	1	0	0	0	0	0	0	0	0	0	0	0	0	0	0	0	0	0	0	0	1
170	0	0	0	0	0	0	0	0	0	0	0	0	0	0	1	0	0	0	0	0	0	1	1
171	0	0	0	0	0	1	0	0	0	0	0	0	0	0	0	0	0	0	0	0	0	0	1
172	0	0	0	0	0	0	0	1	0	0	2	0	1	0	0	0	0	0	0	0	4	0	4
173	1	0	0	0	0	0	0	0	0	1	0	0	0	0	0	0	0	0	0	0	0	0	2
177	0	0	0	0	0	0	0	0	1	0	0	0	0	0	0	0	0	0	0	0	0	0	1
181	0	0	0	0	0	0	0	0	0	0	0	0	0	0	1	0	0	0	0	0	0	0	1
187	0	0	0	0	0	0	0	0	0	0	0	0	0	0	0	0	1	0	0	0	1	0	1
188	0	0	0	1	0	1	0	0	0	0	0	0	0	0	1	0	0	0	0	0	2	0	3
196	0	0	0	0	0	0	0	0	2	0	0	0	0	0	0	0	0	0	0	0	0	2	2
197	1	0	0	0	0	0	0	0	0	0	0	0	0	0	0	0	0	0	0	0	0	0	1
199	0	0	0	0	0	0	1	0	0	0	0	0	0	0	0	0	0	0	0	0	0	0	1
