 	A	C	D	E	F	G	H	I	K	L	M	N	P	Q	R	S	T	V	W	Y	Nterm	Cterm	Sum
-124	0	0	0	0	0	0	0	0	0	0	0	0	0	0	0	0	0	0	1	0	0	0	1
-102	0	0	0	0	0	0	0	0	0	0	0	0	0	0	0	0	0	0	0	2	0	0	2
-99	0	0	0	0	0	0	0	0	0	0	0	0	0	0	3	0	0	0	0	0	0	0	3
-98	0	0	0	0	0	0	0	0	0	0	0	0	0	0	1	0	0	0	0	0	0	0	1
-89	0	0	0	0	0	0	0	0	0	0	0	0	0	0	2	0	0	0	0	0	0	1	2
-85	0	0	0	0	0	0	0	0	0	0	0	0	0	0	1	0	0	0	0	0	0	0	1
-84	0	0	0	0	0	0	0	0	0	0	0	0	0	0	1	0	0	0	0	0	0	0	1
-83	0	0	0	0	0	0	0	0	0	0	0	0	0	0	0	0	0	0	1	1	0	0	2
-78	0	0	0	0	1	0	0	0	0	0	0	0	0	0	0	0	0	0	0	0	0	0	1
-74	0	0	0	0	0	0	0	0	0	0	1	0	0	0	0	0	0	0	0	0	1	0	1
-73	0	0	0	0	0	0	0	0	0	0	1	0	0	0	0	0	0	0	0	1	1	0	2
-71	0	0	0	0	0	0	0	0	3	0	0	0	0	0	0	0	0	0	0	0	2	0	3
-66	0	0	0	1	0	0	0	0	0	0	0	0	0	0	0	0	0	0	0	0	0	0	1
-63	0	0	0	0	0	0	0	0	0	0	0	0	0	1	0	0	0	0	0	0	0	0	1
-61	0	0	0	0	0	0	4	0	0	0	0	0	0	0	0	0	0	0	0	0	0	0	4
-59	0	0	0	0	0	0	0	0	0	0	0	0	0	0	1	0	0	0	0	0	0	1	1
-56	0	0	0	1	0	0	0	0	0	1	1	0	0	0	0	0	0	0	0	0	1	0	3
-54	0	0	0	0	0	0	1	0	0	0	0	0	0	0	0	0	0	0	0	0	0	0	1
-50	0	0	0	0	1	0	0	0	0	0	0	0	0	0	0	0	0	0	0	0	1	0	1
-49	0	0	0	0	0	0	0	0	0	0	0	0	0	0	0	0	0	0	0	1	0	0	1
-48	0	0	0	1	2	0	0	0	1	1	20	0	0	0	0	0	0	0	0	0	8	1	25
-47	0	0	0	0	0	0	0	1	2	1	1	0	0	0	0	0	0	0	0	0	0	2	5
-46	0	0	0	0	0	0	0	1	0	0	0	0	0	0	0	0	0	0	0	0	0	0	1
-45	0	1	0	1	0	0	0	0	0	0	0	0	0	0	0	0	0	0	0	1	0	0	3
-44	0	0	0	0	1	0	0	0	0	0	0	0	0	0	0	0	0	0	0	0	0	0	1
-43	0	0	0	0	0	0	0	1	0	0	0	0	0	0	1	0	0	0	0	0	0	0	2
-42	0	0	0	0	0	0	0	0	0	3	0	0	0	0	1	0	0	0	0	0	0	0	4
-40	0	0	0	0	0	0	0	0	0	0	0	0	1	1	0	0	0	0	0	0	0	0	2
-39	0	0	1	0	0	0	0	0	0	0	0	0	0	0	1	0	0	0	0	0	0	1	2
-38	0	0	0	0	0	0	0	0	0	1	0	0	0	0	0	0	0	0	0	0	0	0	1
-37	0	0	0	0	0	0	0	0	0	0	0	0	1	0	0	0	0	0	0	0	0	0	1
-36	0	0	0	0	1	0	0	1	0	1	0	1	0	0	0	0	1	0	1	1	1	0	7
-35	0	0	0	0	0	0	0	0	0	0	0	0	1	0	0	0	0	0	0	0	0	0	1
-34	0	0	0	0	0	0	0	0	1	1	0	3	0	0	0	0	0	0	0	0	2	0	5
-33	0	0	0	0	1	0	0	0	0	0	0	0	0	0	0	0	1	0	0	0	0	0	2
-30	0	0	0	0	0	0	0	0	0	0	0	0	0	2	0	0	0	0	0	0	2	0	2
-29	0	0	0	0	0	0	0	0	2	0	0	1	0	0	0	0	0	1	0	0	0	2	4
-28	0	0	0	0	0	0	0	0	0	0	0	0	0	0	1	0	1	0	0	0	0	0	2
-27	0	0	0	0	0	0	0	0	0	0	0	1	0	0	0	0	0	0	0	1	0	0	2
-26	0	0	1	0	0	0	0	0	0	0	0	0	1	0	0	0	0	0	0	0	0	0	2
-25	0	0	0	4	0	0	0	0	0	0	0	0	0	0	0	0	0	0	0	0	0	0	4
-22	0	0	0	0	0	0	0	0	0	0	0	0	0	0	0	0	1	2	0	0	1	0	3
-21	0	0	0	0	0	0	0	0	0	0	0	0	0	0	0	1	0	1	0	0	0	0	2
-20	0	0	0	0	0	0	0	0	0	0	0	0	0	0	0	1	0	0	0	1	0	0	2
-19	0	0	0	0	0	0	0	0	0	0	1	0	0	0	0	1	0	0	0	0	0	0	2
-18	0	2	68	48	6	0	2	7	0	25	4	5	8	49	0	24	37	5	0	8	78	0	298
-17	0	32	25	12	2	0	15	12	13	18	3	49	20	120	2	13	46	11	11	14	173	1	418
-16	0	4	5	3	2	0	1	4	4	4	1	10	2	29	0	2	7	2	3	1	37	0	84
-15	0	0	1	1	1	0	1	1	1	2	0	2	1	6	0	0	0	0	0	0	8	0	17
-14	0	1	0	0	0	0	0	0	0	0	0	0	0	0	0	0	0	0	0	0	0	0	1
-13	0	0	0	0	0	0	0	0	0	0	0	0	0	1	0	0	0	0	0	0	0	0	1
-12	0	0	0	0	1	0	1	0	0	0	0	0	0	0	0	1	0	0	0	0	0	0	3
-10	0	0	0	0	0	0	1	0	0	0	0	1	0	0	1	0	0	0	0	0	0	0	3
-9	2	3	0	1	0	0	0	0	0	0	0	0	0	0	0	0	0	0	0	0	0	0	6
-8	0	2	0	0	0	0	0	0	0	0	0	0	0	0	0	1	0	0	0	0	0	0	3
-5	0	0	2	0	0	0	0	0	0	0	0	0	2	0	1	0	0	0	0	0	0	0	5
-3	1	0	0	0	0	0	0	1	0	0	0	0	0	1	0	0	0	0	0	0	0	0	3
-2	21	1	7	18	4	0	3	18	3	14	270	11	5	10	2	8	6	21	12	7	330	3	441
-1	29	6	8	24	15	0	9	17	10	25	48	9	7	11	11	15	21	22	2	9	166	13	298
1	559	46	240	347	196	401	143	482	269	598	163	419	239	329	77	296	326	543	48	165	1458	177	5886
2	61	8	35	36	27	72	11	49	31	75	26	81	41	35	3	40	50	79	2	12	134	6	774
3	6	0	4	4	2	7	0	4	0	0	0	5	6	4	0	2	2	3	0	1	2	0	50
4	2	0	0	1	0	0	0	0	0	0	0	0	0	0	0	0	1	0	2	0	2	0	6
5	0	0	1	0	0	1	0	1	0	0	1	0	0	2	0	0	0	1	2	0	4	0	9
6	0	0	0	0	0	0	0	0	0	0	0	0	0	1	0	0	0	0	0	0	1	0	1
7	0	5	0	0	0	2	0	0	0	0	3	0	0	0	0	0	0	0	0	0	0	0	10
8	1	1	0	0	0	0	0	0	0	0	0	0	0	0	0	0	0	0	0	0	0	0	2
10	1	0	0	0	0	0	0	0	0	0	0	0	0	0	0	0	0	0	0	0	0	0	1
12	0	0	0	0	0	0	0	0	0	0	0	1	3	1	1	1	0	0	25	0	29	1	32
13	0	0	0	0	0	0	0	0	0	0	0	1	0	0	0	0	0	0	0	0	1	0	1
14	0	0	0	5	0	0	0	1	3	2	0	0	0	0	0	0	0	0	0	0	2	0	11
15	0	0	0	0	0	0	0	0	1	3	2	0	0	1	0	1	0	0	0	0	2	0	8
16	13	7	12	34	0	26	1	10	1	19	597	8	25	8	4	22	26	20	32	10	237	5	875
17	3	0	0	10	0	14	0	2	0	2	90	4	0	4	1	6	3	4	6	3	63	2	152
18	0	0	1	0	0	3	0	1	0	5	3	2	1	0	0	0	1	0	1	0	7	0	18
19	0	0	0	0	0	0	0	0	5	1	0	0	0	1	0	0	0	0	1	0	2	0	8
20	0	0	0	0	0	1	0	0	0	0	0	0	1	0	0	1	0	0	0	0	1	0	3
21	1	2	0	0	0	1	0	0	0	0	0	0	0	0	0	0	0	0	0	0	1	0	4
22	32	8	37	43	12	52	0	20	0	33	11	30	36	31	0	34	15	34	2	2	16	0	432
23	12	1	5	26	7	25	0	5	0	11	1	9	10	3	0	9	11	13	2	2	1	0	152
24	1	0	3	18	0	5	0	1	0	3	1	2	1	0	0	0	1	5	0	1	0	0	42
25	1	0	0	0	0	0	0	1	0	0	1	0	0	0	0	0	0	0	0	0	1	0	3
26	0	0	1	0	0	0	1	0	0	0	0	0	0	0	0	0	0	0	0	1	0	0	3
28	0	0	0	0	0	0	0	0	0	0	2	0	0	0	0	0	0	0	0	0	2	0	2
29	0	0	0	0	0	0	0	1	2	0	0	0	0	0	0	0	0	0	0	0	1	0	3
30	0	0	0	0	0	0	0	0	0	0	0	0	0	0	2	0	0	0	0	0	2	0	2
31	0	0	0	0	0	0	0	0	0	1	0	0	0	0	0	0	0	0	0	0	0	0	1
32	0	0	0	1	0	0	0	0	0	2	0	0	0	0	0	1	0	3	15	0	6	0	22
33	0	0	0	0	0	0	1	0	0	2	1	0	0	0	0	0	1	0	7	0	5	0	12
34	0	0	0	0	0	0	1	0	0	0	0	0	0	0	0	0	0	0	0	0	0	0	1
35	0	0	0	0	0	0	2	0	0	0	0	0	0	1	0	0	0	0	0	0	2	0	3
37	0	0	0	0	0	0	0	0	0	0	0	0	0	1	0	0	0	0	0	0	0	0	1
38	14	1	7	3	4	11	2	1	0	6	1	5	9	2	0	6	2	2	0	1	1	0	77
39	5	0	4	3	0	4	0	2	0	5	0	0	4	0	0	1	1	2	0	1	2	0	32
40	1	0	1	1	1	1	0	0	0	0	0	0	0	1	0	0	1	0	0	0	2	0	7
41	0	0	0	0	0	0	0	2	0	0	0	0	0	0	0	1	0	0	0	0	2	0	3
42	12	0	0	1	0	0	0	0	2	2	5	0	0	5	0	61	7	0	0	0	85	0	95
43	1	0	0	0	0	0	0	2	0	0	0	0	0	0	1	14	2	0	0	0	17	1	20
44	2	0	0	0	0	0	0	1	0	0	0	0	0	0	0	0	0	0	0	0	1	0	3
46	0	0	0	0	0	0	0	0	0	0	0	0	0	0	0	0	1	0	0	0	0	0	1
47	0	0	0	0	0	0	0	0	0	0	0	0	0	1	0	0	0	0	0	0	0	0	1
49	0	0	0	0	0	0	0	0	1	0	0	0	0	0	0	0	0	0	0	0	0	0	1
50	0	0	0	0	0	0	0	0	0	0	0	1	0	0	0	0	0	0	0	0	0	0	1
51	0	0	0	0	0	0	0	0	0	0	0	0	0	0	1	0	0	0	0	0	0	0	1
52	0	0	1	0	0	0	0	0	0	1	0	0	1	0	0	0	0	0	0	0	0	0	3
53	2	0	0	0	0	0	0	0	0	0	0	0	0	0	0	0	0	0	0	0	0	0	2
54	0	0	0	0	0	0	0	1	0	1	0	0	0	0	0	0	0	0	0	0	0	0	2
55	0	0	0	0	0	1	0	0	0	0	4	0	1	0	0	0	0	0	0	0	5	0	6
56	2	0	0	0	0	1	0	0	0	0	0	0	0	0	0	0	0	1	0	0	1	0	4
57	4	0	1	0	1	6	1	0	0	2	0	1	4	0	1	0	4	2	0	0	24	0	27
58	1	0	1	1	0	3	1	0	3	2	0	1	2	1	1	0	1	1	0	0	10	0	19
59	1	1	0	0	0	0	0	0	2	0	0	0	0	0	0	0	0	0	0	0	0	0	4
60	0	0	0	0	0	1	0	0	0	0	0	0	0	2	0	0	0	0	6	0	6	0	9
62	0	0	0	0	0	1	0	0	0	0	0	0	0	0	0	0	0	0	0	0	0	0	1
63	1	0	0	0	3	1	0	0	0	0	0	0	0	0	0	0	0	0	0	0	3	0	5
64	4	0	0	0	1	0	0	0	0	0	0	0	0	0	0	3	0	0	1	0	4	0	9
65	0	0	1	0	0	0	0	0	0	0	0	0	0	0	0	0	0	0	0	0	1	0	1
66	0	0	0	0	0	0	0	0	0	0	0	0	1	0	0	0	0	0	0	0	0	0	1
67	0	0	0	0	1	0	0	0	0	0	0	0	0	0	0	0	0	0	0	0	1	0	1
69	0	0	0	1	0	0	0	0	0	0	0	0	0	0	0	0	0	0	0	0	0	0	1
70	0	0	1	0	0	0	0	0	0	0	0	0	0	0	0	0	2	0	0	0	0	0	3
71	0	0	0	0	0	0	0	0	0	0	0	0	0	0	0	0	0	1	0	0	0	0	1
72	0	0	0	1	0	1	0	0	0	0	0	0	0	0	0	0	0	0	0	0	0	1	2
75	0	0	1	0	0	5	0	1	0	0	0	0	0	1	0	0	0	0	0	0	0	0	8
76	0	0	0	0	0	1	0	0	0	0	0	0	0	0	0	0	0	0	0	0	0	0	1
77	0	0	0	0	0	4	0	1	0	0	0	0	0	0	0	0	0	0	0	0	0	0	5
78	0	0	0	0	0	0	0	0	0	0	0	0	0	0	0	0	0	1	0	0	0	0	1
80	0	0	0	0	0	0	0	0	0	0	0	0	0	0	0	1	0	0	0	0	0	0	1
81	1	0	0	0	0	0	0	0	0	0	0	0	0	0	0	0	0	0	0	0	1	0	1
82	0	0	0	0	0	0	0	1	0	0	0	0	0	0	0	0	0	0	0	0	0	0	1
84	0	0	0	0	0	0	0	0	0	3	0	0	0	0	0	0	0	0	0	0	0	0	3
87	0	0	1	0	0	0	0	0	0	1	0	0	0	0	0	0	0	0	0	0	0	0	2
89	0	0	0	0	0	1	0	1	0	0	0	0	0	0	0	0	0	0	0	0	0	0	2
90	0	0	0	0	0	1	0	0	0	0	0	0	0	0	1	0	0	0	0	0	0	0	2
91	0	0	0	0	0	0	0	2	0	1	0	0	0	0	0	0	0	0	0	0	1	0	3
94	0	0	0	0	0	0	0	0	0	0	0	0	0	0	0	0	0	1	0	0	0	0	1
95	0	0	0	0	0	0	0	0	0	0	0	0	0	0	0	0	1	2	0	0	1	0	3
96	0	0	0	0	0	0	0	0	0	0	0	0	0	0	1	0	0	0	0	0	0	0	1
97	0	0	2	1	0	0	0	0	0	0	0	0	0	0	1	0	0	0	0	0	0	1	4
99	0	0	0	0	0	0	0	0	1	0	0	0	0	0	0	0	0	1	0	0	1	0	2
101	0	0	0	0	0	0	0	0	0	2	0	0	0	0	0	0	0	0	0	0	1	0	2
103	0	0	2	0	0	0	0	0	0	0	0	0	0	0	0	0	0	0	0	0	0	0	2
108	0	0	0	0	0	0	0	0	0	0	0	0	1	0	0	0	0	0	0	0	0	0	1
111	0	0	0	0	0	0	0	0	0	1	0	0	0	0	0	1	0	0	0	0	0	0	2
113	0	0	0	0	0	0	0	0	0	0	2	0	0	0	0	0	0	0	0	0	2	0	2
115	0	0	1	3	0	0	0	0	0	0	0	0	1	0	0	0	0	0	0	0	0	1	5
116	0	0	0	2	0	0	0	0	0	0	0	0	2	0	0	0	2	0	0	0	0	1	6
121	0	0	0	0	0	0	0	0	0	0	0	0	0	0	0	0	1	0	0	0	0	0	1
125	0	0	0	0	0	0	0	0	1	0	0	0	0	0	0	0	0	0	0	0	0	0	1
127	0	0	0	0	0	0	0	0	1	1	0	0	0	0	0	0	0	0	0	0	0	1	2
128	4	0	0	0	3	2	0	2	1	0	0	0	4	0	2	3	0	2	0	0	4	3	23
129	0	0	1	10	0	1	0	2	0	0	1	0	1	1	0	0	0	0	0	0	2	10	17
130	0	0	0	6	0	0	0	0	0	0	0	0	0	0	0	0	0	0	0	0	0	6	6
131	0	0	0	1	0	0	0	0	0	0	0	0	0	0	0	0	0	0	0	0	0	0	1
132	1	0	0	0	0	0	0	0	0	0	0	0	0	0	0	0	0	0	0	0	0	0	1
138	0	0	0	0	0	1	0	0	0	0	0	0	0	0	0	0	0	0	0	0	0	0	1
139	0	0	0	0	0	0	0	0	0	0	0	1	0	0	0	0	0	0	0	0	1	0	1
142	0	0	0	0	0	0	0	0	0	0	0	1	0	0	0	0	0	0	0	0	0	0	1
144	0	0	0	0	0	0	0	0	0	0	0	1	0	0	0	0	1	0	0	0	1	0	2
147	0	0	0	0	0	0	0	0	0	1	0	0	0	0	0	0	0	0	0	0	0	0	1
151	0	0	1	0	0	0	0	0	0	0	0	0	0	0	0	0	0	0	0	0	0	0	1
155	0	0	0	1	0	0	0	0	0	0	0	0	0	0	0	0	0	0	0	0	0	0	1
156	8	0	1	0	0	2	1	1	0	7	1	1	0	0	0	2	3	4	0	2	19	0	33
157	1	0	0	0	0	0	0	1	0	0	0	0	0	0	0	1	0	1	0	3	3	0	7
160	0	0	0	0	0	0	0	0	0	0	0	0	0	0	1	0	0	0	0	0	0	0	1
166	0	0	0	0	0	0	0	0	0	0	0	0	0	0	0	0	1	0	0	0	0	0	1
167	0	0	1	1	0	0	0	0	0	0	0	0	0	0	0	0	0	0	0	0	0	1	2
168	1	0	0	0	0	1	0	0	0	0	0	0	0	0	0	0	0	0	0	0	0	0	2
172	0	0	0	0	0	0	0	0	0	0	2	0	0	0	0	0	0	0	0	0	2	0	2
173	0	0	0	0	0	0	0	0	0	0	1	0	0	0	0	0	0	0	0	0	1	0	1
174	0	0	0	0	0	0	0	0	0	0	1	0	0	0	0	0	0	0	0	0	0	0	1
175	0	0	0	0	0	0	0	1	0	1	0	0	0	0	0	0	0	0	0	0	0	0	2
181	0	0	0	0	0	0	0	0	0	0	0	0	0	0	1	0	0	0	0	0	0	0	1
182	0	0	0	0	0	0	0	0	0	1	0	0	0	0	0	0	0	0	0	0	1	0	1
186	0	0	0	1	0	0	0	0	0	0	0	0	0	0	0	0	0	0	0	0	0	0	1
190	0	0	1	0	0	0	0	0	0	0	0	0	0	0	0	0	0	0	0	0	0	0	1
195	0	0	0	0	0	0	0	0	0	0	1	0	0	0	0	0	0	0	0	0	0	0	1
198	0	0	0	0	0	0	0	0	0	0	0	0	1	0	0	0	0	0	0	0	0	0	1
199	0	0	0	0	0	0	0	0	0	0	0	0	0	0	0	0	0	0	0	1	0	0	1
