 	A	C	D	E	F	G	H	I	K	L	M	N	P	Q	R	S	T	V	W	Y	Nterm	Cterm	Sum
-111	0	0	0	0	0	0	0	0	0	0	0	0	0	0	0	0	0	0	1	0	0	0	1
-103	0	3	0	0	0	0	0	0	0	0	0	0	0	0	0	0	0	0	0	0	0	0	3
-102	0	2	0	0	0	0	0	0	0	0	0	0	0	0	0	0	0	0	1	0	0	0	3
-101	0	0	0	0	0	0	0	0	0	0	0	0	0	0	0	0	0	0	0	1	0	0	1
-100	0	1	0	0	0	0	0	0	0	0	0	0	0	0	0	0	0	0	0	0	0	0	1
-99	0	0	0	0	0	0	0	0	0	0	0	0	0	0	3	0	0	0	0	0	0	1	3
-98	0	0	0	0	0	0	0	0	0	0	0	0	0	0	1	0	0	0	0	0	0	0	1
-93	0	0	0	0	0	0	0	0	0	0	0	0	0	0	0	0	0	0	0	1	0	0	1
-89	0	2	0	0	1	0	0	0	0	0	0	0	0	0	1	0	0	0	0	0	0	0	4
-88	0	0	0	0	3	0	0	0	0	0	0	0	0	0	0	0	0	0	0	0	0	0	3
-81	0	0	0	0	0	0	0	0	0	0	0	0	0	0	0	0	0	0	0	1	0	0	1
-77	0	0	0	0	0	0	0	0	0	0	0	0	0	0	0	0	0	0	1	0	0	0	1
-73	0	2	0	0	0	0	0	0	0	0	1	0	0	0	0	0	0	0	0	0	0	0	3
-72	0	1	0	0	0	0	0	0	0	0	0	0	0	0	1	0	0	0	0	0	1	0	2
-71	0	1	0	1	0	0	0	0	0	0	1	0	0	0	0	0	0	0	0	0	0	0	3
-69	0	0	0	1	1	0	0	0	1	0	0	0	0	0	1	0	0	0	0	0	0	0	4
-68	0	0	0	0	0	0	0	0	1	0	0	0	0	0	0	0	0	0	0	0	0	1	1
-67	0	0	0	0	0	0	0	0	0	0	1	0	0	0	0	0	0	0	0	0	1	0	1
-66	0	0	0	0	1	0	0	0	0	0	0	0	0	0	0	0	0	0	0	0	0	0	1
-64	0	0	0	0	3	0	0	0	0	0	0	0	0	0	0	0	0	0	0	0	0	0	3
-63	0	0	0	1	1	0	0	0	0	0	0	0	0	0	0	0	0	0	0	0	0	0	2
-62	0	0	0	1	1	0	1	0	0	0	0	0	0	1	0	0	0	0	0	0	0	0	4
-61	0	0	0	0	0	0	6	0	0	0	0	0	0	0	0	0	0	0	0	1	0	0	7
-60	0	0	0	0	0	0	1	0	0	0	0	0	0	0	0	0	0	0	0	0	0	0	1
-59	0	0	0	1	0	0	0	0	0	0	0	0	0	1	1	0	0	0	0	0	0	1	3
-58	0	1	0	0	1	0	0	0	0	0	0	0	0	0	0	0	0	0	0	0	0	0	2
-57	0	0	3	0	0	0	0	0	0	0	0	1	0	0	0	0	0	0	0	0	1	0	4
-56	0	0	0	1	0	0	0	0	0	3	0	0	0	0	0	0	0	0	0	0	0	0	4
-55	0	0	0	0	0	0	0	0	0	3	0	0	0	0	0	0	0	0	0	0	0	0	3
-54	0	0	0	1	0	0	0	0	0	0	0	0	0	0	0	0	0	0	0	0	0	0	1
-51	0	0	0	0	0	0	0	0	1	0	0	0	0	0	0	0	0	0	0	0	0	0	1
-50	0	0	2	0	1	0	0	0	0	0	0	0	0	0	0	0	0	0	0	0	1	0	3
-48	0	0	0	0	1	0	0	1	0	0	14	0	0	1	0	0	0	0	0	0	9	0	17
-47	0	0	0	0	0	0	1	0	4	1	0	1	0	0	0	0	0	0	0	0	0	3	7
-46	0	0	2	0	1	0	0	0	1	0	0	0	0	0	1	0	0	0	0	1	3	1	6
-45	0	0	0	1	0	0	0	0	0	1	0	0	0	0	0	0	0	0	0	0	0	0	2
-44	0	0	0	0	0	0	0	1	0	0	0	1	0	0	0	0	5	0	0	0	5	0	7
-43	0	0	0	1	0	0	0	0	0	0	0	0	0	0	1	0	0	0	0	0	0	0	2
-42	0	0	0	0	0	0	0	0	2	3	0	0	0	0	0	0	0	0	0	0	0	0	5
-41	0	1	0	0	0	0	0	0	0	0	0	0	0	0	0	0	0	0	0	0	0	0	1
-40	0	0	0	0	0	0	0	0	2	1	0	0	0	0	0	0	0	1	0	0	1	0	4
-38	0	0	0	0	0	0	0	0	0	0	0	0	0	0	1	0	0	0	0	0	0	1	1
-35	0	0	0	0	0	0	0	0	0	0	0	1	0	1	0	0	2	0	0	0	0	0	4
-34	0	0	0	0	0	0	0	2	0	0	0	2	0	1	0	0	0	0	0	0	2	0	5
-33	0	0	0	0	0	0	0	0	0	0	0	0	0	1	0	0	0	0	0	0	0	0	1
-30	0	0	0	0	0	0	0	0	0	0	1	0	0	0	0	0	0	0	0	0	0	0	1
-29	0	0	0	3	0	0	0	0	1	0	0	0	0	0	0	0	1	0	0	0	0	1	5
-28	0	0	0	2	0	0	1	0	0	0	1	0	0	0	0	0	0	0	0	0	1	0	4
-27	0	0	0	0	0	0	0	0	0	0	0	0	0	0	0	0	1	0	0	0	0	0	1
-24	0	0	0	0	0	0	0	0	0	0	0	0	0	1	0	0	0	1	0	0	1	0	2
-23	0	0	0	0	0	0	0	1	0	1	0	0	0	0	0	0	0	0	1	0	1	0	3
-22	0	0	0	0	0	0	0	0	0	0	1	0	0	0	0	0	0	0	0	0	0	0	1
-20	0	0	0	0	0	0	0	0	1	1	0	2	0	0	0	0	0	0	0	0	1	0	4
-19	0	0	0	1	0	0	0	0	0	0	0	0	0	3	0	0	0	0	0	0	4	0	4
-18	0	0	71	40	5	0	0	8	1	23	6	2	9	72	0	35	46	10	0	6	101	1	334
-17	0	26	13	8	3	0	4	14	6	13	1	59	9	123	0	13	34	7	12	17	170	2	362
-16	0	4	2	5	1	0	1	2	1	3	0	10	1	21	1	1	0	3	0	0	27	0	56
-15	0	0	1	2	0	0	0	1	0	0	0	5	0	3	1	0	0	1	0	1	4	0	15
-14	1	0	1	0	0	0	0	0	2	0	0	1	0	1	0	0	0	0	0	0	1	0	6
-13	0	1	0	0	0	0	0	1	0	0	0	0	0	0	0	1	0	0	0	0	0	0	3
-12	0	0	1	0	0	0	0	0	1	0	0	0	1	0	0	0	0	0	0	0	0	0	3
-11	0	0	0	0	0	0	0	1	1	0	0	0	0	0	0	0	0	0	0	0	0	0	2
-9	0	8	1	0	0	0	0	0	0	1	0	0	0	0	0	0	0	0	0	0	1	0	10
-8	0	1	0	0	0	0	0	1	0	0	0	0	0	0	0	0	0	0	0	0	0	0	2
-7	0	0	0	0	0	0	0	0	0	0	0	0	0	0	0	0	1	0	0	0	0	0	1
-6	0	0	0	0	0	0	0	0	0	0	0	0	0	0	1	0	0	0	0	0	0	1	1
-5	0	0	0	1	0	0	0	0	0	0	0	0	0	0	0	0	1	1	0	0	0	0	3
-4	0	0	1	0	0	0	0	0	0	2	0	0	1	0	2	0	0	0	0	0	1	1	6
-3	0	1	0	2	0	0	0	1	1	0	3	0	0	1	0	0	0	0	0	0	4	0	9
-2	20	1	6	8	2	0	6	16	4	17	270	14	0	6	2	4	6	13	9	6	300	2	410
-1	27	3	10	18	11	0	1	26	11	19	49	6	6	15	7	10	17	20	2	10	136	13	268
1	547	49	239	322	168	410	118	378	215	499	120	576	248	284	86	291	334	484	64	146	1212	149	5578
2	63	8	40	42	12	66	8	37	20	54	18	92	42	50	4	40	54	52	9	20	78	3	731
3	4	1	2	3	0	5	1	3	2	4	2	17	3	4	0	3	2	3	1	1	4	0	61
4	0	0	0	0	0	0	0	0	1	0	0	1	0	0	0	0	0	0	0	0	0	0	2
5	0	0	0	2	0	0	0	1	0	1	0	1	0	0	0	0	0	0	0	0	0	0	5
6	0	0	0	0	0	0	0	0	0	0	0	0	0	1	0	0	0	0	0	0	0	0	1
8	0	0	0	0	0	0	0	0	1	0	0	0	0	0	0	0	0	0	0	0	0	0	1
11	0	0	0	0	0	0	0	1	0	0	0	1	0	1	0	0	0	0	0	0	1	0	3
12	0	0	3	0	0	0	0	0	0	0	0	3	0	0	0	0	0	1	14	0	17	0	21
13	0	0	0	0	0	0	0	0	0	0	0	1	0	0	0	0	0	0	0	0	1	0	1
14	1	0	0	1	0	0	1	1	4	5	0	0	0	0	0	1	0	0	0	0	2	0	14
15	0	0	0	0	0	0	0	0	4	1	2	0	0	0	0	0	0	0	1	0	3	0	8
16	26	1	13	30	2	21	4	11	7	31	609	7	27	9	1	19	20	16	18	10	209	5	882
17	7	0	4	6	0	13	0	0	4	4	56	13	3	7	0	9	10	6	12	1	53	2	155
18	1	0	0	1	0	1	0	0	0	2	6	1	1	0	0	0	0	0	0	0	7	0	13
19	1	0	0	0	0	0	0	0	1	1	3	0	0	0	0	0	0	0	1	0	4	0	7
22	29	3	46	42	9	37	0	14	0	20	5	23	24	14	0	15	13	20	0	10	16	0	324
23	5	1	6	3	0	11	0	1	1	6	1	8	5	6	0	2	5	3	0	2	1	0	66
24	1	0	2	7	0	2	0	0	1	0	0	1	0	0	0	0	3	1	0	0	1	0	18
25	0	0	2	0	0	0	0	0	0	0	1	0	1	1	0	0	0	1	0	0	0	0	6
26	0	0	0	0	0	0	0	0	0	0	1	0	0	0	0	0	0	0	0	0	0	0	1
27	0	0	0	0	0	0	0	0	0	0	0	0	0	0	0	0	0	1	0	0	0	0	1
28	0	0	2	0	0	1	0	0	5	0	2	0	2	0	0	1	0	0	0	0	6	0	13
29	0	0	0	0	0	0	0	0	1	0	0	0	2	1	2	0	1	0	0	0	0	2	7
32	0	0	0	0	0	0	0	0	0	0	2	0	0	0	1	1	1	4	17	0	6	0	26
33	1	0	0	0	0	0	0	2	0	0	0	0	0	0	0	0	0	0	3	0	2	0	6
34	1	0	0	0	0	1	1	0	0	0	0	0	0	0	0	0	0	0	0	0	0	0	3
36	0	0	0	1	0	0	0	0	0	0	0	0	0	0	0	0	0	0	0	0	0	0	1
38	8	0	3	3	6	6	1	0	0	2	0	0	7	1	0	1	0	4	0	3	1	0	45
39	2	0	1	4	0	3	0	0	0	0	0	1	2	0	0	1	0	0	0	1	1	0	15
40	0	0	0	0	0	0	0	0	0	1	0	0	0	0	0	0	0	0	0	0	0	0	1
42	15	0	0	0	0	0	0	0	4	0	7	2	1	0	0	50	11	0	0	0	82	0	90
43	1	0	1	0	0	1	0	2	1	0	1	1	1	1	0	12	2	0	0	0	16	0	24
44	0	0	0	0	0	0	0	0	0	0	0	1	1	0	0	3	0	0	0	0	3	0	5
45	0	0	0	0	0	1	0	0	0	0	0	0	0	0	0	0	0	0	0	0	0	0	1
49	0	0	0	0	0	0	0	0	1	0	0	0	0	0	0	0	0	0	0	0	1	0	1
50	0	0	0	0	0	0	0	1	0	0	0	0	0	0	0	0	0	0	0	0	0	0	1
52	0	0	0	0	0	0	0	1	0	0	0	0	1	0	0	0	0	0	0	0	1	0	2
53	0	0	0	0	0	0	0	0	0	0	0	1	0	0	0	0	0	0	0	0	0	0	1
54	0	0	0	0	0	1	0	0	0	0	0	0	0	0	0	0	0	0	0	0	0	0	1
55	0	0	0	0	0	0	0	1	1	0	3	0	0	0	0	0	0	0	0	0	4	0	5
56	0	0	0	1	0	0	0	1	0	0	1	0	0	0	0	0	2	0	0	0	4	0	5
57	5	0	1	0	0	5	3	0	0	1	0	1	1	0	2	0	3	4	0	0	22	0	26
58	2	0	0	1	0	2	0	1	0	0	0	0	0	0	0	0	0	0	0	1	5	0	7
59	0	0	0	0	0	0	0	0	0	2	0	0	0	0	0	0	0	0	0	0	2	0	2
60	0	0	1	0	0	0	0	0	0	0	0	1	0	1	0	1	0	0	3	0	3	0	7
62	0	0	1	0	0	0	1	0	0	0	0	0	0	1	1	0	0	0	0	0	2	1	4
63	0	0	0	0	0	1	0	0	0	0	1	0	0	0	0	0	0	1	0	0	1	0	3
64	1	0	0	0	0	0	1	1	1	0	0	0	0	1	0	4	0	1	0	0	4	1	10
66	0	0	0	0	0	1	0	0	0	0	0	0	0	0	0	0	0	0	0	0	0	0	1
68	0	0	1	0	0	0	0	0	0	0	0	0	0	0	0	0	0	0	0	0	0	0	1
71	0	0	0	0	0	0	0	0	0	0	0	0	1	0	0	0	0	0	0	1	0	0	2
75	0	0	0	0	0	0	0	0	0	0	0	0	0	0	0	1	1	0	0	3	0	0	5
76	0	1	0	0	0	0	0	0	0	0	0	0	0	0	0	0	0	0	0	0	0	0	1
77	0	0	0	0	0	0	0	1	0	2	0	0	0	0	0	0	0	0	0	0	1	0	3
78	1	0	0	0	0	0	0	0	0	0	0	0	0	0	0	0	0	0	0	0	0	0	1
79	0	0	0	0	0	0	0	0	1	1	0	0	0	0	0	0	0	0	0	0	0	0	2
80	0	0	0	0	0	0	0	0	0	0	0	0	0	0	0	1	1	0	0	0	0	0	2
81	0	0	0	0	0	0	0	0	0	0	0	0	0	0	0	0	1	0	0	0	0	0	1
84	1	0	0	0	0	1	0	0	0	1	0	0	0	0	0	0	0	0	0	0	0	0	3
85	0	0	0	1	0	0	0	0	0	0	0	0	0	0	0	0	0	0	0	0	0	0	1
87	0	0	0	0	0	0	0	0	0	0	0	0	0	0	0	0	0	1	0	0	0	0	1
88	0	0	0	1	0	0	0	0	0	1	0	0	0	0	0	0	0	0	0	0	2	0	2
90	0	0	0	0	0	1	0	0	0	0	0	0	0	0	0	0	0	0	0	0	0	0	1
91	0	0	0	0	0	0	0	2	0	0	0	0	0	0	0	0	0	0	0	0	0	0	2
95	0	0	0	0	0	0	0	0	0	0	0	0	0	0	0	0	0	1	0	0	0	0	1
97	1	0	1	0	0	0	0	0	0	0	0	0	0	0	0	0	0	0	0	0	1	0	2
98	1	0	0	0	0	0	0	0	0	0	0	0	0	0	0	0	0	0	0	0	0	0	1
100	0	0	0	0	0	0	0	0	0	0	2	0	0	0	0	0	0	0	0	0	0	0	2
104	1	0	0	0	0	0	0	0	0	0	0	0	0	0	0	0	0	0	0	0	0	0	1
107	0	0	0	0	0	0	0	0	1	0	0	0	0	0	0	0	0	0	0	0	0	0	1
109	0	0	0	0	0	0	0	0	0	0	0	0	0	0	0	1	0	1	0	0	1	0	2
110	1	0	0	0	0	0	0	0	0	0	0	0	0	0	1	0	0	0	0	0	0	0	2
112	0	0	0	0	0	1	0	0	0	0	0	0	0	0	0	0	0	0	0	0	0	0	1
114	1	0	0	0	0	0	0	0	0	0	0	0	0	0	0	0	0	0	0	0	0	0	1
115	0	0	0	2	0	0	0	0	0	0	0	0	0	0	0	0	0	0	0	0	0	2	2
116	0	0	0	2	0	0	0	0	0	0	0	0	0	0	0	0	0	0	0	0	0	2	2
117	0	0	0	0	0	1	0	0	0	0	0	0	0	0	0	0	0	0	0	0	0	0	1
123	1	0	0	0	0	0	0	0	0	0	0	0	0	0	0	0	0	0	0	0	1	0	1
125	0	0	0	0	0	0	1	0	0	0	0	0	0	0	0	0	0	0	0	0	0	0	1
128	3	0	0	1	0	0	0	2	0	0	0	3	2	0	2	2	0	2	0	4	4	1	21
129	0	0	0	10	0	0	0	0	0	0	0	0	0	0	0	1	0	0	0	0	0	9	11
130	0	0	1	0	0	0	0	0	0	0	0	0	0	0	0	1	0	0	0	0	0	1	2
131	0	0	0	1	0	0	0	0	1	0	0	0	0	0	0	0	0	0	0	0	0	1	2
134	0	0	1	0	0	0	0	0	0	0	0	0	0	0	0	0	0	0	0	0	0	0	1
138	0	0	0	0	0	1	0	0	0	0	0	0	0	0	0	0	0	0	0	0	0	0	1
142	0	0	0	0	1	0	0	0	0	0	0	0	0	0	0	0	0	0	0	0	0	0	1
143	0	0	0	0	0	0	0	0	0	0	0	1	0	0	0	0	0	0	0	0	1	0	1
147	0	0	1	0	0	0	0	1	0	0	0	0	0	0	0	0	0	0	0	0	1	0	2
151	0	0	0	0	0	0	0	0	0	1	0	0	0	0	0	2	0	0	0	0	0	0	3
154	0	0	0	0	0	0	0	0	0	0	0	0	0	0	0	0	0	1	0	0	0	0	1
156	7	0	0	4	0	0	0	3	2	5	3	0	0	1	0	1	0	1	0	1	9	2	28
157	2	0	0	1	0	0	0	1	0	2	0	0	1	1	0	1	0	0	0	0	1	0	9
168	0	0	0	1	0	0	0	0	0	0	0	0	0	0	0	0	0	0	0	0	0	0	1
170	0	0	0	0	0	0	0	0	0	0	0	0	1	0	0	0	0	0	0	0	0	0	1
172	0	0	0	0	0	0	0	0	0	0	2	0	0	0	1	0	0	1	0	0	2	1	4
176	0	0	1	0	0	0	0	0	0	0	0	0	0	0	0	0	0	0	0	0	0	0	1
184	0	0	0	0	0	0	0	0	2	0	0	1	0	0	0	0	0	0	0	0	0	0	3
186	0	0	0	0	0	0	0	0	0	0	0	0	0	0	0	0	1	0	0	0	0	0	1
187	0	0	1	0	0	0	0	0	1	0	0	0	0	0	0	0	0	0	0	0	1	0	2
188	1	0	0	0	0	0	0	0	0	0	0	0	0	0	0	0	0	0	0	0	1	0	1
190	0	0	0	1	0	0	0	0	0	0	0	0	0	0	0	0	0	0	0	0	0	0	1
193	1	0	0	0	0	0	0	0	0	0	0	0	0	0	0	0	0	0	0	0	0	0	1
195	0	0	0	0	0	0	0	0	0	1	0	0	0	0	0	0	0	0	0	0	0	0	1
196	0	0	0	0	0	0	0	0	0	0	0	0	0	0	0	0	0	0	1	0	0	0	1
198	0	0	0	0	0	0	0	0	0	0	0	0	0	0	0	1	0	0	0	0	0	0	1
199	0	0	0	0	0	0	0	0	0	0	0	0	0	0	1	0	0	0	0	0	0	0	1
