 	A	C	D	E	F	G	H	I	K	L	M	N	P	Q	R	S	T	V	W	Y	Nterm	Cterm	Sum
-117	0	0	0	0	0	0	0	0	0	0	0	0	0	0	0	0	0	0	1	0	0	0	1
-112	0	0	0	0	0	0	0	0	0	0	0	0	0	0	0	0	0	0	1	0	0	0	1
-105	0	0	0	0	0	0	0	0	0	0	0	0	0	0	0	0	0	0	0	1	0	0	1
-102	0	0	0	0	0	0	0	0	0	0	0	0	0	0	0	0	0	0	0	1	0	0	1
-100	0	1	0	0	0	0	0	0	0	0	0	0	0	0	0	0	0	0	0	0	0	0	1
-99	0	0	0	0	0	0	0	0	0	0	0	0	0	0	4	0	0	0	0	0	0	2	4
-98	0	1	0	0	0	0	0	0	0	0	0	0	0	0	0	0	0	0	0	0	0	0	1
-97	0	0	0	0	0	0	0	0	0	0	0	0	0	0	1	0	0	0	0	3	0	1	4
-96	0	0	0	0	0	0	0	0	0	0	0	0	0	0	1	0	0	0	0	0	0	0	1
-93	0	0	0	0	0	0	0	0	0	0	0	0	0	0	1	0	0	0	0	0	0	0	1
-92	0	0	0	0	0	0	0	0	0	0	0	0	0	0	1	0	0	0	0	1	0	0	2
-90	0	0	0	0	0	0	0	0	0	0	0	0	0	0	1	0	0	0	0	1	0	0	2
-89	0	0	0	0	1	0	0	0	0	0	0	0	0	0	0	0	0	0	0	0	0	0	1
-88	0	0	0	0	1	0	0	0	0	0	0	0	0	0	1	0	0	0	0	0	0	1	2
-87	0	0	0	0	1	0	0	0	0	0	0	0	0	0	1	0	0	0	0	0	0	0	2
-86	0	0	0	0	0	0	0	0	0	0	0	0	0	0	6	0	0	0	0	0	0	4	6
-85	0	0	0	0	0	0	0	0	0	0	0	0	0	0	2	0	0	0	0	0	0	1	2
-84	0	1	0	0	0	0	0	0	0	0	0	0	0	0	0	0	0	0	0	0	0	0	1
-83	0	1	0	0	0	0	0	0	0	0	0	0	0	0	1	0	0	0	0	0	0	0	2
-82	0	0	0	0	0	0	0	0	0	0	0	0	0	0	2	0	0	0	0	0	1	0	2
-81	0	0	0	0	0	0	0	0	0	0	0	0	0	0	1	0	0	0	0	0	0	0	1
-80	0	0	0	0	0	0	0	0	0	0	0	0	0	0	0	0	0	0	0	1	0	0	1
-76	0	1	0	0	1	0	0	0	0	0	0	0	0	0	1	0	0	0	0	0	0	0	3
-74	0	0	0	0	0	0	0	0	0	0	1	0	0	0	0	0	0	0	0	0	0	0	1
-73	0	0	0	0	0	0	0	0	0	0	1	0	0	0	0	0	0	0	0	0	0	0	1
-72	0	0	0	0	0	0	0	0	0	0	0	0	0	0	1	0	0	0	0	0	0	0	1
-71	0	0	0	0	1	0	0	0	0	0	0	0	0	0	0	0	0	0	0	3	0	0	4
-70	0	0	0	1	0	0	0	0	0	0	0	0	0	0	1	0	0	0	0	1	0	0	3
-69	0	0	0	3	0	0	0	0	0	0	0	0	0	1	1	0	0	0	0	0	1	0	5
-68	0	0	0	1	0	0	0	0	0	0	0	0	0	0	0	0	0	0	0	0	0	0	1
-65	0	0	0	1	2	0	1	0	0	0	0	0	0	0	0	0	0	0	0	0	0	0	4
-64	0	0	0	0	1	0	0	0	0	0	0	0	0	1	0	0	0	0	0	0	0	0	2
-63	0	0	0	0	0	0	0	0	1	0	0	0	0	0	0	0	0	0	0	2	0	0	3
-62	0	0	0	1	1	0	0	0	0	0	0	0	0	0	0	0	0	0	0	0	0	0	2
-61	0	0	0	0	0	0	4	0	1	0	0	0	0	0	0	0	0	0	0	0	0	0	5
-60	0	0	0	1	0	0	0	0	0	0	0	0	0	0	1	0	0	0	0	0	0	0	2
-59	0	1	0	1	1	0	0	0	0	0	0	0	0	0	0	0	0	0	0	1	1	0	4
-58	0	0	1	0	0	0	1	0	0	0	0	0	0	0	0	0	0	0	0	0	1	0	2
-57	0	0	0	0	2	0	0	0	4	0	1	1	0	0	0	0	0	0	0	0	0	0	8
-56	0	0	0	1	1	0	0	1	0	0	0	0	0	0	0	0	0	0	0	0	0	0	3
-55	0	0	0	0	0	0	0	0	0	2	0	0	0	0	0	0	0	0	0	0	0	0	2
-54	0	0	1	0	0	0	0	0	0	0	1	1	0	0	0	0	0	0	0	0	0	0	3
-53	0	0	0	0	0	0	0	1	0	1	0	0	0	0	0	0	0	0	0	0	0	0	2
-52	0	0	0	1	0	0	0	0	0	1	0	0	0	0	0	0	0	0	0	0	0	0	2
-51	0	0	0	0	1	0	0	0	0	1	1	1	0	0	0	0	0	0	0	0	1	0	4
-50	0	0	0	0	0	0	0	0	0	1	0	0	0	0	0	0	0	0	0	0	0	0	1
-49	0	0	0	1	0	0	0	0	1	1	0	0	0	0	0	0	0	0	0	0	0	0	3
-48	0	0	9	2	5	0	1	2	3	5	37	0	0	1	1	0	0	0	0	2	15	4	68
-47	0	0	0	2	2	0	0	1	0	0	2	0	0	0	0	0	0	0	0	0	0	0	7
-46	0	0	1	0	0	0	0	1	0	0	0	1	0	0	1	0	0	0	0	0	0	1	4
-45	0	0	5	0	0	0	0	2	0	1	0	0	0	0	0	0	0	0	0	0	3	0	8
-44	0	0	0	1	0	0	0	1	1	0	0	0	0	1	0	0	0	0	0	0	1	0	4
-43	0	1	0	0	1	0	1	0	1	2	0	0	0	0	3	0	0	0	0	0	1	0	9
-42	0	0	0	0	0	0	0	0	1	1	0	1	0	0	0	0	0	0	0	0	0	0	3
-41	0	0	0	0	0	0	0	1	1	1	0	0	0	0	0	0	0	0	0	0	0	0	3
-40	0	0	1	1	0	0	0	0	0	0	0	0	1	0	0	0	0	0	0	0	1	0	3
-39	0	0	0	0	1	0	0	1	0	0	0	0	1	0	3	0	1	0	0	0	0	3	7
-38	0	0	0	0	0	0	1	0	0	0	0	0	0	1	0	0	1	0	0	0	1	0	3
-37	0	0	1	0	0	0	0	0	0	0	0	0	1	0	1	0	0	0	0	0	0	0	3
-36	0	0	0	0	0	0	0	0	0	0	0	0	1	0	0	0	6	0	0	0	0	0	7
-35	0	0	0	0	0	0	0	0	0	0	0	0	0	0	0	0	1	0	1	0	0	0	2
-34	0	0	0	0	1	0	0	2	0	2	0	0	0	0	0	0	1	1	0	0	0	0	7
-33	0	0	0	0	0	0	0	1	1	0	0	0	0	0	0	0	2	0	0	0	0	0	4
-32	0	0	0	0	0	0	0	0	0	1	0	1	0	0	1	0	1	2	0	0	1	0	6
-31	0	0	0	1	0	0	1	0	0	0	0	0	0	0	0	0	0	0	0	0	0	0	2
-30	0	0	0	1	0	0	0	0	0	0	0	0	0	3	0	0	2	0	0	0	0	0	6
-29	0	0	0	1	1	0	0	0	1	0	0	1	1	1	0	1	0	0	0	0	0	0	7
-28	0	0	0	0	0	0	0	2	0	0	0	0	0	0	2	0	0	2	0	0	2	0	6
-27	0	0	0	0	0	0	0	2	0	0	0	0	0	0	2	0	1	0	0	0	2	0	5
-26	0	0	0	0	0	0	0	0	0	0	0	2	0	0	0	0	0	1	0	0	1	0	3
-25	0	0	1	1	0	0	0	0	1	0	0	0	0	0	0	0	0	0	0	0	0	0	3
-24	0	0	1	0	0	0	0	0	0	1	0	0	0	0	1	0	0	0	0	1	2	1	4
-23	0	0	0	1	0	0	2	1	1	0	0	2	1	0	0	0	0	0	0	0	2	1	8
-22	0	0	0	0	0	0	0	0	0	1	1	0	0	1	0	0	2	0	0	0	0	0	5
-21	0	0	0	0	0	0	0	0	0	2	0	0	0	1	0	0	0	0	0	2	0	0	5
-20	0	0	0	2	0	0	0	0	0	1	0	1	0	0	0	0	0	0	1	0	1	0	5
-19	0	0	0	0	0	0	0	0	0	1	0	0	0	4	0	0	0	0	0	0	4	0	5
-18	0	0	29	48	6	0	2	13	4	12	4	8	2	13	4	8	34	7	2	0	60	3	196
-17	0	70	20	22	6	0	14	20	17	24	3	63	8	191	2	13	22	10	8	5	266	6	518
-16	0	8	9	8	0	0	2	7	5	1	1	3	3	16	1	2	5	5	1	0	28	0	77
-15	0	1	3	2	3	0	4	9	1	1	0	11	4	9	1	2	8	4	2	1	16	1	66
-14	0	3	3	2	0	0	0	1	0	0	1	0	0	2	0	1	1	1	0	0	6	0	15
-13	0	0	0	1	0	0	0	0	0	1	0	0	0	1	0	1	0	0	0	0	0	0	4
-12	0	2	1	0	0	0	1	0	0	1	0	0	1	0	0	0	0	1	0	0	2	0	7
-11	1	0	0	0	0	0	0	3	1	0	1	0	0	0	0	0	0	0	0	0	0	1	6
-10	1	0	0	1	0	0	0	0	0	1	0	2	0	0	0	1	1	1	0	0	0	0	8
-9	0	1	0	0	0	0	0	0	0	1	0	1	1	0	1	0	1	1	0	0	0	0	7
-8	0	0	0	0	0	0	0	1	0	1	1	0	0	0	1	0	0	0	0	0	0	0	4
-7	2	0	0	0	1	0	0	2	0	0	0	0	0	1	0	0	0	1	0	0	0	0	7
-6	0	0	0	0	0	0	0	0	0	1	0	0	0	0	0	0	0	0	0	0	0	0	1
-5	0	0	0	0	0	0	1	0	0	2	0	0	0	1	0	0	0	0	0	0	0	0	4
-4	1	0	0	0	0	0	0	0	0	0	0	1	0	0	1	1	0	1	0	0	1	0	5
-3	0	0	1	0	0	0	3	6	1	3	1	0	2	3	1	1	6	1	0	1	10	2	30
-2	26	6	15	25	14	0	7	28	26	36	12	9	6	19	10	22	24	26	0	9	161	27	320
-1	57	3	17	22	16	0	13	40	20	48	23	22	15	17	13	18	26	32	2	9	233	21	413
1	328	42	100	188	88	243	143	258	187	259	49	233	159	193	64	191	173	322	26	72	930	123	3318
2	55	11	7	33	13	37	17	54	32	46	13	34	26	16	8	43	39	71	5	17	223	23	577
3	16	3	10	12	5	9	4	17	5	18	12	7	8	5	0	14	4	12	1	5	64	2	167
4	0	2	1	2	1	3	0	5	0	2	0	2	1	0	0	1	0	2	2	3	8	0	27
5	0	1	2	3	0	0	0	2	0	2	5	0	1	4	0	2	1	2	0	0	7	0	25
6	0	0	0	0	0	0	0	0	1	0	2	0	0	1	0	0	0	0	0	0	1	0	4
7	0	0	0	1	0	0	0	0	0	1	0	0	0	0	0	0	0	0	0	0	0	0	2
8	0	0	1	0	0	0	0	0	0	0	0	0	0	0	0	0	0	0	0	0	1	0	1
9	0	0	0	1	0	0	0	0	0	0	1	0	0	0	0	0	0	0	0	0	0	0	2
10	0	0	0	0	0	0	0	0	0	0	0	1	0	0	1	0	0	0	0	0	0	1	2
11	0	0	0	0	0	1	0	0	0	2	0	0	0	0	0	0	0	0	0	0	0	0	3
12	0	0	0	0	1	0	0	0	2	0	0	0	0	0	0	0	1	0	0	0	2	0	4
13	0	0	0	0	1	0	0	0	1	0	0	0	0	0	0	0	0	0	0	0	0	0	2
14	3	0	3	2	1	2	2	0	12	0	6	1	2	2	0	3	0	4	7	93	17	2	143
15	1	0	1	1	1	0	1	0	4	2	4	0	2	1	0	2	1	3	0	5	12	0	29
16	76	8	37	79	22	122	16	27	7	71	1361	35	126	40	14	46	51	73	42	15	480	17	2268
17	29	2	17	13	3	23	7	5	0	6	117	8	34	8	4	11	11	15	3	6	45	2	322
18	1	0	0	3	0	5	1	1	0	9	13	0	5	0	2	1	0	3	0	1	12	1	45
19	1	0	0	1	0	1	0	0	0	3	1	0	0	0	0	1	0	0	0	0	3	0	8
20	0	0	0	1	0	1	0	0	0	0	0	0	0	0	0	0	0	0	0	0	1	0	2
21	4	1	1	1	0	1	0	0	0	0	0	1	0	3	0	0	0	0	0	0	2	0	12
22	72	13	100	82	14	62	3	31	3	38	4	37	50	24	0	46	35	44	3	15	47	0	676
23	12	0	5	6	2	13	1	2	2	10	3	2	13	7	1	9	5	8	0	1	3	0	102
24	11	2	15	17	3	3	0	3	1	6	1	2	4	3	1	10	6	4	0	0	1	1	92
25	0	0	1	0	0	1	0	0	1	0	0	0	1	0	0	0	0	0	0	0	0	0	4
26	1	0	0	0	0	0	0	0	4	0	1	0	0	0	0	0	0	0	0	0	5	0	6
27	0	0	0	0	0	0	0	0	0	0	0	0	0	0	0	1	0	0	0	0	0	0	1
28	1	0	1	1	0	0	0	3	1	4	4	0	0	0	0	1	0	0	0	0	13	0	16
29	0	0	0	1	0	0	0	1	1	0	0	0	0	0	0	0	1	0	0	0	2	0	4
30	1	0	0	0	0	0	0	2	0	0	0	0	0	0	2	0	0	1	3	0	5	0	9
31	0	0	1	0	0	0	0	0	0	0	0	0	0	0	0	0	0	0	0	0	1	0	1
32	7	0	3	4	0	3	0	0	0	3	4	7	7	1	0	3	1	5	38	12	8	0	98
33	0	0	0	0	0	3	0	2	1	0	1	0	0	0	0	0	0	0	3	2	0	0	12
34	1	0	0	0	0	0	0	0	0	0	0	0	0	0	0	0	0	0	0	0	0	0	1
35	0	0	0	0	1	0	0	0	0	0	0	0	0	0	0	0	0	0	0	0	0	0	1
36	1	0	0	0	0	0	0	0	0	0	0	0	0	0	0	0	0	0	0	0	0	0	1
37	1	0	0	0	0	0	0	0	0	1	0	0	0	0	0	0	0	0	0	0	0	0	2
38	52	6	50	35	14	28	1	29	1	36	2	25	28	14	0	25	22	35	2	9	15	1	414
39	7	0	2	10	1	6	0	0	0	3	0	6	6	0	0	1	3	1	0	0	1	0	46
40	0	0	2	2	1	0	0	0	0	0	0	1	2	0	0	0	0	1	0	0	1	0	9
42	4	0	1	1	3	0	0	2	0	2	1	2	0	0	0	29	3	0	0	0	38	0	48
43	0	0	0	1	0	0	0	1	0	0	1	1	0	0	0	1	0	0	0	0	2	0	5
44	0	0	0	2	0	0	0	1	0	1	3	0	0	0	0	1	0	1	0	0	3	0	9
45	1	0	0	0	1	0	0	1	0	0	0	0	0	0	0	0	0	0	0	0	1	0	3
46	0	0	4	0	0	0	0	0	0	0	0	0	0	0	0	0	0	0	0	0	0	0	4
47	0	0	0	0	1	0	0	0	0	0	0	0	0	0	0	0	1	0	0	0	0	0	2
48	0	0	1	0	0	0	0	1	0	0	0	0	0	0	0	0	0	0	0	0	0	0	2
49	1	0	0	0	0	0	0	1	0	0	0	0	0	0	0	0	0	0	0	0	1	0	2
50	0	0	0	2	0	0	0	1	0	0	0	0	0	0	0	0	0	0	0	0	1	0	3
51	0	0	0	0	0	0	0	0	1	0	0	0	0	0	1	0	0	0	1	0	0	2	3
52	0	0	0	0	0	0	0	0	0	1	0	0	0	0	1	0	2	0	0	0	1	1	4
53	6	0	8	12	0	7	0	3	0	1	0	4	3	2	0	11	5	1	0	1	0	0	64
54	0	1	0	3	0	1	0	1	0	1	2	0	1	0	0	3	0	1	0	0	5	0	14
55	0	0	1	3	1	0	1	1	0	0	0	0	2	0	0	0	0	0	0	0	3	0	9
56	3	0	0	0	1	1	0	0	0	0	0	0	0	0	0	0	0	0	0	0	2	0	5
57	8	0	1	1	1	19	8	5	1	14	8	1	4	4	1	4	1	16	0	2	76	0	99
58	2	0	0	0	1	2	0	1	0	0	0	1	0	0	0	0	0	0	0	1	5	0	8
59	0	0	1	0	0	0	0	0	0	0	0	0	0	0	0	0	0	2	0	1	1	0	4
60	0	0	0	1	0	0	0	0	0	0	0	0	0	0	1	0	1	0	0	1	0	0	4
61	0	0	0	0	0	1	0	0	0	0	0	0	0	0	0	0	0	0	0	0	0	0	1
62	0	0	1	0	0	0	0	0	1	0	0	0	0	0	0	0	0	0	0	1	0	0	3
63	1	0	1	2	0	0	0	0	0	2	0	0	0	0	0	0	0	0	0	0	0	0	6
64	1	0	0	1	0	0	0	0	1	1	0	0	1	0	1	3	0	0	0	0	2	0	9
65	0	0	0	0	0	1	0	0	0	0	0	0	0	0	0	0	0	0	0	0	1	0	1
66	0	0	0	0	0	0	0	1	0	0	0	0	1	0	0	0	0	0	0	0	1	0	2
67	0	0	0	1	0	0	0	0	0	1	0	0	0	0	0	1	0	0	0	0	0	0	3
68	0	0	0	0	0	0	0	0	2	0	0	0	0	0	0	0	0	1	0	0	0	2	3
69	0	0	0	4	1	0	0	1	0	0	0	0	0	0	0	0	0	0	0	0	3	0	6
71	0	0	0	0	0	2	0	0	0	1	0	0	0	0	1	0	0	0	0	0	2	0	4
72	1	0	0	0	0	0	0	0	1	0	0	0	0	0	0	1	0	0	1	0	1	0	4
73	0	0	0	0	0	0	0	0	0	1	0	0	0	0	1	2	0	0	0	0	4	0	4
75	0	0	0	0	0	0	0	0	0	1	0	0	0	0	0	1	0	0	0	0	0	0	2
76	0	0	0	0	0	0	0	1	0	0	0	0	0	0	0	0	0	0	0	0	0	0	1
78	0	0	0	0	0	0	0	1	0	0	0	0	0	0	0	0	0	0	0	0	0	0	1
79	0	0	0	0	1	0	0	0	0	0	0	0	0	0	0	0	0	0	0	0	1	0	1
80	0	0	0	0	1	1	0	0	0	0	0	0	0	0	0	0	0	0	0	0	1	0	2
81	0	0	0	1	0	0	0	0	2	0	0	0	1	0	0	0	1	0	0	0	3	0	5
82	0	0	0	0	0	1	0	0	1	1	0	0	0	0	0	0	0	0	0	0	1	0	3
83	0	0	0	0	0	0	0	0	0	0	0	0	0	0	0	0	1	0	0	0	0	0	1
84	1	0	0	0	0	0	0	0	0	1	0	0	1	0	0	1	0	0	0	0	0	0	4
85	0	0	0	0	0	0	0	0	0	0	0	0	1	0	0	0	0	2	0	0	1	0	3
86	1	0	0	0	0	0	0	1	1	0	0	1	0	0	0	0	0	0	0	0	0	0	4
88	0	0	0	0	0	0	0	0	0	0	0	2	0	0	0	0	0	0	0	0	0	0	2
89	0	0	1	0	0	0	0	0	0	1	0	0	0	0	0	0	0	0	0	0	1	0	2
90	0	0	0	0	0	0	0	0	0	1	0	0	0	0	0	1	0	0	0	0	1	0	2
91	0	0	0	0	0	0	0	0	0	0	0	0	0	0	0	1	0	0	0	0	0	0	1
92	1	0	0	0	0	0	0	0	0	2	0	0	0	0	0	1	0	0	0	0	1	0	4
93	0	0	0	0	0	0	0	0	0	0	0	0	0	1	0	0	0	0	0	0	0	0	1
96	0	0	0	1	0	0	0	0	0	0	0	0	0	0	0	0	0	0	0	0	0	0	1
97	0	0	0	0	0	0	0	0	0	0	0	0	0	0	0	1	0	0	0	0	0	0	1
98	0	0	0	0	1	0	0	0	0	0	0	0	0	0	0	1	0	0	0	1	1	0	3
99	0	0	0	0	0	0	0	0	0	0	0	0	0	0	0	0	1	0	0	0	0	0	1
100	0	0	0	0	1	1	0	0	4	0	1	0	1	1	0	0	1	0	0	0	3	0	10
101	0	0	0	0	0	0	0	0	1	0	0	0	0	0	0	0	0	1	0	0	1	0	2
102	0	0	0	0	0	0	0	1	0	0	0	0	0	0	2	0	0	0	0	0	1	0	3
103	2	0	0	0	0	0	0	0	0	0	0	0	0	0	0	0	0	0	0	0	0	0	2
104	0	0	0	0	0	0	0	0	1	0	0	1	0	0	0	0	0	0	0	0	1	0	2
105	0	0	0	0	0	1	0	2	1	0	0	1	0	0	0	1	0	1	0	0	1	0	7
106	0	0	0	0	0	1	0	2	0	0	0	0	0	0	0	0	0	0	0	0	0	0	3
108	0	0	0	0	0	0	0	0	0	1	0	0	1	0	0	0	0	0	0	0	0	0	2
110	0	0	0	0	0	0	0	0	0	1	2	0	0	0	1	2	0	0	0	0	2	1	6
111	0	1	0	0	0	0	0	0	0	0	0	0	0	0	0	0	0	0	0	0	1	0	1
114	0	0	0	0	0	0	0	0	0	0	0	0	0	0	0	0	0	0	1	0	0	0	1
115	0	0	0	0	0	0	0	0	0	0	0	0	0	0	0	0	0	1	0	0	1	0	1
116	0	0	0	0	0	0	0	0	0	0	0	0	0	0	1	0	0	0	0	0	0	1	1
117	0	0	0	0	0	0	0	0	0	0	0	0	0	0	0	0	0	1	0	0	0	0	1
119	0	0	0	0	0	0	0	0	0	0	0	0	0	0	0	0	0	0	1	0	0	0	1
120	1	0	0	0	0	0	0	0	0	0	0	0	0	0	0	0	0	0	0	0	0	0	1
121	0	0	0	1	0	0	0	0	0	0	0	0	0	0	0	0	0	0	0	0	0	0	1
122	0	0	1	2	0	0	0	1	0	0	0	0	0	0	1	0	0	0	0	0	1	0	5
123	1	0	0	0	0	0	0	0	0	0	0	0	0	0	0	0	0	0	0	0	1	0	1
124	1	0	0	0	2	0	0	6	0	2	1	0	0	0	0	0	0	0	0	0	10	0	12
125	1	0	0	0	0	0	0	0	0	2	0	0	0	0	0	0	1	0	0	0	2	0	4
126	1	0	0	0	1	0	0	0	0	0	0	0	0	0	0	0	0	0	0	0	1	0	2
127	0	0	0	1	0	0	0	0	0	0	0	0	2	0	0	0	0	0	0	0	0	0	3
128	11	0	1	1	5	6	0	5	12	4	1	1	4	3	7	0	2	3	0	0	17	19	66
129	0	0	0	7	0	0	0	0	0	2	0	0	1	0	1	6	0	1	0	0	0	8	18
130	0	0	0	1	0	0	0	0	0	0	0	0	0	0	0	0	0	0	0	0	0	1	1
133	0	0	0	0	0	0	0	0	0	0	0	0	0	0	0	0	0	1	0	0	0	0	1
135	0	0	0	0	0	0	0	0	0	0	0	0	0	1	0	0	0	0	0	0	1	0	1
136	0	0	0	0	1	0	0	0	0	0	0	0	0	1	0	0	0	0	0	0	1	0	2
137	0	0	0	0	0	0	0	0	0	1	0	0	0	1	0	0	0	0	0	0	1	0	2
138	0	0	0	0	0	0	0	0	0	0	0	0	0	0	0	2	0	0	0	0	0	0	2
139	0	0	1	0	0	0	0	0	0	0	0	0	0	0	0	0	0	0	0	0	0	0	1
140	1	0	0	0	0	0	0	2	0	1	2	1	0	0	0	0	0	0	0	0	5	0	7
141	0	0	0	0	0	0	0	0	1	0	0	2	0	0	0	1	0	0	0	0	0	2	4
142	0	0	0	0	0	0	0	1	0	0	0	0	0	0	1	1	0	0	0	1	0	0	4
143	0	0	0	0	0	0	0	0	0	0	0	0	2	0	0	0	0	1	0	0	1	0	3
144	0	0	1	0	0	1	0	0	0	0	1	0	1	0	0	0	3	1	0	0	2	0	8
145	0	0	0	0	0	0	0	0	0	0	0	0	0	0	0	1	2	0	0	0	2	0	3
146	0	0	0	0	0	0	0	0	0	0	0	0	0	1	0	0	0	0	0	0	0	0	1
147	0	0	0	0	0	0	0	0	0	0	0	0	0	1	0	0	0	0	0	0	0	0	1
149	0	0	0	0	0	0	0	0	0	0	0	0	0	0	0	0	0	0	1	0	1	0	1
151	0	0	0	0	0	0	0	0	0	0	1	0	0	0	0	0	0	0	0	0	0	0	1
152	0	3	0	0	0	0	0	0	0	0	0	0	0	0	0	0	0	0	0	0	0	0	3
154	1	0	0	0	1	0	0	6	3	1	1	1	0	0	0	0	0	1	0	0	10	3	15
155	0	0	1	0	0	0	0	1	0	0	0	0	0	0	0	0	0	0	0	0	1	0	2
156	16	0	0	1	0	4	1	8	13	6	5	0	0	0	0	6	4	13	0	5	24	13	82
157	0	0	0	0	0	1	0	2	0	0	0	0	0	0	0	0	0	1	0	0	3	0	4
158	0	0	0	0	0	0	0	0	0	0	0	0	0	0	1	0	0	0	0	0	0	0	1
159	1	0	0	0	0	0	1	0	1	0	0	0	0	0	0	1	0	2	0	0	0	0	6
160	0	0	0	0	0	0	0	2	0	0	0	0	0	0	0	0	0	0	0	0	2	0	2
161	0	0	0	0	1	0	0	0	0	0	0	1	0	0	0	0	0	0	0	0	0	0	2
162	2	0	0	0	0	0	0	0	0	0	0	0	0	0	0	0	0	1	0	0	0	0	3
165	0	0	1	0	0	0	0	0	0	0	0	0	0	0	0	0	0	0	0	0	0	0	1
167	1	0	0	0	0	0	0	0	0	0	0	0	0	0	0	1	0	0	0	0	0	0	2
169	0	0	0	0	0	0	0	1	0	0	0	0	0	0	1	0	0	1	0	0	1	0	3
170	0	0	0	0	0	0	0	0	0	0	0	0	0	0	0	0	0	2	0	0	2	0	2
171	0	0	0	0	0	2	0	0	0	0	0	0	0	0	0	0	0	1	0	0	1	0	3
172	0	0	1	0	0	0	0	0	0	0	0	0	0	0	0	0	0	0	0	0	0	0	1
173	1	0	0	0	0	0	0	0	0	0	0	0	0	0	0	0	0	0	0	0	0	0	1
177	0	0	0	1	0	0	0	0	0	0	0	0	0	0	0	0	0	0	0	0	0	0	1
179	0	0	0	0	0	0	0	0	0	0	0	0	0	0	0	0	1	0	0	0	0	0	1
180	0	0	0	1	0	0	0	2	0	0	0	0	0	0	0	0	0	0	0	0	1	0	3
181	0	0	0	0	0	1	0	0	0	0	0	0	0	0	0	0	0	0	0	0	0	0	1
182	0	0	0	0	0	0	0	0	2	0	0	0	0	0	0	0	0	0	0	0	2	0	2
183	0	0	0	0	0	0	0	2	0	1	0	0	0	0	0	0	0	0	0	0	3	0	3
184	0	0	0	1	0	0	0	0	0	0	0	0	0	0	0	0	0	0	0	0	1	0	1
185	0	0	0	0	1	0	0	0	0	0	0	0	0	0	0	0	0	0	0	1	1	0	2
188	0	0	0	0	0	0	0	0	6	0	0	0	0	0	0	0	1	0	0	0	0	0	7
189	0	0	1	0	0	1	0	0	2	0	0	0	0	0	0	0	0	0	0	0	0	0	4
192	0	0	0	0	0	0	0	0	0	1	0	0	0	0	0	0	0	2	0	0	0	0	3
194	2	0	0	0	0	1	0	0	0	0	0	0	0	0	0	0	0	0	0	0	0	0	3
196	0	0	0	0	0	0	0	0	1	2	0	0	0	0	0	1	0	0	0	0	0	1	4
199	0	0	0	0	0	0	0	0	0	0	0	0	0	0	0	0	0	1	0	0	0	0	1
