 	A	C	D	E	F	G	H	I	K	L	M	N	P	Q	R	S	T	V	W	Y	Nterm	Cterm	Sum
-102	0	0	0	0	0	0	0	0	0	0	0	0	0	0	0	0	0	0	0	2	0	0	2
-101	0	0	0	0	0	0	0	0	0	0	0	0	0	0	0	0	0	0	1	2	0	0	3
-99	0	0	0	0	0	0	0	0	0	0	0	0	0	0	1	0	0	0	0	0	0	1	1
-98	0	0	0	0	0	0	0	0	0	0	0	0	0	0	1	0	0	0	0	0	0	0	1
-93	0	0	0	0	0	0	0	0	0	0	0	0	0	0	0	0	0	0	0	1	0	0	1
-91	0	0	0	0	0	0	0	0	0	0	0	0	0	0	0	0	0	0	0	1	0	0	1
-89	0	0	0	0	0	0	0	0	0	0	0	0	0	0	2	0	0	0	0	0	0	0	2
-87	0	0	0	0	1	0	0	0	0	0	0	0	0	0	1	0	0	0	0	0	0	0	2
-86	0	0	0	0	0	0	0	0	0	0	0	0	0	0	1	0	0	0	0	0	0	0	1
-85	0	0	0	0	0	0	0	0	0	0	0	0	0	0	1	0	0	0	0	0	0	0	1
-84	0	0	0	0	1	0	0	0	0	0	0	0	0	0	0	0	0	0	0	0	1	0	1
-83	0	0	0	0	0	0	0	0	0	0	0	0	0	0	1	0	0	0	0	1	0	0	2
-82	0	0	0	0	0	0	0	0	0	0	0	0	0	0	0	0	0	0	0	1	0	0	1
-80	0	0	0	0	0	0	0	0	0	0	0	0	0	0	1	0	0	0	0	0	0	0	1
-77	0	0	0	0	1	0	0	0	0	0	0	0	0	0	0	0	0	0	0	0	0	0	1
-74	0	1	0	0	0	0	0	0	0	0	0	0	0	0	0	0	0	0	0	0	0	0	1
-73	0	0	0	0	0	0	0	0	0	0	0	0	0	0	0	0	0	0	0	1	0	0	1
-71	0	0	0	0	0	0	0	0	0	0	0	0	0	1	0	0	0	0	0	0	0	0	1
-67	0	0	0	0	0	0	0	0	0	0	1	0	0	1	1	0	0	0	0	0	0	0	3
-66	0	0	0	0	0	0	0	0	0	0	0	0	0	1	0	0	0	0	0	0	0	0	1
-64	0	0	0	2	0	0	0	0	0	0	0	0	0	0	0	0	0	0	0	0	0	0	2
-63	0	0	0	0	0	0	0	0	1	0	0	0	0	0	0	0	0	0	0	0	0	1	1
-61	0	1	0	0	1	0	4	0	0	0	0	0	0	0	0	0	0	0	0	0	1	0	6
-59	0	0	0	0	1	0	0	0	0	0	0	0	0	0	0	0	0	0	0	0	0	0	1
-58	0	0	1	0	0	0	0	0	0	0	1	0	0	0	1	0	0	0	1	0	0	1	4
-57	0	0	0	0	0	0	0	0	0	0	0	0	0	1	0	0	0	0	0	0	0	0	1
-55	0	0	0	0	0	0	0	1	0	0	0	0	0	0	0	0	0	0	0	0	0	0	1
-53	0	0	0	1	0	0	0	0	0	0	0	0	0	0	0	0	0	0	0	0	0	0	1
-52	0	0	0	0	0	0	0	0	1	0	0	0	0	0	0	0	0	0	0	0	0	1	1
-51	0	0	0	0	0	0	0	1	0	0	0	0	0	0	1	0	0	0	0	0	0	0	2
-50	0	0	0	0	1	0	0	0	0	0	0	0	0	0	0	0	0	0	0	0	1	0	1
-49	0	0	0	0	0	0	0	0	1	0	0	0	0	0	1	0	0	0	0	0	0	0	2
-48	0	0	3	2	0	0	0	2	1	0	13	0	0	5	0	0	0	0	0	0	8	0	26
-47	0	0	1	0	0	0	0	0	3	0	0	0	0	0	0	0	0	0	0	0	0	1	4
-44	0	0	0	0	0	0	0	0	0	0	0	0	0	1	0	0	0	0	0	0	0	0	1
-43	0	0	1	1	0	0	0	0	0	0	0	2	0	0	0	0	0	0	0	0	0	0	4
-42	0	0	0	0	0	0	0	2	0	3	0	1	0	0	0	0	1	0	1	0	0	0	8
-39	0	0	1	0	0	0	0	0	0	0	0	0	1	1	0	0	0	0	0	0	0	0	3
-38	0	0	0	0	2	0	0	0	0	0	0	0	1	0	0	0	0	0	0	0	0	0	3
-36	0	0	0	1	0	0	0	1	0	0	0	3	0	0	0	0	0	0	0	0	0	0	5
-35	0	0	0	0	0	0	0	0	1	0	0	2	0	0	1	0	0	0	0	0	0	1	4
-34	0	0	0	0	0	0	1	0	0	0	0	1	0	0	0	0	0	0	0	0	2	0	2
-31	0	0	0	0	0	0	0	0	0	1	0	0	1	0	0	0	0	0	0	0	0	0	2
-30	0	0	0	0	0	0	0	0	0	0	0	0	0	0	0	1	0	0	0	0	0	0	1
-29	0	0	0	0	0	0	0	0	3	0	0	1	0	0	0	0	0	1	0	0	0	2	5
-27	0	0	0	0	0	0	0	1	0	0	0	0	0	1	0	0	0	0	0	0	0	0	2
-26	0	0	1	0	0	0	0	0	0	0	1	0	0	0	0	0	0	1	0	0	0	0	3
-25	0	0	0	12	0	0	0	0	0	0	0	0	0	0	0	0	0	0	0	0	0	0	12
-23	0	0	0	0	0	0	0	0	0	0	0	0	0	0	0	0	0	0	1	0	1	0	1
-22	0	0	0	0	0	0	0	0	0	0	0	0	0	1	0	0	0	0	0	0	1	0	1
-20	0	0	0	0	0	0	0	0	1	0	0	0	0	0	0	0	0	0	0	0	0	0	1
-19	0	0	0	0	0	0	0	0	0	0	0	0	0	1	0	0	0	1	0	0	1	0	2
-18	0	0	72	49	3	0	2	1	2	26	5	7	3	42	2	33	43	7	0	3	77	2	300
-17	0	32	25	12	7	0	8	16	12	24	5	67	12	168	1	8	31	16	10	7	208	3	461
-16	0	4	9	2	0	0	3	3	4	3	1	7	2	26	1	2	6	3	0	0	31	0	76
-15	0	0	3	1	0	0	2	1	0	0	0	5	3	7	0	0	3	0	2	0	8	0	27
-14	0	0	1	0	0	0	0	0	1	1	0	1	0	1	0	0	0	0	0	0	1	0	5
-13	0	0	0	2	0	0	0	0	0	0	0	0	0	1	0	0	0	0	0	0	1	0	3
-12	0	0	0	1	0	0	0	0	1	0	0	0	0	0	0	0	0	1	0	0	1	0	3
-11	0	0	1	0	0	0	0	2	0	0	0	0	0	0	0	0	1	0	0	0	0	0	4
-10	0	0	1	0	0	0	0	0	0	0	0	0	0	0	0	0	1	0	0	0	0	0	2
-9	0	7	1	0	0	0	0	0	0	0	0	0	0	0	0	0	0	0	0	1	0	0	9
-8	0	0	0	0	0	0	0	0	0	0	0	0	1	0	0	0	0	1	0	0	0	0	2
-7	1	0	1	0	0	0	0	0	0	0	0	0	0	0	0	0	0	0	0	0	0	0	2
-6	0	0	0	0	0	0	0	0	0	0	0	1	0	0	1	0	0	0	0	0	0	0	2
-5	0	0	0	0	1	0	1	0	0	0	0	0	1	0	0	0	0	0	0	0	1	0	3
-4	0	0	1	0	0	0	0	0	0	0	0	0	0	0	0	1	1	1	0	0	1	0	4
-3	0	0	0	0	0	0	0	1	3	1	1	0	0	1	0	0	0	0	0	0	3	2	7
-2	12	6	7	6	7	0	2	9	5	14	206	11	2	10	3	9	9	30	11	8	263	2	367
-1	20	2	7	24	7	0	7	21	9	21	36	13	8	12	5	9	12	31	0	5	132	3	249
1	388	51	186	233	124	324	108	337	149	385	115	403	252	265	52	230	255	396	43	123	847	98	4419
2	31	6	30	35	11	50	18	62	16	57	14	44	44	55	7	25	46	57	7	20	113	5	635
3	1	5	1	1	2	5	1	1	2	0	1	2	4	2	0	2	6	4	0	3	1	0	43
4	0	0	1	0	0	0	0	0	0	0	0	0	0	0	1	0	0	0	2	0	0	0	4
5	0	0	2	1	0	3	0	1	0	0	4	0	0	8	0	0	2	1	2	0	4	0	24
6	0	0	0	0	0	2	0	0	0	0	0	1	0	0	0	0	0	0	0	0	0	0	3
7	1	7	3	0	0	1	0	0	0	1	3	0	0	0	0	0	0	0	0	0	0	0	16
8	0	2	0	0	0	0	0	0	0	0	0	0	0	0	0	0	0	0	0	0	0	0	2
9	0	0	0	0	0	0	0	0	0	0	0	1	0	0	0	0	0	0	0	0	0	0	1
10	0	0	1	0	0	0	1	0	0	0	0	0	0	0	0	1	0	0	0	0	1	0	3
12	0	0	1	0	0	1	0	1	0	0	0	7	1	1	0	1	0	1	38	0	46	0	52
13	0	0	0	0	0	0	0	0	0	0	0	1	1	0	0	0	0	0	1	0	3	0	3
14	0	0	1	6	0	1	0	0	3	0	2	0	0	0	0	2	0	0	0	0	4	0	15
15	0	0	0	0	0	3	0	0	4	0	2	0	0	0	0	2	0	1	0	0	3	0	12
16	62	15	22	31	5	22	21	21	11	32	876	23	30	22	3	26	61	46	46	8	387	4	1383
17	5	0	3	4	0	14	0	0	3	3	81	11	5	2	2	20	2	4	12	0	53	2	171
18	1	0	0	1	0	0	0	0	1	3	5	1	1	1	0	0	0	1	1	0	6	0	16
19	0	0	0	0	0	0	0	0	2	1	0	0	1	0	0	0	0	0	0	0	1	0	4
20	0	0	0	0	0	1	0	0	0	0	0	0	0	0	1	0	0	0	0	0	2	0	2
21	0	2	0	0	0	1	0	0	0	0	0	0	0	0	0	0	0	0	0	0	1	0	3
22	52	11	49	48	12	76	0	23	3	30	18	34	43	37	0	41	28	43	1	8	12	1	557
23	13	2	4	12	1	20	0	7	0	14	1	12	11	4	1	4	7	15	0	3	0	1	131
24	3	0	2	6	1	1	0	0	0	0	1	1	5	0	0	0	0	1	0	0	0	0	21
25	0	0	0	0	0	0	0	1	0	0	2	0	0	0	0	0	0	0	0	0	2	0	3
27	0	0	1	0	0	0	0	0	0	0	0	0	0	0	0	0	0	1	0	1	1	0	3
28	1	0	0	2	0	1	0	0	0	0	1	2	0	0	1	5	1	0	0	0	2	1	14
29	0	0	1	0	0	1	0	0	0	0	0	0	0	0	0	1	0	0	0	0	1	0	3
30	0	0	0	0	0	0	1	0	1	0	0	0	0	0	1	0	0	2	0	0	2	0	5
31	0	0	0	0	0	0	0	0	0	0	0	0	0	0	0	0	0	1	2	0	2	0	3
32	0	0	0	1	0	0	0	0	0	0	6	2	0	3	0	0	0	1	21	0	17	0	34
33	1	1	0	0	0	0	0	0	1	0	0	1	1	0	0	0	1	0	5	1	2	0	12
34	0	0	1	0	0	0	0	0	0	0	0	0	1	0	0	0	0	0	0	0	0	0	2
35	0	0	0	0	0	0	1	0	0	0	0	0	0	0	0	0	0	0	0	0	1	0	1
36	0	0	0	0	2	0	0	0	0	0	0	0	0	0	0	0	0	0	0	0	0	0	2
37	0	0	0	0	0	1	0	0	0	0	0	0	0	0	0	0	0	0	0	0	0	0	1
38	20	0	12	15	3	10	0	34	0	9	3	7	13	0	0	5	13	9	0	3	2	0	156
39	3	0	2	2	0	2	0	0	0	2	0	1	4	0	0	0	0	0	0	0	1	0	16
40	0	0	0	2	1	1	0	0	0	0	0	0	0	0	0	0	0	0	0	0	2	0	4
41	0	0	0	0	0	0	0	0	0	0	0	0	0	0	1	0	0	0	0	0	0	0	1
42	9	0	1	3	0	0	0	1	0	2	6	0	0	2	0	60	9	0	0	0	84	0	93
43	0	0	0	2	0	0	0	1	0	0	0	0	0	1	0	8	1	0	0	0	10	0	13
44	0	0	0	0	0	0	0	0	0	0	0	0	0	0	1	1	0	0	0	0	0	0	2
46	0	0	0	0	0	0	0	0	0	0	0	0	0	0	0	0	0	0	1	0	0	0	1
50	0	0	0	1	0	0	0	0	0	0	0	0	0	0	0	0	0	0	0	0	0	0	1
51	0	0	0	1	0	0	0	0	0	0	0	0	0	1	0	0	0	0	0	0	0	0	2
52	0	0	1	0	0	0	0	0	0	0	0	0	0	0	1	0	0	0	0	0	0	1	2
53	0	0	1	0	0	0	0	0	0	0	0	0	0	0	0	0	0	0	0	0	0	0	1
54	1	0	0	0	0	0	0	0	0	0	0	0	0	0	0	0	0	0	0	0	0	0	1
55	0	0	1	1	0	0	0	0	0	0	2	0	0	0	0	0	0	0	0	0	3	0	4
56	0	0	0	0	0	0	0	0	0	0	1	0	0	1	0	0	0	0	0	0	1	0	2
57	4	0	0	0	0	4	0	0	0	4	1	0	2	0	0	0	2	2	0	0	16	1	19
58	0	0	0	0	0	2	0	0	0	2	0	0	0	0	0	0	0	0	0	0	4	0	4
59	0	0	0	0	0	0	0	0	0	0	1	0	0	0	0	0	0	1	1	0	1	0	3
60	2	0	0	0	0	0	0	2	0	0	0	0	0	2	0	0	0	0	9	0	9	0	15
61	0	0	0	0	0	0	0	0	1	0	0	0	0	0	1	0	0	0	0	1	1	0	3
62	0	0	0	0	0	0	0	0	2	0	0	0	0	0	0	0	0	0	0	1	0	0	3
63	0	0	0	0	0	0	0	0	0	0	0	0	0	0	2	0	0	0	0	0	0	0	2
64	3	0	0	0	0	0	0	0	0	1	0	0	0	1	0	2	0	0	0	0	2	0	7
66	0	0	0	0	0	0	0	0	0	1	0	0	0	0	0	0	0	0	0	0	1	0	1
67	1	0	0	0	0	0	0	0	0	0	0	0	0	0	0	0	0	0	0	0	0	0	1
70	0	0	1	0	0	0	0	0	0	0	0	0	0	0	0	2	2	0	0	0	0	0	5
72	0	0	0	0	0	0	0	0	0	0	0	1	0	0	0	0	0	0	0	0	1	0	1
74	0	0	0	0	0	0	0	0	0	0	0	0	0	0	0	1	0	0	0	0	1	0	1
75	0	0	0	0	0	2	0	0	2	0	0	0	0	0	0	0	0	0	0	0	0	0	4
76	0	0	0	0	0	0	0	1	0	0	0	0	0	0	0	0	0	0	0	0	0	0	1
77	0	0	0	0	0	3	0	1	1	1	0	0	0	0	0	0	1	0	0	0	0	0	7
78	0	0	0	0	1	1	0	0	0	0	0	0	0	0	0	0	0	0	0	0	0	0	2
80	0	0	0	0	0	0	0	0	0	0	0	0	0	0	0	5	0	0	0	0	0	0	5
81	0	0	0	1	0	0	0	0	0	0	0	0	0	0	0	0	1	0	0	0	0	0	2
82	1	0	0	0	0	0	0	0	0	1	0	0	0	0	0	0	0	0	0	0	2	0	2
84	0	0	1	1	0	0	0	0	0	1	0	0	0	0	0	0	0	0	0	0	1	0	3
86	0	0	0	0	0	0	0	0	0	0	0	1	0	0	0	0	1	0	0	0	0	0	2
87	0	0	0	0	1	0	0	0	0	0	0	0	0	0	0	0	0	2	0	0	2	0	3
88	0	0	0	2	0	0	0	0	0	0	0	0	0	0	0	0	0	0	0	0	2	0	2
89	0	0	0	0	0	0	0	0	0	1	0	0	0	0	0	0	0	0	0	0	0	0	1
90	0	0	0	0	0	0	1	0	0	0	0	0	0	0	1	0	0	0	0	0	1	0	2
92	0	0	0	0	0	0	0	0	0	1	0	0	0	0	1	0	0	0	0	0	0	0	2
93	0	0	0	0	0	0	0	0	0	0	0	0	1	0	0	0	0	0	0	0	0	0	1
95	0	0	0	0	0	0	0	0	1	0	1	0	0	0	0	0	1	0	0	0	1	0	3
97	0	0	1	0	0	0	0	0	0	0	0	0	0	0	2	0	0	0	0	0	0	2	3
98	0	0	0	0	0	0	0	0	1	0	0	0	0	0	0	0	0	0	0	2	3	0	3
100	0	0	0	0	0	0	0	0	0	0	1	0	0	0	0	0	0	0	0	0	0	0	1
103	0	0	2	0	0	0	0	0	0	0	0	0	0	0	0	0	0	0	0	0	0	0	2
105	0	0	0	0	0	0	1	0	0	0	0	0	0	0	0	0	0	0	0	0	0	0	1
107	0	0	0	0	0	1	0	0	0	0	0	0	0	0	0	0	0	0	0	0	0	0	1
109	0	0	0	0	1	0	0	0	0	0	0	0	0	0	0	0	1	0	0	0	1	0	2
111	0	0	0	0	0	0	0	0	0	0	0	0	0	0	0	2	0	0	0	0	0	0	2
113	0	0	0	0	0	0	0	0	0	0	0	0	0	0	0	0	1	0	0	0	0	0	1
115	0	0	0	0	0	0	0	0	0	1	0	0	0	0	0	0	0	0	0	0	1	0	1
119	0	0	0	0	0	0	0	0	1	0	0	0	0	0	0	0	0	0	0	0	0	0	1
121	0	0	0	1	0	0	0	0	0	0	0	0	0	0	0	0	0	0	0	0	0	0	1
125	0	0	0	0	0	0	0	0	0	0	0	1	1	0	0	0	0	0	0	0	0	0	2
128	1	0	0	1	1	3	0	1	0	1	1	3	6	0	1	0	1	2	0	0	1	1	22
129	1	0	1	11	0	0	0	0	0	1	0	0	0	0	0	2	0	0	1	0	0	10	17
130	0	0	0	2	0	0	0	0	0	0	0	0	0	0	0	0	0	0	0	0	0	2	2
133	0	0	0	0	0	0	0	1	0	0	0	0	0	1	0	0	0	0	0	0	0	0	2
137	0	0	0	0	0	0	0	0	0	0	0	0	0	0	0	0	0	1	0	0	1	0	1
138	0	0	0	0	0	1	0	0	0	0	0	0	0	0	0	0	0	0	0	0	0	0	1
143	0	0	0	0	0	0	0	0	0	0	0	0	0	0	0	0	0	1	0	0	1	0	1
144	1	0	0	0	0	0	0	0	0	0	0	0	0	0	0	0	1	3	0	0	1	0	5
147	0	0	1	0	0	0	0	0	0	1	0	0	0	0	0	0	0	0	0	0	0	0	2
151	0	0	0	0	0	0	0	0	0	0	0	0	1	0	0	0	0	0	0	0	0	0	1
152	0	1	0	0	0	0	0	0	0	0	0	0	0	0	0	0	0	0	0	0	1	0	1
156	10	0	0	1	0	5	0	2	4	4	0	0	0	0	0	4	2	2	0	5	9	4	39
157	0	0	0	0	0	3	0	0	1	0	0	0	1	0	0	0	0	1	0	0	2	1	6
159	1	0	0	0	0	0	0	0	0	0	0	0	0	0	0	0	0	0	0	0	0	0	1
161	0	0	0	0	1	0	0	0	0	0	0	0	0	0	0	0	0	0	0	0	0	0	1
165	0	0	0	0	0	0	0	0	0	0	0	0	1	1	0	0	0	0	0	0	1	0	2
167	0	0	0	0	0	0	0	0	1	0	0	0	0	0	0	0	0	0	0	0	0	0	1
172	0	0	0	3	0	0	0	0	0	0	3	0	0	1	0	0	1	0	0	0	3	0	8
173	0	0	2	0	0	0	0	0	0	0	1	0	0	0	0	0	0	0	0	0	1	0	3
174	0	0	0	0	0	0	0	0	1	0	0	0	0	0	0	0	0	0	0	0	0	0	1
175	0	0	0	0	0	0	0	0	0	0	0	0	0	0	1	0	0	0	0	0	1	0	1
181	0	0	0	0	0	0	0	0	1	0	0	0	0	0	0	0	1	0	0	0	1	0	2
182	0	0	0	0	0	0	0	0	0	2	0	0	0	0	0	0	0	0	0	0	2	0	2
183	0	0	0	0	0	0	0	0	0	0	0	0	0	0	0	0	0	1	0	0	0	0	1
184	1	0	0	1	0	0	0	0	1	0	0	0	0	0	0	0	0	0	0	0	1	0	3
185	0	0	0	0	0	0	0	0	0	0	0	0	0	1	0	0	0	0	0	0	0	0	1
188	1	0	0	2	0	0	0	0	2	0	0	0	0	0	0	0	1	0	0	0	0	0	6
189	0	0	1	0	0	0	0	0	4	0	0	0	0	0	0	0	0	0	0	0	0	0	5
190	1	0	0	0	0	0	0	0	1	0	0	0	0	0	0	0	0	0	0	0	0	0	2
196	0	0	0	0	0	0	0	0	1	0	0	0	0	0	0	0	0	0	0	0	0	1	1
