 	A	C	D	E	F	G	H	I	K	L	M	N	P	Q	R	S	T	V	W	Y	Nterm	Cterm	Sum
-115	0	0	0	0	0	0	0	0	0	0	0	0	0	0	0	0	0	0	1	0	0	0	1
-103	0	0	0	0	0	0	0	0	0	0	0	0	0	0	0	0	0	0	1	0	0	0	1
-101	0	0	0	0	0	0	0	0	0	0	0	0	0	0	0	0	0	0	1	0	0	0	1
-100	0	1	0	0	0	0	0	0	0	0	0	0	0	0	0	0	0	0	0	0	0	0	1
-99	0	0	0	0	0	0	0	0	0	0	0	0	0	0	2	0	0	0	0	0	0	2	2
-97	0	0	0	0	0	0	0	0	0	0	0	0	0	0	0	0	0	0	0	1	0	0	1
-92	0	3	0	0	0	0	0	0	0	0	0	0	0	0	0	0	0	0	0	0	0	0	3
-83	0	0	0	0	0	0	0	0	0	0	0	0	0	0	1	0	0	0	0	1	0	0	2
-81	0	0	0	0	0	0	0	0	0	0	0	0	0	0	1	0	0	0	0	0	0	1	1
-77	0	0	0	0	0	0	0	0	0	0	0	0	0	0	1	0	0	0	0	0	0	0	1
-73	0	0	0	0	1	0	0	0	0	0	0	0	0	0	1	0	0	0	0	1	0	0	3
-72	0	0	0	1	1	0	0	0	0	0	0	0	0	0	0	0	0	0	0	0	0	0	2
-71	0	0	0	0	0	0	0	0	2	0	0	0	0	0	1	0	0	0	0	0	2	0	3
-70	0	0	0	1	0	0	0	0	0	0	0	0	0	0	0	0	0	0	0	0	0	0	1
-63	0	0	0	1	0	0	1	0	0	0	0	0	0	0	0	0	0	0	1	0	0	0	3
-62	0	0	0	1	0	0	0	0	0	0	0	0	0	0	0	0	0	0	0	0	0	0	1
-61	0	1	0	0	0	0	4	0	0	0	0	0	0	0	0	0	0	0	0	0	0	0	5
-59	0	0	0	2	1	0	0	0	0	0	0	0	0	0	0	0	0	0	1	0	0	0	4
-58	0	0	0	0	0	0	0	0	0	0	1	0	0	0	0	0	0	0	0	0	0	0	1
-55	0	0	0	0	0	0	0	1	0	1	0	0	0	0	0	0	0	0	0	0	0	0	2
-52	0	0	0	0	0	0	0	0	0	1	0	0	0	0	1	0	0	0	0	0	0	0	2
-50	0	0	0	0	4	0	0	0	0	1	0	0	0	0	0	0	0	0	0	0	4	0	5
-48	0	0	0	3	0	0	0	0	0	1	32	0	0	4	0	0	0	0	0	1	12	0	41
-47	0	0	0	1	1	0	0	1	2	1	0	0	0	0	0	0	0	0	0	0	0	2	6
-46	0	0	0	0	0	0	0	0	1	0	0	0	0	0	0	0	0	0	0	0	0	1	1
-45	0	0	0	0	0	0	0	0	0	1	0	0	0	0	0	0	0	0	0	0	0	0	1
-43	0	0	0	0	1	0	0	0	0	0	0	2	0	0	0	0	1	0	0	0	1	0	4
-42	0	0	0	0	0	0	0	0	0	1	0	0	0	0	0	0	1	0	0	0	0	0	2
-41	0	0	0	0	0	0	0	0	0	0	1	0	0	1	0	0	0	0	0	0	0	0	2
-40	0	0	1	0	0	0	0	0	0	0	0	0	0	0	0	0	0	0	0	0	0	0	1
-39	0	0	0	0	0	0	0	0	0	0	0	0	0	0	3	0	0	0	0	0	0	3	3
-38	0	0	1	0	0	0	0	0	0	0	0	0	0	0	0	0	0	0	0	0	0	0	1
-36	0	0	0	0	0	0	0	0	0	0	0	0	0	0	0	0	0	0	3	0	0	0	3
-35	0	0	0	0	0	0	0	0	0	0	0	1	0	0	0	0	3	0	0	1	0	0	5
-34	0	0	0	0	0	0	0	0	0	0	0	2	0	0	0	0	0	0	0	0	1	0	2
-33	0	0	0	0	1	0	0	0	0	0	0	0	0	0	0	0	0	0	0	0	0	0	1
-32	0	0	0	0	0	0	0	0	0	0	0	0	0	0	0	0	0	0	0	1	0	0	1
-31	0	0	0	1	1	0	0	0	0	0	0	0	0	0	1	0	0	0	0	0	0	1	3
-30	0	1	0	0	0	0	0	0	0	0	0	0	0	1	0	0	0	0	0	0	0	0	2
-29	0	0	0	0	0	0	0	0	1	0	0	0	0	0	0	0	0	0	0	0	0	0	1
-28	0	0	1	0	0	0	0	0	1	0	0	0	1	0	0	0	0	0	0	0	0	0	3
-27	0	0	0	1	0	0	0	0	0	0	0	0	0	0	0	0	0	0	0	0	0	0	1
-26	0	0	0	0	0	0	0	0	0	0	1	0	1	0	1	0	0	0	0	0	0	0	3
-25	0	0	0	12	0	0	0	0	0	0	0	0	0	0	0	0	0	0	0	0	0	0	12
-24	0	0	2	0	0	0	0	0	0	1	0	0	0	0	0	0	0	0	0	0	2	0	3
-23	0	0	0	0	0	0	0	0	0	1	0	0	0	0	0	0	0	0	0	0	0	0	1
-21	0	0	0	0	1	0	0	0	0	0	0	0	0	0	0	0	0	0	0	0	1	0	1
-20	0	0	0	0	0	0	0	0	0	0	0	0	0	0	0	1	0	0	0	0	0	0	1
-19	0	0	0	0	0	0	0	0	0	1	0	0	0	0	0	2	0	0	0	0	0	0	3
-18	0	0	51	36	5	0	2	4	0	20	1	2	13	37	0	29	48	7	0	9	60	0	264
-17	0	22	39	12	4	0	6	13	8	9	3	59	13	133	1	5	36	12	8	6	165	3	389
-16	0	6	9	1	1	0	0	2	1	3	0	3	3	19	0	3	4	0	0	1	23	0	56
-15	0	1	5	0	0	0	1	1	0	1	1	3	3	5	0	0	2	1	1	2	5	0	27
-14	1	0	0	0	1	0	0	1	0	0	0	0	1	0	0	0	0	0	0	0	1	0	4
-13	0	0	0	0	0	0	0	1	0	0	0	0	0	0	0	0	0	0	0	0	0	0	1
-11	0	0	0	0	0	0	0	0	0	0	0	0	0	0	0	0	1	0	0	0	0	0	1
-10	0	0	0	0	0	0	0	0	0	1	0	0	0	0	1	0	0	0	0	0	0	1	2
-9	0	6	2	0	0	0	0	0	0	0	0	0	0	0	0	2	0	0	0	0	0	0	10
-8	0	1	0	1	0	0	0	0	0	1	0	0	0	0	0	0	0	0	0	0	1	0	3
-7	3	0	1	2	0	0	0	0	0	0	0	0	0	0	0	0	0	0	0	0	0	0	6
-5	0	0	0	1	0	0	0	0	0	0	0	0	0	0	0	0	0	0	0	0	0	0	1
-4	0	0	0	0	0	0	0	0	0	0	0	0	0	0	1	0	3	0	0	0	3	0	4
-3	2	0	1	0	0	0	0	5	2	2	1	0	0	0	0	0	0	0	0	0	3	2	13
-2	14	0	3	20	8	0	0	12	4	11	112	10	4	10	2	5	12	15	1	3	162	5	246
-1	24	7	8	17	17	0	4	33	4	17	29	9	5	8	7	11	16	14	1	6	133	8	237
1	414	46	178	262	108	297	116	349	147	408	118	381	198	211	48	199	266	374	19	150	957	77	4289
2	48	9	18	32	13	40	11	41	21	58	19	49	29	36	4	31	33	49	2	11	120	10	554
3	2	2	1	1	1	6	0	3	5	9	1	4	2	2	0	7	2	4	1	2	8	0	55
4	2	1	0	2	0	0	0	0	0	1	0	0	1	0	0	0	0	0	18	0	4	0	25
5	1	1	2	3	1	0	0	0	0	0	3	0	0	8	0	1	0	1	3	0	9	0	24
6	1	0	0	1	0	0	0	1	0	0	0	0	0	1	0	0	0	0	0	0	1	0	4
7	1	0	0	0	0	0	0	0	0	3	0	0	0	0	0	0	0	0	0	0	0	0	4
8	0	0	0	0	0	1	0	0	0	0	0	2	0	0	0	0	0	0	0	0	0	0	3
9	1	0	0	0	0	0	0	0	0	0	0	0	0	0	0	0	0	0	0	0	0	0	1
10	1	0	0	0	0	0	0	0	0	0	0	0	0	0	0	0	0	0	0	0	0	0	1
11	1	0	0	0	0	0	0	0	0	0	0	0	0	0	0	0	0	0	0	0	0	0	1
12	0	0	2	0	1	0	1	0	1	2	0	6	3	0	0	0	0	0	21	0	31	0	37
13	0	0	0	0	0	2	1	0	0	0	0	3	2	0	0	0	0	0	1	0	9	0	9
14	0	0	2	6	1	1	0	0	1	1	2	0	0	1	0	0	1	1	0	0	4	0	17
15	1	0	0	2	0	0	0	0	3	1	4	1	0	2	0	0	0	0	9	0	13	0	23
16	129	17	54	100	14	115	38	21	22	42	1566	52	63	58	11	62	79	63	240	13	575	19	2759
17	13	1	15	22	10	25	6	7	5	11	129	11	10	10	0	13	14	23	41	5	103	0	371
18	3	0	1	3	0	0	0	1	0	6	8	1	2	1	0	2	3	8	0	2	15	0	41
19	0	0	0	0	0	0	0	0	1	2	3	0	0	0	0	0	0	0	0	0	2	0	6
20	0	0	0	0	0	0	0	0	0	0	0	0	0	0	1	0	0	0	0	0	1	0	1
21	0	4	0	0	0	1	0	0	0	0	0	0	0	0	0	0	0	0	0	0	1	0	5
22	65	16	61	51	15	79	1	29	0	40	4	40	51	28	3	43	35	40	3	11	14	3	615
23	14	1	6	20	1	9	1	3	0	7	0	10	14	7	0	5	6	10	0	0	0	0	114
24	0	0	0	10	0	7	0	4	0	3	1	4	0	0	0	6	2	0	0	0	0	0	37
25	0	0	0	0	0	0	0	1	0	0	0	0	0	0	1	0	0	0	0	0	0	0	2
27	0	0	0	0	0	0	0	0	0	0	0	0	1	0	0	0	0	0	0	0	0	0	1
28	1	0	1	2	0	1	0	0	1	1	2	2	0	0	0	4	1	1	0	0	3	1	17
29	0	0	0	0	0	0	0	0	0	1	0	0	0	0	1	0	0	0	2	0	1	0	4
30	1	0	0	0	0	0	0	0	0	0	0	0	0	0	0	0	0	0	0	0	0	0	1
31	0	0	0	0	0	0	0	0	0	0	0	0	0	0	0	0	0	0	2	0	2	0	2
32	2	0	6	8	1	2	0	0	0	1	9	4	1	0	1	3	3	6	117	0	15	0	164
33	1	0	3	3	0	6	0	3	2	0	2	4	1	0	0	1	3	1	18	0	6	0	48
34	0	0	0	0	1	0	3	0	0	0	0	0	0	0	0	0	0	0	2	0	0	0	6
35	0	0	0	0	0	0	0	0	0	0	0	0	0	0	0	1	0	0	0	0	0	0	1
36	0	0	0	0	0	0	0	0	0	0	0	0	0	0	0	1	0	0	0	0	0	0	1
38	18	1	14	12	6	16	0	29	1	11	1	3	19	1	0	7	11	16	0	5	1	0	171
39	16	0	1	6	0	3	0	20	0	4	0	0	3	1	0	0	1	14	0	0	3	0	69
40	1	0	1	1	1	0	0	0	0	1	0	0	0	0	0	0	0	2	0	0	1	0	7
41	0	0	0	0	0	1	0	1	0	0	0	0	0	0	2	0	0	0	0	0	1	0	4
42	10	0	4	2	0	0	0	0	0	2	3	0	0	2	0	42	0	0	0	0	52	0	65
43	1	0	0	1	1	2	0	0	0	0	1	0	0	1	0	7	0	0	0	0	9	0	14
44	0	0	0	0	0	1	0	0	0	0	0	0	1	0	0	0	0	0	0	0	0	0	2
45	3	0	0	0	0	0	0	0	0	0	0	0	0	0	0	0	0	1	0	0	0	0	4
46	0	0	0	0	0	0	0	0	0	0	0	0	0	0	0	1	0	1	0	0	0	0	2
48	0	0	0	0	0	1	0	0	0	0	0	0	0	0	0	0	0	0	0	0	0	0	1
49	0	0	2	0	0	1	0	0	0	0	0	0	0	0	0	0	0	0	3	0	0	0	6
50	0	0	0	0	0	0	0	1	0	0	0	0	0	0	0	0	0	0	2	0	1	0	3
52	0	0	0	0	0	0	0	0	0	0	0	0	0	0	1	0	0	0	0	0	0	1	1
53	0	0	0	0	0	1	0	1	0	0	0	0	0	0	0	0	0	0	0	0	0	0	2
54	0	0	0	0	1	0	0	0	0	0	1	0	0	0	0	0	0	0	0	0	1	0	2
55	0	0	0	0	0	0	0	0	0	0	3	0	1	0	0	0	0	0	0	0	3	0	4
56	1	0	0	0	0	1	1	0	0	0	1	0	0	2	0	0	0	0	0	0	3	0	6
57	18	0	0	0	3	12	2	3	2	5	1	0	8	2	0	1	0	14	0	1	68	0	72
58	5	0	1	0	2	2	0	1	0	1	0	0	0	0	0	0	0	1	0	2	8	0	15
59	1	0	0	0	0	1	0	0	0	1	0	2	0	0	0	0	0	1	0	0	2	0	6
60	0	0	0	0	0	0	0	0	0	0	0	0	0	0	0	1	0	0	3	0	4	0	4
62	0	0	0	0	0	0	0	0	0	0	0	1	0	0	0	0	2	0	0	0	1	0	3
64	2	0	0	0	0	0	0	0	0	1	0	0	0	0	0	6	0	0	0	0	4	0	9
66	0	0	0	1	0	0	0	0	1	0	0	0	0	0	0	0	0	0	0	0	1	1	2
68	0	0	0	0	0	0	0	0	0	0	0	0	0	0	0	0	0	0	1	0	0	0	1
70	3	0	1	0	0	0	0	0	0	0	0	0	0	0	0	0	0	0	0	0	2	0	4
72	0	0	0	0	0	1	0	0	0	0	0	1	0	0	0	0	0	0	0	0	1	0	2
73	0	0	0	0	0	0	0	1	0	1	0	0	0	0	0	0	0	0	0	0	1	0	2
74	0	0	0	0	0	0	0	0	0	0	0	0	1	0	0	0	0	0	0	0	0	0	1
76	0	0	0	0	0	0	0	0	0	0	0	0	0	0	0	0	0	0	1	0	0	0	1
79	0	0	0	1	0	0	0	0	0	0	0	0	0	0	0	0	0	0	0	0	0	0	1
80	0	0	0	0	0	0	1	0	0	0	0	0	0	0	0	0	0	0	0	0	0	0	1
81	0	0	0	0	0	0	1	0	0	0	0	0	0	0	0	1	0	0	0	0	0	0	2
82	0	0	0	0	0	0	0	0	0	1	0	0	0	0	0	0	0	0	0	0	1	0	1
83	0	0	0	0	1	0	0	0	0	0	0	0	0	0	0	0	0	0	0	0	0	0	1
84	0	0	0	0	0	0	0	0	0	1	0	0	0	0	0	0	0	0	0	0	0	0	1
85	0	0	0	0	0	0	1	0	0	0	0	0	0	0	0	0	0	0	0	0	0	0	1
86	0	0	0	0	0	0	0	0	1	0	0	0	0	0	0	0	0	1	0	0	0	0	2
87	0	0	0	0	1	0	0	0	0	0	0	0	0	0	0	0	0	0	0	0	0	0	1
88	0	0	0	2	0	0	0	0	0	0	0	0	1	0	0	0	0	1	0	0	3	0	4
90	0	0	0	0	0	0	0	0	0	0	0	0	0	0	0	1	0	0	0	0	1	0	1
94	0	0	0	0	0	0	0	1	0	0	0	0	0	0	0	0	0	0	0	0	0	0	1
95	0	0	0	0	0	0	0	0	0	0	0	0	0	0	1	0	0	0	0	0	0	0	1
97	0	0	0	0	0	0	0	0	0	0	0	0	0	0	1	0	0	0	0	0	0	1	1
101	0	0	0	0	0	0	0	0	0	0	0	0	0	0	0	0	0	1	0	0	0	0	1
102	1	0	0	0	0	0	0	0	0	0	0	0	0	0	0	0	0	0	0	0	1	0	1
104	0	0	0	0	0	0	1	0	0	0	0	0	0	0	0	0	0	0	0	0	0	0	1
107	0	1	0	0	0	0	0	0	0	0	0	0	0	0	0	0	0	0	0	0	0	0	1
109	2	0	0	0	1	0	0	0	0	0	0	0	0	0	0	0	0	0	0	0	0	0	3
110	1	0	0	0	0	0	1	0	0	0	0	0	0	0	0	0	0	0	0	0	2	0	2
111	0	0	0	0	0	0	0	0	0	0	0	0	0	0	0	2	0	0	0	0	0	0	2
115	0	0	0	0	0	0	0	0	0	0	0	0	1	0	0	0	0	0	0	0	0	0	1
117	0	0	0	0	0	0	0	0	0	0	1	0	0	0	0	0	0	0	0	0	1	0	1
123	0	0	0	0	0	0	0	0	1	0	0	0	0	0	0	0	0	0	0	0	0	0	1
128	3	0	0	1	3	2	0	2	5	3	2	3	5	1	1	1	0	0	0	0	6	6	32
129	0	0	0	14	0	0	0	1	0	0	0	0	0	0	0	8	0	0	0	0	1	14	23
130	0	0	0	8	0	0	0	0	0	0	0	0	0	0	0	2	0	0	0	0	0	8	10
131	0	0	0	1	0	0	0	0	0	0	0	0	0	0	0	1	0	0	0	0	0	1	2
135	0	0	0	0	0	0	0	0	0	0	0	0	0	1	0	0	0	0	0	0	1	0	1
137	0	0	0	0	0	0	0	0	0	0	0	1	0	0	0	0	0	0	0	0	0	0	1
144	0	0	0	0	0	0	0	0	0	0	0	0	0	0	0	0	1	0	0	0	1	0	1
145	0	0	0	1	0	0	0	0	0	0	0	0	0	0	0	0	0	0	0	0	0	0	1
146	0	0	0	0	0	0	0	0	0	0	0	0	0	0	0	0	0	0	0	1	0	0	1
147	0	0	0	0	0	0	0	2	0	0	0	1	0	0	0	0	0	0	0	0	2	0	3
151	0	0	1	0	0	0	0	0	0	0	0	0	0	0	0	1	0	0	0	0	0	0	2
152	2	13	0	0	0	0	0	0	1	0	0	0	0	0	0	0	0	0	0	0	2	0	16
153	1	0	0	0	0	0	0	1	0	0	0	0	0	0	0	0	2	0	0	0	2	0	4
154	1	0	0	0	0	0	0	0	0	0	0	0	0	0	0	0	0	0	0	0	1	0	1
155	0	0	0	0	0	0	0	0	0	1	0	0	0	0	0	0	0	0	0	0	0	0	1
156	5	0	1	2	1	2	0	3	5	4	2	1	2	0	1	3	0	3	0	3	7	6	38
157	3	0	0	0	0	2	0	0	0	3	0	0	0	0	0	0	0	0	0	1	2	0	9
158	0	0	0	0	0	0	0	0	0	0	0	0	0	0	0	1	0	0	0	0	0	0	1
165	0	0	0	0	0	0	0	0	0	0	0	0	1	1	0	0	0	0	0	0	1	0	2
166	0	0	0	0	0	0	0	0	0	0	0	0	1	0	0	0	0	0	0	0	1	0	1
172	0	1	0	8	0	0	0	0	0	0	0	0	0	1	0	0	0	0	0	0	0	0	10
179	0	0	0	0	0	0	0	0	1	0	0	0	0	0	0	0	0	0	0	0	0	1	1
182	0	0	0	0	0	0	0	0	0	3	0	0	0	0	0	0	0	0	0	0	3	0	3
183	0	0	0	1	0	0	0	0	0	0	0	1	0	0	0	0	0	0	0	0	0	0	2
184	0	0	0	0	0	0	0	0	1	0	0	0	0	0	0	0	0	0	0	0	0	0	1
185	0	0	0	1	0	0	0	0	0	0	0	0	0	0	0	0	0	0	0	0	0	0	1
188	0	0	2	0	0	1	0	0	3	0	0	0	0	0	0	0	0	0	0	0	1	0	6
189	0	0	1	0	0	1	0	0	3	0	0	0	0	0	0	0	0	0	0	0	0	0	5
190	0	0	0	0	0	0	0	0	1	0	0	0	0	0	0	1	1	0	0	0	0	0	3
191	0	0	0	0	0	0	0	0	0	1	0	0	0	0	0	0	0	0	0	0	0	0	1
196	0	0	0	0	0	0	0	0	0	1	0	0	0	0	0	0	0	0	0	0	0	0	1
197	0	0	0	0	0	0	0	1	0	0	1	0	0	0	0	0	0	0	0	0	1	0	2
