 	A	C	D	E	F	G	H	I	K	L	M	N	P	Q	R	S	T	V	W	Y	Nterm	Cterm	Sum
-123	0	0	0	0	0	0	0	0	0	0	0	0	0	0	0	0	0	0	1	0	0	0	1
-119	0	0	0	0	0	0	0	0	0	0	0	0	0	0	0	0	0	0	1	0	0	0	1
-117	0	0	0	0	0	0	0	0	0	0	0	0	0	0	0	0	0	0	1	0	0	0	1
-112	0	0	0	0	0	0	0	0	0	0	0	0	0	0	0	0	0	0	1	0	0	0	1
-111	0	0	0	0	0	0	0	0	0	0	0	0	0	0	0	0	0	0	1	0	0	0	1
-105	0	0	0	0	0	0	0	0	0	0	0	0	0	0	0	0	0	0	0	2	0	0	2
-104	0	0	0	0	0	0	0	0	0	0	0	0	0	0	0	0	0	0	0	2	0	0	2
-102	0	0	0	0	0	0	0	0	0	0	0	0	0	0	0	0	0	0	0	1	0	0	1
-99	0	0	0	0	0	0	0	0	0	0	0	0	0	0	2	0	0	0	0	0	0	2	2
-98	0	1	0	0	0	0	0	0	0	0	0	0	0	0	0	0	0	0	0	0	0	0	1
-97	0	1	0	0	0	0	0	0	0	0	0	0	0	0	0	0	0	0	0	0	0	0	1
-94	0	0	0	0	0	0	0	0	0	0	0	0	0	0	2	0	0	0	0	0	0	0	2
-93	0	0	0	0	0	0	0	0	0	0	0	0	0	0	1	0	0	0	0	0	0	0	1
-92	0	0	0	0	0	0	0	0	0	0	0	0	0	0	0	0	0	0	0	1	1	0	1
-91	0	0	0	0	0	0	0	0	0	0	0	0	0	0	4	0	0	0	0	0	0	0	4
-90	0	0	0	0	1	0	0	0	0	0	0	0	0	0	0	0	0	0	0	0	1	0	1
-89	0	0	0	0	0	0	0	0	0	0	0	0	0	0	1	0	0	0	0	0	0	0	1
-88	0	0	0	0	0	0	0	0	0	0	0	0	0	0	1	0	0	0	0	0	0	0	1
-87	0	0	0	0	1	0	0	0	0	0	0	0	0	0	0	0	0	0	0	1	1	0	2
-86	0	0	0	0	0	0	0	0	0	0	0	0	0	0	2	0	0	0	0	1	0	2	3
-83	0	0	0	0	1	0	0	0	0	0	0	0	0	0	0	0	0	0	0	0	0	0	1
-77	0	4	0	0	0	0	0	0	0	0	0	0	0	0	0	0	0	0	0	0	0	0	4
-75	0	0	0	0	0	0	0	0	0	0	0	0	0	0	2	0	0	0	1	0	0	0	3
-74	0	1	0	0	0	0	0	0	0	0	1	0	0	0	4	0	0	0	0	0	1	0	6
-73	0	0	0	0	1	0	0	0	0	0	4	0	0	0	0	0	0	0	0	0	1	0	5
-72	0	0	0	1	1	0	0	0	0	0	0	0	0	0	1	0	0	0	0	0	0	0	3
-71	0	0	0	0	0	0	0	0	1	0	0	0	0	0	2	0	0	0	0	0	1	0	3
-70	0	0	0	0	0	0	0	0	0	0	0	0	0	1	0	0	0	0	0	0	0	0	1
-69	0	0	0	0	0	0	0	0	1	0	1	0	0	1	0	0	0	0	0	0	0	0	3
-68	0	0	0	1	0	0	0	0	0	0	0	0	0	1	0	0	0	0	0	0	0	0	2
-67	0	0	0	0	0	0	0	0	0	0	0	0	0	0	0	0	0	0	0	1	0	0	1
-66	0	0	0	1	0	0	2	0	0	0	0	0	0	0	0	0	0	0	0	0	0	0	3
-65	0	0	0	0	1	0	0	0	0	0	0	0	0	0	0	0	0	0	1	0	0	0	2
-64	0	0	0	0	0	0	0	0	2	0	0	0	0	0	0	0	0	0	0	1	0	0	3
-63	0	0	0	0	0	0	0	0	1	0	0	0	0	0	0	0	0	0	0	0	0	0	1
-62	0	0	0	0	0	0	0	0	0	0	0	0	0	0	1	0	0	0	0	0	0	0	1
-61	0	0	0	1	0	0	4	0	2	0	0	0	0	1	1	0	0	0	0	0	0	0	9
-60	0	0	0	1	0	0	0	0	0	0	0	0	0	0	0	0	0	0	0	0	0	0	1
-59	0	2	0	0	0	0	0	0	1	0	0	0	0	0	1	0	0	0	0	0	0	0	4
-58	0	0	1	0	0	0	0	0	0	0	0	0	0	0	0	0	0	0	0	0	0	0	1
-57	0	0	0	1	0	0	0	0	1	0	3	0	0	0	1	0	0	0	0	0	0	0	6
-56	0	0	0	1	0	0	0	0	1	1	0	0	0	0	0	0	0	0	0	0	0	1	3
-55	0	0	0	1	0	0	0	0	0	2	0	1	0	0	1	0	0	0	0	0	1	0	5
-54	0	0	1	0	0	0	0	0	0	2	0	1	0	0	1	0	0	0	0	0	0	0	5
-53	0	0	0	0	1	0	0	0	0	1	0	0	0	1	0	0	0	0	0	1	0	0	4
-52	0	0	0	0	0	0	0	0	2	0	0	0	0	0	0	0	0	0	0	0	0	0	2
-51	0	0	2	0	0	0	0	0	0	4	0	0	0	0	0	0	0	0	0	0	0	0	6
-49	0	0	0	0	0	0	0	0	0	0	2	0	0	0	0	0	0	0	0	0	2	0	2
-48	0	0	2	1	0	0	0	3	1	2	14	0	0	1	0	0	0	0	0	0	5	0	24
-47	0	0	1	2	2	0	0	1	0	1	1	0	0	0	0	0	0	0	0	0	0	0	8
-46	0	0	2	0	1	0	0	1	0	1	0	1	0	0	1	0	0	0	0	1	0	1	8
-45	0	0	2	0	0	0	0	2	4	3	0	0	0	0	0	0	0	0	0	0	2	0	11
-44	0	0	1	0	0	0	0	0	0	1	0	0	0	0	2	0	1	0	0	0	2	1	5
-43	0	0	1	1	0	0	0	0	2	0	0	1	0	1	1	0	1	0	0	0	1	0	8
-42	0	0	0	0	1	0	1	0	0	1	0	0	0	0	1	0	0	2	0	0	3	0	6
-41	0	0	0	0	0	0	0	0	0	1	0	0	0	0	0	0	0	0	0	0	1	0	1
-40	0	0	0	0	0	0	0	1	0	0	0	1	0	2	0	0	0	0	0	0	1	0	4
-39	0	0	3	0	0	0	0	0	0	0	0	0	0	0	0	0	0	2	0	0	0	0	5
-38	0	0	0	0	0	0	0	0	0	0	0	0	1	1	0	0	0	0	0	0	0	0	2
-37	0	0	1	0	0	0	0	1	0	1	0	0	0	0	0	0	0	0	0	0	1	0	3
-36	0	0	0	0	2	0	0	0	0	0	0	1	1	0	0	0	0	0	0	0	0	0	4
-35	0	1	0	0	0	0	0	1	0	0	0	1	0	0	0	0	3	0	2	0	0	0	8
-34	0	1	0	1	2	0	0	1	0	1	0	0	0	1	0	0	3	0	1	0	1	0	11
-33	0	1	0	2	2	0	1	0	3	1	0	1	0	0	0	0	0	0	0	0	3	1	11
-32	0	0	0	0	1	0	0	1	0	1	0	0	0	0	0	0	0	0	0	0	1	0	3
-31	0	0	1	0	0	0	0	1	2	1	1	0	0	0	0	0	0	0	0	0	2	0	6
-30	0	0	0	1	0	0	0	0	0	0	0	0	0	0	0	1	0	0	0	0	0	0	2
-29	0	0	0	0	0	0	0	0	1	0	0	0	0	1	0	0	1	0	0	0	0	0	3
-28	0	0	0	0	0	0	0	0	0	0	1	0	0	0	1	0	1	0	1	0	0	0	4
-27	0	0	0	0	0	0	1	1	0	0	0	0	0	0	1	0	1	0	0	0	0	1	4
-26	0	0	1	0	0	0	0	1	0	0	0	0	0	0	0	0	0	0	0	1	0	0	3
-25	0	2	0	2	0	0	0	0	2	0	0	0	1	0	0	0	0	0	0	0	0	2	7
-24	0	0	0	0	0	0	0	0	0	0	0	1	1	0	0	0	0	1	0	0	0	0	3
-23	0	0	0	2	2	0	0	0	0	0	0	0	0	0	0	1	0	0	0	0	0	0	5
-22	0	0	1	0	0	0	0	0	1	0	0	0	0	0	1	0	3	0	0	0	0	0	6
-21	0	0	0	0	1	0	0	1	0	0	0	0	1	1	0	0	1	0	0	0	1	0	5
-20	0	0	0	0	0	0	1	0	0	0	0	0	0	1	3	0	0	0	0	1	1	0	6
-19	0	0	0	1	0	0	1	0	0	1	0	0	1	4	0	1	0	1	0	0	4	0	10
-18	0	1	21	32	10	0	1	6	7	13	2	2	7	28	4	17	40	4	0	1	51	7	196
-17	0	48	17	8	8	0	7	15	13	22	4	54	15	182	0	16	19	12	15	5	238	2	460
-16	0	11	5	10	0	0	2	0	1	5	0	6	5	18	4	3	5	3	3	0	29	0	81
-15	0	2	1	2	0	0	1	2	0	2	0	1	2	16	0	3	5	3	0	1	9	0	41
-14	0	0	1	2	0	0	0	0	1	0	0	1	0	4	1	1	1	0	0	0	3	0	12
-13	0	0	0	0	0	0	0	1	0	2	0	0	0	2	1	0	1	1	0	0	2	0	8
-12	1	0	0	0	0	0	0	0	0	0	0	0	0	0	0	0	0	0	0	1	0	0	2
-11	2	0	0	0	0	0	0	2	0	0	0	0	1	0	0	3	0	0	0	0	3	0	8
-10	0	0	0	0	0	0	0	0	0	0	0	0	0	0	0	1	0	2	1	0	0	0	4
-9	0	6	0	3	0	0	0	0	0	1	0	0	0	0	0	1	3	0	0	0	3	0	14
-8	0	0	0	0	1	0	1	0	1	0	0	0	0	0	0	1	1	0	0	0	1	0	5
-7	4	1	0	1	0	0	0	1	1	3	4	0	0	0	1	0	1	0	0	0	7	1	17
-6	1	0	0	1	0	0	0	0	0	0	0	0	0	0	0	0	0	0	0	2	0	0	4
-5	1	0	1	1	0	0	1	1	0	0	1	0	1	1	0	1	0	1	0	0	2	0	10
-4	0	0	0	0	0	0	0	0	0	0	0	0	0	0	1	0	0	1	0	0	0	0	2
-3	1	1	2	2	1	0	2	0	2	4	0	0	0	2	0	1	1	2	0	0	5	1	21
-2	29	4	8	20	7	0	10	32	15	28	16	6	5	22	8	18	21	38	1	3	156	15	291
-1	33	3	10	47	18	0	12	40	25	50	24	18	16	32	9	24	20	45	3	6	236	25	435
1	450	42	184	268	134	319	156	353	248	450	96	394	234	262	84	251	248	428	28	115	1096	167	4744
2	77	7	27	38	22	55	24	70	30	53	13	48	40	32	7	32	45	59	4	23	189	18	706
3	5	1	3	6	10	10	3	19	2	10	2	8	12	4	1	5	7	12	1	1	17	2	122
4	4	1	1	2	2	2	0	1	0	2	0	0	1	0	0	1	0	2	0	0	1	0	19
5	0	0	1	2	0	1	0	1	1	0	2	0	0	0	1	0	0	0	0	0	2	0	9
6	0	0	0	0	0	1	0	0	0	0	1	0	0	0	0	0	0	1	0	0	0	0	3
7	0	3	0	0	0	5	0	0	0	0	0	0	0	0	0	0	0	0	0	0	0	0	8
8	0	1	0	0	0	2	0	0	0	1	2	0	0	0	0	0	0	0	0	0	1	0	6
9	0	0	0	0	0	0	0	0	0	0	0	1	0	0	1	0	0	0	0	0	0	0	2
10	0	0	1	0	0	1	0	0	0	0	0	0	0	0	0	0	0	0	0	0	0	0	2
11	0	0	0	0	0	0	0	0	0	0	0	0	0	0	1	0	0	0	0	0	0	1	1
12	0	0	0	0	2	0	0	1	4	0	0	1	0	0	0	0	0	0	0	0	2	0	8
13	0	0	1	0	0	0	0	1	0	0	0	0	2	0	0	0	0	0	0	0	1	0	4
14	16	0	8	8	2	3	1	2	21	24	4	2	9	7	2	4	1	5	3	139	32	3	261
15	7	1	4	2	1	7	0	4	4	2	0	2	2	4	1	3	1	3	1	19	20	1	68
16	118	11	66	102	22	158	31	40	20	96	1576	43	177	59	21	54	67	71	50	31	560	31	2813
17	65	6	25	47	7	58	8	14	9	29	205	16	41	14	3	24	26	28	4	7	115	5	636
18	4	0	5	4	2	5	2	1	0	4	33	1	6	2	2	4	5	2	1	1	7	2	84
19	0	0	0	1	0	2	0	0	1	1	2	1	3	0	0	0	0	0	0	0	2	0	11
20	0	1	0	0	1	1	0	0	0	0	0	0	0	0	0	0	0	0	1	0	1	0	4
21	0	0	0	0	0	0	0	1	0	0	0	0	0	0	0	0	0	0	0	0	0	0	1
22	46	4	69	40	16	44	3	17	1	21	2	24	29	8	0	27	34	29	0	7	29	0	421
23	10	1	5	7	0	16	2	6	0	6	0	8	12	7	0	8	8	5	0	2	2	0	103
24	10	1	24	20	6	13	0	5	1	7	1	3	9	3	0	8	8	3	0	6	5	0	128
25	2	0	0	2	0	2	0	0	0	2	2	0	2	1	1	0	0	0	0	0	0	0	14
26	1	0	0	0	0	0	0	2	2	1	0	0	0	0	0	0	0	1	0	0	2	0	7
27	0	0	1	0	0	1	0	0	1	0	0	0	0	0	0	0	1	0	0	0	1	0	4
28	5	0	0	5	0	1	0	1	6	2	2	1	0	0	2	3	2	3	0	0	18	2	33
29	0	0	1	1	0	0	0	1	0	2	3	0	0	0	0	1	0	2	0	0	6	0	11
30	0	0	0	3	0	0	0	0	0	0	0	0	0	0	1	0	0	2	0	0	3	0	6
31	0	0	1	0	0	0	0	0	0	0	0	0	0	1	0	0	1	0	0	0	2	0	3
32	8	1	11	6	0	10	0	1	2	2	14	11	2	3	1	4	2	6	66	33	43	0	183
33	1	0	1	1	1	2	1	5	0	1	4	2	0	0	0	1	4	1	10	5	7	0	40
34	0	0	1	1	0	0	4	0	0	2	1	0	0	0	0	0	1	0	3	0	1	0	13
35	0	0	0	0	0	1	0	0	1	0	0	1	0	0	0	2	0	0	0	0	2	1	5
36	0	0	0	0	0	1	0	0	0	0	0	0	0	0	0	0	0	0	0	0	0	0	1
37	0	0	0	0	0	0	0	1	0	0	0	0	0	0	0	0	0	0	0	0	0	0	1
38	21	2	40	16	8	19	2	20	2	24	3	14	26	14	0	15	22	11	1	6	6	1	266
39	10	0	8	9	1	7	1	2	0	3	0	2	9	5	0	3	7	3	0	1	3	0	71
40	0	0	0	1	1	0	0	0	0	0	0	0	1	0	0	1	2	1	0	0	0	0	7
41	0	0	2	0	0	0	0	0	0	1	0	0	0	0	0	0	0	0	0	0	0	0	3
42	13	0	1	1	0	0	1	3	1	5	6	2	0	1	0	49	8	1	0	0	77	0	92
43	1	0	0	0	0	0	0	0	1	0	0	1	0	1	0	4	1	0	0	0	7	0	9
44	0	0	0	1	0	0	0	1	1	0	2	0	0	0	0	0	0	1	0	0	5	0	6
45	1	0	1	2	0	0	1	0	2	0	0	0	0	0	0	0	1	1	0	0	4	0	9
46	0	0	0	1	0	0	0	0	1	0	0	0	0	0	0	0	0	0	0	0	1	0	2
47	0	0	0	0	0	0	0	0	0	0	0	0	0	1	0	0	0	0	0	0	0	0	1
48	0	0	0	0	0	0	0	0	0	0	0	0	0	0	0	0	0	1	1	0	0	0	2
49	0	1	0	0	0	0	0	1	0	0	0	0	0	0	0	0	0	0	0	0	0	0	2
50	0	0	0	0	1	0	0	0	0	1	0	0	0	0	0	0	0	0	0	0	0	0	2
51	0	0	2	0	0	0	0	0	0	0	0	0	0	0	0	0	0	0	0	0	0	0	2
52	0	0	0	0	0	0	0	1	0	0	0	1	1	0	0	0	0	0	0	0	0	0	3
53	5	0	8	3	0	1	1	1	0	1	0	1	2	0	0	2	1	1	0	1	0	0	28
54	3	0	0	1	0	2	0	1	0	1	2	0	0	2	0	0	1	1	0	1	4	0	15
55	0	0	0	2	0	0	0	1	1	1	0	0	0	0	0	0	0	0	0	0	2	1	5
56	0	0	0	0	0	0	0	0	0	1	1	0	0	0	0	0	0	0	0	0	1	0	2
57	8	0	0	2	0	12	1	2	0	4	1	1	3	2	1	0	5	4	0	1	40	0	47
58	2	0	0	0	0	4	0	0	4	1	5	0	1	2	0	5	0	1	0	0	17	0	25
59	0	0	0	1	0	0	0	0	1	0	0	1	0	0	0	0	1	0	0	0	0	0	4
60	0	0	0	0	0	0	0	0	1	0	0	0	0	0	1	0	0	0	0	0	2	0	2
61	0	0	3	0	0	0	0	0	0	1	0	0	1	0	1	0	0	1	0	0	0	0	7
62	0	0	2	0	0	1	0	0	0	2	0	1	0	0	1	0	0	0	0	3	1	0	10
63	1	0	0	0	0	1	1	0	0	0	0	0	0	0	2	0	0	0	0	0	1	0	5
64	2	0	0	0	0	0	0	2	0	0	0	0	0	0	1	0	0	0	1	1	0	0	7
65	0	0	0	0	0	0	0	0	0	0	0	0	0	0	0	0	0	1	1	0	0	0	2
66	0	0	0	0	0	0	0	0	0	0	0	0	0	1	0	0	0	0	0	0	0	0	1
67	1	0	0	0	0	0	0	0	0	1	0	0	1	0	0	0	0	0	0	0	0	0	3
68	0	0	0	0	0	1	0	0	0	0	0	0	0	0	0	0	0	0	0	0	0	0	1
69	0	0	0	2	0	1	0	1	0	1	0	0	1	0	0	0	0	0	0	1	1	0	7
70	0	0	2	0	0	0	0	0	0	0	0	0	0	0	0	0	0	0	0	0	0	0	2
71	1	0	0	0	0	0	0	0	0	0	0	0	0	0	2	0	0	0	0	0	1	0	3
72	0	1	0	0	1	0	0	0	0	0	0	0	0	0	0	0	0	0	0	0	0	0	2
73	0	0	0	0	0	0	0	1	0	1	0	0	0	0	0	1	0	0	0	0	1	0	3
74	0	0	0	0	0	0	0	0	0	0	0	0	1	0	0	2	0	0	0	0	2	0	3
75	0	0	0	0	0	1	0	0	0	1	0	0	0	0	0	0	0	0	0	1	0	0	3
76	0	0	0	0	0	0	0	0	0	0	0	0	0	1	0	0	0	0	0	0	0	0	1
77	2	0	0	2	0	0	0	0	0	0	0	0	0	0	0	0	0	0	0	0	2	0	4
78	1	1	0	0	0	1	0	0	0	0	0	0	0	0	0	0	0	0	0	0	1	0	3
79	0	0	0	1	1	0	0	0	0	0	0	0	0	0	0	0	0	0	0	0	2	0	2
80	2	0	0	2	1	0	0	1	0	0	0	1	0	0	1	6	1	1	0	0	1	0	16
81	1	0	1	0	0	0	0	0	1	0	0	0	0	1	0	1	1	0	0	0	1	0	6
82	0	0	2	0	0	1	0	0	0	1	0	0	0	0	0	0	0	0	0	0	1	0	4
83	0	0	0	0	0	1	0	0	0	0	0	0	0	0	0	0	2	0	0	0	0	0	3
84	0	0	0	0	0	0	0	0	0	2	0	0	0	0	0	0	0	0	0	0	0	0	2
85	0	0	0	0	0	1	0	0	0	0	0	0	0	0	0	0	0	0	0	0	0	0	1
86	0	0	0	0	0	0	0	1	0	1	0	0	0	0	0	0	0	0	0	0	1	0	2
87	0	0	0	0	0	1	0	0	0	0	0	0	0	0	0	0	0	0	0	0	0	0	1
88	0	0	0	0	0	0	0	0	0	0	0	0	0	0	1	0	0	0	0	0	0	1	1
89	0	0	0	0	0	0	0	0	0	0	0	0	0	1	0	0	0	0	0	0	0	0	1
90	0	0	0	0	0	0	0	0	0	0	0	1	0	0	0	0	0	0	0	0	1	0	1
92	0	0	0	0	0	0	0	0	1	0	0	0	0	0	0	0	0	0	0	0	0	0	1
93	0	0	1	0	0	0	0	0	0	0	0	0	0	1	0	0	0	0	0	0	0	0	2
94	0	0	0	0	1	0	0	1	0	0	0	0	0	0	0	0	0	0	0	0	1	0	2
95	0	0	0	0	0	0	0	0	0	1	0	0	0	0	0	0	0	1	0	0	1	0	2
96	0	0	0	0	1	0	0	0	1	4	0	0	0	0	0	0	0	1	0	0	4	0	7
98	0	0	0	1	0	0	0	0	0	0	0	0	0	0	0	0	0	0	0	0	1	0	1
99	0	0	1	0	0	1	0	0	0	0	0	0	0	0	0	0	0	0	0	0	0	0	2
100	0	0	0	0	0	0	0	0	2	0	2	0	0	0	0	0	0	0	0	0	2	0	4
101	0	0	0	1	1	0	0	0	0	0	0	0	1	1	0	0	0	1	0	1	2	0	6
102	0	0	0	0	1	0	0	0	0	0	0	0	0	0	1	0	0	0	0	0	0	1	2
104	1	0	0	0	0	2	0	0	2	0	0	0	0	0	0	0	0	1	0	0	2	0	6
105	0	0	0	0	0	0	1	0	0	0	0	0	0	0	0	0	0	1	0	1	1	0	3
107	0	0	0	0	0	0	0	0	0	0	0	0	0	0	0	0	1	0	0	0	0	0	1
108	1	0	0	0	0	0	0	0	0	0	0	0	0	0	1	1	0	0	0	0	0	1	3
109	0	0	0	0	0	0	0	0	0	0	0	0	0	0	0	0	0	1	0	0	0	0	1
110	0	0	0	0	0	0	0	0	0	0	1	0	0	0	0	0	0	0	0	0	1	0	1
111	0	0	0	0	0	0	0	0	0	0	0	0	0	0	0	1	0	0	0	0	0	0	1
112	0	0	0	0	0	0	0	1	0	0	0	0	0	1	0	0	1	1	0	0	1	0	4
113	0	0	1	0	0	0	0	0	0	0	0	0	0	0	0	0	0	0	0	0	0	0	1
115	0	0	0	0	0	0	0	0	0	0	0	0	0	0	0	0	1	0	0	0	0	0	1
116	0	0	0	0	0	0	0	0	0	0	0	0	0	0	0	0	0	2	0	0	1	0	2
119	0	0	1	1	0	0	0	0	0	0	0	0	0	0	0	0	0	0	0	0	0	0	2
121	0	0	0	1	0	0	0	0	0	0	0	0	0	0	1	0	0	0	0	0	0	1	2
124	0	0	1	1	1	0	0	1	0	3	2	1	0	0	0	0	0	0	0	0	7	0	10
125	0	0	0	0	0	0	0	0	0	1	0	0	0	0	0	0	0	0	0	0	1	0	1
127	1	0	0	0	0	0	0	0	0	0	0	0	0	0	0	0	0	0	0	0	0	0	1
128	7	1	4	0	2	3	0	4	8	4	1	2	6	0	2	3	4	4	0	2	10	10	57
129	2	0	0	3	0	1	0	1	0	0	0	0	2	0	0	1	0	3	0	0	2	3	13
130	0	0	0	0	0	0	0	1	0	0	0	0	0	0	0	0	0	0	0	0	1	0	1
133	0	0	0	2	0	0	0	0	0	0	0	0	1	0	0	0	1	0	0	0	2	0	4
134	0	0	1	1	0	0	0	0	1	0	0	0	0	0	0	0	0	0	4	0	5	0	7
135	0	0	0	0	0	0	0	0	0	0	0	0	0	0	0	0	0	0	1	0	1	0	1
136	0	0	0	1	1	0	0	0	0	0	0	0	0	0	0	0	0	0	0	0	1	0	2
137	0	0	0	0	0	0	0	0	0	0	0	0	0	1	1	0	0	0	0	0	1	0	2
139	0	0	0	0	0	0	0	0	0	0	0	0	0	0	0	0	0	1	0	0	1	0	1
140	1	0	0	1	0	1	0	7	0	3	1	2	0	0	0	0	0	6	0	0	20	0	22
141	0	0	1	0	0	0	0	0	0	0	0	0	0	0	0	0	0	1	0	0	1	0	2
142	0	0	0	0	0	0	0	1	0	0	0	0	0	0	0	1	0	2	0	0	2	0	4
143	0	0	0	1	0	1	0	1	0	0	0	0	0	1	0	0	0	0	0	0	1	0	4
144	0	0	0	0	0	0	0	0	0	0	0	0	0	0	0	2	0	0	0	0	2	0	2
146	0	0	0	0	0	0	0	0	0	0	0	1	0	0	0	0	0	0	0	0	1	0	1
147	0	0	0	0	0	0	0	0	2	1	0	0	0	0	0	0	0	0	0	0	2	0	3
148	0	0	0	0	0	0	0	0	0	0	0	0	0	0	0	0	0	0	2	0	2	0	2
150	0	0	0	0	0	0	0	0	0	0	0	0	0	0	0	0	0	0	1	0	1	0	1
152	2	12	0	0	0	0	0	2	0	0	0	0	0	0	0	1	0	0	0	0	3	0	17
153	3	3	2	0	0	0	0	0	0	0	0	1	0	0	0	0	0	0	3	1	7	0	13
154	0	0	2	1	2	1	0	15	3	0	5	1	0	0	0	0	0	4	1	0	29	2	35
155	0	0	0	0	0	0	0	2	0	0	1	1	0	1	0	0	0	2	0	0	6	0	7
156	9	1	1	4	0	4	3	0	13	5	4	0	0	2	0	5	2	4	1	3	15	12	61
157	0	0	1	0	1	1	1	0	0	0	1	1	1	0	0	0	1	0	0	0	1	0	8
158	0	0	0	0	0	2	0	0	0	0	0	0	0	0	0	0	0	0	0	0	0	0	2
163	0	0	0	0	0	0	0	0	0	0	0	0	0	0	1	1	0	0	0	0	0	0	2
168	0	0	0	0	0	0	0	0	0	0	0	0	0	0	0	1	0	0	0	0	0	0	1
169	1	0	0	0	0	1	0	1	0	0	0	0	0	0	0	0	0	0	0	1	1	0	4
172	0	0	1	0	0	0	0	0	0	0	2	0	0	0	0	0	0	1	0	0	2	0	4
173	0	0	0	0	0	0	0	0	0	0	1	0	0	0	0	0	0	1	0	0	0	0	2
178	1	0	0	0	0	0	0	0	0	0	0	0	0	0	0	0	0	0	0	0	0	0	1
180	0	0	0	0	0	0	0	2	0	0	0	0	0	0	0	0	0	0	0	0	2	0	2
181	0	0	1	0	0	2	0	3	0	0	0	0	0	0	0	0	0	2	0	0	5	0	8
183	0	0	0	1	0	0	0	0	0	0	0	0	0	0	0	0	0	0	0	0	0	0	1
184	0	0	0	1	0	0	0	1	0	0	0	0	1	0	0	0	0	0	0	0	1	0	3
185	0	0	0	0	1	0	0	0	0	0	0	0	0	0	0	0	0	0	0	0	1	0	1
187	0	0	0	0	0	0	1	0	0	0	0	0	0	0	0	0	0	0	0	0	1	0	1
189	0	0	0	0	0	0	0	0	0	1	0	0	0	0	0	0	0	1	0	0	1	0	2
193	0	0	0	0	0	0	0	0	0	1	0	0	0	0	0	0	0	0	0	0	0	0	1
194	0	0	0	0	0	0	0	0	0	0	0	0	0	1	0	0	0	0	0	0	1	0	1
195	2	0	0	0	5	0	0	0	0	0	0	0	0	0	3	0	0	0	0	0	5	3	10
196	0	0	0	0	1	0	0	0	1	0	0	0	0	0	0	2	0	0	0	0	1	1	4
197	0	0	0	0	0	0	0	0	0	0	0	0	0	0	1	0	0	0	0	0	0	0	1
