 	A	C	D	E	F	G	H	I	K	L	M	N	P	Q	R	S	T	V	W	Y	Nterm	Cterm	Sum
-126	0	0	0	0	0	0	0	0	0	0	0	0	0	0	0	0	0	0	1	0	0	0	1
-124	0	0	0	0	0	0	0	0	0	0	0	0	0	0	0	0	0	0	4	0	0	0	4
-116	0	0	0	0	0	0	0	0	0	0	0	0	0	0	0	0	0	0	1	0	0	0	1
-107	0	0	0	0	0	0	0	0	0	0	0	0	0	0	0	0	0	0	1	0	0	0	1
-106	0	0	0	0	0	0	0	0	0	0	0	0	0	0	0	0	0	0	1	0	0	0	1
-103	0	1	0	0	0	0	0	0	0	0	0	0	0	0	0	0	0	0	0	0	0	0	1
-102	0	1	0	0	0	0	0	0	0	0	0	0	0	0	0	0	0	0	0	0	0	0	1
-101	0	1	0	0	0	0	0	0	0	0	0	0	0	0	0	0	0	0	0	1	0	0	2
-100	0	0	0	0	0	0	0	0	0	0	0	0	0	0	0	0	0	0	0	1	0	0	1
-99	0	0	0	0	0	0	0	0	0	0	0	0	0	0	1	0	0	0	0	1	0	1	2
-98	0	0	0	0	0	0	0	0	0	0	0	0	0	0	2	0	0	0	0	0	0	1	2
-97	0	1	0	0	0	0	0	0	0	0	0	0	0	0	0	0	0	0	0	1	0	0	2
-96	0	0	0	0	0	0	0	0	0	0	0	0	0	0	1	0	0	0	1	0	0	0	2
-95	0	1	0	0	0	0	0	0	0	0	0	0	0	0	0	0	0	0	0	0	0	0	1
-94	0	0	0	0	0	0	0	0	0	0	0	0	0	0	1	0	0	0	0	0	0	0	1
-92	0	0	0	0	0	0	0	0	0	0	0	0	0	0	1	0	0	0	1	1	1	0	3
-91	0	0	0	0	0	0	0	0	0	0	0	0	0	0	1	0	0	0	0	0	0	0	1
-89	0	0	0	0	1	0	0	0	0	0	0	0	0	0	0	0	0	0	0	0	0	0	1
-88	0	0	0	0	0	0	0	0	0	0	0	0	0	0	1	0	0	0	0	0	0	0	1
-86	0	0	0	0	1	0	0	0	0	0	0	0	0	0	1	0	0	0	0	0	1	1	2
-85	0	0	0	0	0	0	0	0	0	0	0	0	0	0	1	0	0	0	0	0	0	1	1
-84	0	0	0	0	1	0	0	0	0	0	0	0	0	0	0	0	0	0	0	0	0	0	1
-82	0	0	0	0	2	0	0	0	0	0	0	0	0	0	0	0	0	0	0	0	0	0	2
-80	0	0	0	0	1	0	0	0	0	0	0	0	0	0	1	0	0	0	0	0	0	0	2
-79	0	0	0	0	2	0	0	0	0	0	0	0	0	0	0	0	0	0	0	0	0	0	2
-77	0	0	0	0	0	0	0	0	0	0	0	0	0	0	1	0	0	0	0	0	0	0	1
-76	0	0	0	0	0	0	0	0	0	0	0	0	0	0	1	0	0	0	0	0	0	1	1
-75	0	0	0	0	0	0	0	0	0	0	0	0	0	0	2	0	0	0	0	0	0	0	2
-74	0	0	0	0	1	0	0	0	0	0	0	0	0	0	0	0	0	0	0	0	1	0	1
-73	0	0	0	0	1	0	0	0	0	0	1	0	0	0	0	0	0	0	0	0	0	0	2
-72	0	0	0	0	0	0	0	0	0	0	1	0	0	0	0	0	0	0	0	0	0	0	1
-71	0	0	0	1	0	0	0	0	0	0	0	0	0	0	0	0	0	0	0	0	0	0	1
-70	0	0	0	1	0	0	0	0	0	0	0	0	0	0	0	0	0	0	0	0	0	0	1
-69	0	0	0	0	0	0	0	0	1	0	0	0	0	0	0	0	0	0	0	0	0	0	1
-67	0	0	0	0	0	0	0	0	0	0	1	0	0	1	1	0	0	0	0	0	0	1	3
-66	0	0	0	0	0	0	0	0	0	0	2	0	0	0	0	0	0	0	0	1	0	0	3
-65	0	0	0	1	1	0	1	0	0	0	0	0	0	0	0	0	0	0	0	0	0	0	3
-64	0	0	0	0	0	0	0	0	1	0	0	0	0	1	0	0	0	0	0	0	0	0	2
-63	0	0	0	1	0	0	0	0	0	0	0	0	0	1	1	0	0	0	0	0	0	0	3
-62	0	0	0	0	0	0	0	0	1	0	0	0	0	0	0	0	0	0	0	1	0	0	2
-61	0	0	0	0	0	0	4	0	0	0	0	0	0	1	1	0	0	0	0	0	0	0	6
-60	0	0	0	0	0	0	0	0	1	0	0	0	0	1	0	0	0	0	0	0	0	1	2
-59	0	0	0	0	0	0	0	0	1	0	0	0	0	1	2	0	0	0	0	0	0	0	4
-58	0	0	0	0	0	0	0	0	0	0	0	0	0	1	0	0	0	0	0	0	0	0	1
-57	0	0	0	0	0	0	0	0	1	0	0	2	0	0	0	0	0	0	0	2	0	1	5
-55	0	0	0	0	0	0	0	1	0	1	0	0	0	0	2	0	0	0	0	0	1	0	4
-54	0	0	1	0	0	0	0	0	0	0	1	1	0	0	0	0	0	0	0	0	0	0	3
-52	0	0	0	1	0	0	0	0	0	0	1	0	0	0	0	0	0	0	0	0	1	0	2
-51	0	0	0	0	0	0	0	0	3	0	0	1	0	0	0	0	0	0	0	0	0	0	4
-50	0	1	0	0	3	0	0	0	1	0	1	1	0	0	0	0	0	0	0	2	5	0	9
-49	0	0	2	0	0	0	0	0	0	0	1	0	0	0	0	0	0	0	0	0	1	0	3
-48	0	0	1	2	3	0	2	2	0	0	30	2	0	1	0	0	0	0	0	1	8	0	44
-47	0	0	1	1	0	0	1	0	2	2	1	1	0	0	1	0	0	0	0	0	1	2	10
-46	0	0	2	0	0	0	0	2	0	0	0	0	0	0	0	0	0	0	0	1	1	0	5
-45	0	0	3	2	0	0	0	4	0	1	0	0	0	0	0	0	0	0	0	0	3	0	10
-44	0	1	0	1	0	0	0	1	0	0	0	0	0	0	0	0	0	0	0	0	1	0	3
-43	0	3	0	1	0	0	0	0	0	0	0	0	0	0	1	0	0	0	0	0	0	0	5
-42	0	0	0	0	0	0	0	0	1	1	0	0	0	0	0	0	0	0	0	0	0	0	2
-41	0	0	0	0	0	0	0	0	0	0	0	0	0	0	0	0	1	0	0	0	0	0	1
-40	0	0	0	0	0	0	0	0	0	0	0	0	0	0	0	0	0	1	0	0	0	0	1
-39	0	0	2	0	0	0	0	0	0	1	0	0	0	0	0	0	0	0	0	1	0	0	4
-38	0	0	0	2	0	0	0	0	0	0	0	0	1	0	0	0	1	0	0	0	0	0	4
-37	0	0	0	0	1	0	0	0	0	0	0	0	0	0	0	0	0	0	0	0	0	0	1
-36	0	0	0	0	1	0	0	1	0	0	0	1	0	0	1	0	5	0	0	1	0	0	10
-35	0	0	0	0	0	0	0	3	0	0	0	1	1	0	0	0	0	0	3	0	2	0	8
-34	0	0	0	0	3	0	0	3	0	0	0	0	0	0	1	0	1	1	0	0	1	0	9
-33	0	0	0	1	0	0	0	0	0	0	0	1	1	0	0	0	1	0	0	0	1	0	4
-32	0	1	0	0	1	0	0	0	0	0	3	0	0	1	1	0	0	1	0	0	5	0	8
-31	0	2	0	0	0	0	0	1	0	0	1	1	0	1	0	0	0	0	0	0	2	0	6
-30	0	0	0	0	0	0	0	0	2	0	0	0	0	0	0	0	0	0	0	0	2	0	2
-29	0	0	0	0	0	0	1	0	1	0	0	0	1	0	0	0	0	0	0	0	1	0	3
-28	0	0	0	0	0	0	0	0	0	0	0	0	0	1	1	1	0	1	0	0	2	0	4
-27	0	0	1	1	0	0	0	0	1	1	0	0	0	1	0	0	1	0	0	0	0	1	6
-26	0	0	1	0	0	0	0	1	0	1	0	0	0	0	0	0	2	1	0	0	0	0	6
-25	0	0	1	0	0	0	0	0	0	0	0	0	0	3	0	0	0	0	0	0	2	0	4
-24	0	0	0	0	0	0	0	0	0	2	0	0	2	0	1	0	0	0	0	2	0	0	7
-23	0	0	0	0	1	0	0	1	0	0	0	0	0	0	0	1	0	0	0	0	0	0	3
-22	0	0	0	0	2	0	0	1	0	1	0	1	0	0	0	0	0	1	0	0	0	0	6
-21	0	0	0	0	0	0	0	0	0	2	0	0	0	1	0	0	0	0	0	0	1	0	3
-20	0	1	0	0	0	0	0	0	0	0	0	0	1	0	0	0	0	1	0	0	0	0	3
-19	0	0	1	1	0	0	0	0	0	0	0	0	1	2	0	0	1	0	1	0	2	0	7
-18	0	1	14	30	4	0	2	8	8	11	2	4	2	25	1	11	45	11	0	0	53	5	179
-17	0	34	10	10	2	0	14	14	14	12	1	55	4	119	3	6	17	6	7	1	157	0	329
-16	0	12	4	3	1	0	3	4	3	3	2	6	0	30	1	5	4	4	0	0	43	0	85
-15	0	1	2	6	0	0	0	1	1	1	1	4	0	4	0	3	5	1	0	0	7	0	30
-14	2	0	0	1	0	0	0	0	2	1	0	1	1	2	0	1	2	2	0	0	4	1	15
-13	0	0	0	3	0	0	0	0	0	1	0	0	1	1	0	2	0	1	0	1	3	0	10
-12	0	2	0	1	0	0	1	0	1	1	0	0	0	0	0	0	0	1	0	0	3	0	7
-11	1	0	1	0	0	0	0	2	0	1	0	1	0	0	0	3	0	0	0	0	1	0	9
-10	0	0	0	1	0	0	0	0	0	1	1	0	0	0	0	0	0	0	0	0	1	0	3
-9	1	1	0	1	0	0	0	0	0	0	1	0	2	1	1	0	0	1	0	0	1	1	9
-8	0	0	0	1	0	0	0	1	0	0	0	0	0	2	2	0	1	1	0	0	0	0	8
-7	3	0	3	0	1	0	0	1	0	3	0	1	2	0	0	0	1	1	0	0	1	0	16
-6	0	0	0	0	1	0	1	0	0	0	1	0	0	0	1	0	0	1	0	0	1	0	5
-5	1	0	0	0	0	0	1	0	0	0	0	0	0	0	0	0	1	1	0	1	1	0	5
-4	0	0	0	0	0	0	0	0	2	2	0	0	0	0	0	0	2	1	0	0	2	0	7
-3	1	1	1	2	0	0	1	1	2	3	1	1	0	0	2	0	1	0	0	0	5	2	17
-2	25	3	6	10	7	0	5	12	16	10	16	4	2	7	5	17	19	22	1	9	115	17	196
-1	45	3	12	24	21	0	3	26	13	63	18	9	5	12	6	16	20	36	2	7	220	12	341
1	458	67	207	286	172	348	176	397	262	474	101	298	282	310	139	299	291	512	25	123	1507	238	5227
2	81	11	24	44	23	70	32	76	43	75	18	50	64	53	24	46	37	65	5	13	242	45	854
3	14	2	1	9	6	12	0	16	3	16	5	10	4	11	1	8	6	12	0	5	29	2	141
4	2	0	0	3	0	3	0	1	0	1	1	1	1	1	0	0	0	2	1	0	1	0	17
5	0	1	0	3	0	1	0	1	0	0	1	1	0	1	0	1	0	1	0	1	1	0	12
6	0	0	0	0	0	1	0	0	0	0	0	0	0	0	0	0	0	1	0	0	0	0	2
7	0	0	0	0	0	0	0	0	0	0	0	0	0	0	1	0	0	0	0	0	0	0	1
8	0	0	0	0	0	0	0	0	0	0	0	0	0	0	0	0	0	0	1	0	0	0	1
9	0	0	0	0	0	0	0	0	0	0	0	0	0	0	0	0	1	0	0	0	1	0	1
10	1	0	0	1	0	0	0	1	1	0	0	0	0	2	1	0	0	1	0	0	0	2	8
11	0	0	0	0	0	0	0	0	0	1	0	0	0	0	0	0	0	0	0	0	0	0	1
12	0	0	1	1	0	0	0	0	2	0	0	0	1	0	0	1	1	0	0	0	3	0	7
13	0	0	0	0	0	0	0	0	0	1	0	0	0	0	0	0	0	0	0	1	0	0	2
14	6	1	8	3	0	19	5	4	13	9	9	7	8	2	0	2	3	8	15	237	38	2	359
15	5	0	1	5	1	3	2	3	2	2	3	2	2	4	0	3	2	6	5	30	21	0	81
16	79	15	48	99	16	107	24	35	17	81	1117	46	153	42	13	69	60	73	240	14	579	19	2348
17	34	8	15	35	7	46	12	11	6	30	198	14	50	19	0	24	19	10	39	13	119	2	590
18	9	2	9	7	1	4	2	3	0	7	38	3	16	7	1	6	4	10	3	0	32	0	132
19	2	0	0	1	0	2	0	0	0	0	3	1	3	0	0	0	0	2	1	0	6	0	15
20	0	0	1	0	0	1	0	0	0	1	0	0	0	0	0	1	1	1	2	0	1	0	8
21	1	0	1	1	0	2	0	2	0	0	0	0	0	0	0	0	1	0	0	0	2	0	8
22	68	5	30	39	9	28	3	25	0	29	5	21	28	20	1	24	30	34	0	6	15	1	405
23	8	8	6	11	2	9	0	4	4	10	2	11	11	3	0	8	8	5	1	1	2	0	112
24	5	1	14	8	2	4	0	3	0	6	1	3	4	5	0	1	2	3	0	0	1	0	62
25	1	0	2	0	0	1	0	0	0	0	0	1	0	0	0	0	0	0	0	0	0	0	5
26	0	0	0	0	0	0	0	0	3	0	0	1	0	0	0	0	0	0	1	0	3	0	5
27	1	0	1	0	0	0	0	0	0	0	0	0	0	0	0	1	0	0	0	0	0	0	3
28	12	0	4	2	5	3	0	11	5	9	4	0	0	0	0	3	2	6	0	0	51	1	66
29	4	0	0	1	1	1	0	4	0	4	0	0	0	0	0	0	0	0	1	0	10	0	16
30	0	0	2	2	0	0	0	3	0	3	0	0	1	1	2	0	0	0	10	4	10	0	28
31	0	0	0	0	0	1	0	0	0	2	0	0	0	0	0	0	0	0	4	0	1	0	7
32	25	0	16	16	3	12	1	8	2	12	23	18	6	3	4	12	4	15	319	55	77	2	554
33	6	0	1	3	1	2	0	0	0	3	7	3	0	2	0	2	4	2	33	6	11	0	75
34	2	0	0	0	1	0	0	0	0	1	0	1	0	0	0	1	1	0	4	0	5	0	11
35	1	0	0	0	0	1	1	0	0	0	0	0	0	0	0	0	0	0	0	2	0	0	5
37	1	1	0	1	0	0	0	0	0	0	0	0	0	0	0	0	0	0	0	0	1	0	3
38	38	6	42	31	4	35	2	22	1	64	4	22	26	20	0	21	26	23	0	10	11	1	397
39	18	0	5	10	2	8	0	12	0	8	0	5	11	2	0	3	10	10	0	1	4	0	105
40	2	0	2	0	0	4	0	2	0	3	0	0	0	0	0	0	2	2	0	0	2	0	17
41	3	0	0	0	0	0	0	0	0	0	0	0	0	0	0	0	0	0	0	0	0	0	3
42	4	0	0	0	0	0	0	1	0	2	2	1	0	0	0	30	3	0	0	0	40	0	43
43	2	0	0	0	0	0	0	0	0	1	0	0	0	0	0	6	0	1	0	0	8	0	10
44	0	0	0	1	0	0	0	0	0	0	2	0	0	0	0	0	1	0	0	0	2	0	4
45	0	0	0	1	0	0	0	0	0	1	1	0	0	0	0	1	1	0	0	0	1	0	5
46	0	1	1	2	0	3	0	0	0	0	0	0	0	0	0	0	0	1	6	1	1	0	15
47	0	0	0	1	0	1	0	0	0	0	0	0	0	0	0	1	1	0	6	2	0	0	12
48	7	0	7	6	0	2	0	0	0	4	4	3	3	4	0	4	3	3	72	1	16	0	123
49	2	0	2	0	0	1	0	0	0	1	0	0	1	0	1	0	0	0	4	0	5	0	12
50	1	0	0	0	0	0	0	1	0	0	0	0	0	0	1	0	0	0	0	0	2	0	3
51	0	0	0	0	0	0	0	0	0	0	1	0	0	0	1	0	0	0	0	0	0	0	2
52	0	0	0	3	0	0	0	0	0	0	0	0	0	0	0	0	0	0	0	1	2	0	4
53	5	2	12	6	4	3	0	2	0	7	0	2	6	1	1	8	2	6	0	4	2	0	71
54	4	0	0	1	1	3	0	0	0	0	3	0	0	1	0	1	0	1	0	0	2	0	15
55	0	0	0	3	0	2	0	1	0	1	0	0	1	0	0	0	0	2	0	0	3	0	10
56	1	0	1	1	0	0	0	0	0	0	0	0	0	0	0	0	0	0	0	0	1	0	3
57	9	0	0	0	1	10	0	3	0	3	4	0	3	2	0	1	1	13	0	1	43	0	51
58	1	1	0	0	0	4	0	1	0	1	1	1	2	2	1	0	0	0	0	0	8	0	15
59	1	0	0	0	0	0	0	1	0	0	0	1	0	0	0	0	0	0	0	0	2	0	3
60	0	0	0	1	0	1	0	0	0	0	0	0	0	0	0	0	0	0	0	1	0	0	3
61	4	0	1	6	0	0	1	0	0	2	0	2	1	0	3	2	2	4	0	0	4	0	28
62	1	0	2	1	0	0	2	0	0	0	0	2	1	0	1	0	2	2	0	1	2	0	15
63	5	0	6	3	0	0	2	0	0	0	0	0	0	0	0	1	2	0	0	1	4	0	20
64	8	0	4	6	1	7	2	2	0	5	2	4	2	2	0	9	4	0	12	4	15	0	74
65	47	4	50	50	22	62	6	31	5	28	9	45	48	25	1	32	29	29	4	13	37	0	540
66	10	0	6	7	1	10	0	3	1	3	2	0	17	5	0	1	1	5	0	2	6	1	74
67	0	0	1	0	0	6	0	1	0	1	0	0	4	0	0	0	0	0	0	0	0	0	13
68	0	0	0	0	0	0	0	0	0	0	1	0	0	0	0	0	0	0	0	0	0	0	1
69	0	0	0	1	0	0	0	0	0	0	0	0	0	0	0	0	0	0	0	0	0	0	1
70	0	0	0	0	0	3	0	0	0	0	0	0	0	0	0	0	1	0	0	0	2	0	4
71	2	0	0	0	0	2	0	0	0	0	0	0	0	0	0	0	0	0	1	1	1	0	6
72	0	0	0	0	0	0	0	0	0	0	0	0	0	0	0	0	0	1	0	1	0	0	2
73	0	0	0	0	0	0	0	0	0	1	0	0	0	0	0	0	0	0	0	0	0	0	1
74	0	0	0	0	0	0	0	0	0	0	0	1	0	0	0	0	0	0	0	0	0	0	1
75	0	0	0	0	0	0	0	0	0	0	0	0	0	0	0	0	0	0	0	1	0	0	1
76	0	0	0	0	0	0	0	0	0	0	0	0	0	1	0	0	0	0	0	0	0	0	1
77	0	0	0	0	0	1	0	0	0	0	0	0	1	0	0	0	0	0	0	0	0	0	2
78	0	0	0	0	0	1	0	0	0	0	0	0	0	0	0	0	0	0	0	0	0	0	1
79	0	0	0	0	1	0	0	0	0	0	0	0	0	0	0	0	0	0	0	0	1	0	1
80	1	0	1	1	0	2	0	0	0	0	0	0	0	0	0	0	0	0	1	0	3	0	6
81	0	0	0	3	0	4	0	1	2	3	2	1	5	2	0	0	0	0	0	0	6	0	23
82	1	0	0	2	0	0	0	1	1	0	0	0	0	0	0	1	0	0	0	0	2	0	6
83	0	0	0	0	0	2	0	0	0	0	0	0	0	0	1	2	0	0	0	0	1	0	5
84	0	0	0	1	0	2	0	0	0	1	0	0	0	0	0	0	0	0	0	0	0	0	4
85	0	0	0	0	0	0	0	0	0	0	0	0	0	0	0	0	0	2	0	0	0	0	2
86	0	0	0	1	0	0	0	0	0	0	0	1	0	0	0	0	0	0	0	0	2	0	2
88	0	0	0	0	0	0	0	0	0	0	0	0	0	1	0	0	0	0	0	0	0	0	1
89	0	0	0	0	0	0	0	0	1	0	0	0	0	0	0	0	0	0	0	0	0	0	1
90	0	0	0	2	0	0	0	2	0	0	0	0	0	0	0	1	0	0	0	0	3	0	5
91	0	0	0	0	1	0	0	0	0	0	0	0	0	0	0	0	0	0	0	0	0	0	1
92	0	0	0	0	0	0	0	0	0	0	0	0	1	0	0	0	0	0	1	0	1	0	2
93	0	0	0	0	0	0	0	1	0	0	0	0	0	0	1	0	0	1	0	0	0	0	3
94	0	0	1	0	0	0	0	0	0	0	0	0	0	0	0	0	0	0	0	0	0	0	1
96	0	0	0	0	0	0	0	0	0	1	0	0	0	0	0	0	0	0	0	0	1	0	1
97	0	0	0	0	0	0	0	0	1	1	0	0	0	0	0	0	0	0	0	0	1	1	2
98	0	0	1	0	0	0	0	2	1	3	0	0	0	2	2	0	0	0	0	0	6	0	11
99	0	0	0	0	0	0	0	1	0	2	0	0	0	0	0	0	0	0	0	0	2	0	3
100	1	0	0	0	0	0	0	0	1	1	0	0	2	0	0	0	0	0	0	0	1	0	5
101	1	0	0	0	0	0	0	1	0	0	0	0	0	0	0	0	0	2	0	0	2	0	4
102	0	0	0	0	0	0	0	0	0	1	0	0	0	0	1	0	0	0	0	1	0	0	3
104	0	0	0	0	2	0	0	0	1	0	0	0	0	0	0	0	0	0	0	0	1	0	3
105	0	0	0	0	0	0	0	0	0	0	0	0	0	0	0	0	0	1	0	0	1	0	1
106	0	0	0	0	0	1	0	0	0	0	0	0	0	0	0	0	0	0	0	0	0	0	1
107	0	0	0	0	0	0	0	0	1	0	0	0	0	0	0	0	0	0	0	0	0	0	1
108	1	0	0	0	0	0	0	0	0	0	0	0	0	0	0	0	0	0	0	0	0	0	1
110	0	0	0	2	0	1	0	1	0	1	2	4	0	0	0	0	0	1	0	0	8	0	12
111	0	0	0	0	0	0	0	0	0	1	3	2	0	0	0	1	0	0	0	0	4	0	7
112	0	0	0	0	0	0	0	1	0	0	1	0	0	0	0	0	1	0	0	0	1	0	3
113	0	0	0	0	0	0	0	2	0	0	0	0	0	0	0	0	0	0	0	0	2	0	2
114	0	0	0	0	0	0	0	0	0	0	0	0	0	0	1	0	0	0	0	0	0	1	1
115	0	0	0	1	0	0	0	0	0	0	0	0	1	0	0	0	0	1	0	0	1	0	3
116	0	0	0	0	0	0	0	0	0	0	0	0	0	1	0	0	0	0	0	1	0	0	2
117	0	0	0	0	0	0	0	1	0	0	0	0	0	0	0	0	0	0	0	0	0	0	1
120	0	0	0	0	0	0	0	0	0	1	0	0	0	0	0	0	0	0	0	0	1	0	1
122	1	0	0	0	0	0	0	0	0	0	0	0	0	0	0	0	0	0	0	0	0	0	1
123	0	0	0	1	0	0	0	0	0	1	0	0	0	0	0	0	0	1	0	0	1	0	3
124	1	1	0	3	5	0	2	7	0	5	1	0	0	1	0	0	0	2	0	0	24	0	28
125	1	0	0	1	2	0	0	0	0	4	2	0	0	3	0	1	1	3	0	0	12	0	18
126	0	0	0	0	1	0	0	0	1	1	0	0	0	0	1	0	0	0	0	0	2	1	4
127	0	0	0	0	0	0	0	0	0	1	0	0	2	0	0	0	0	0	0	0	1	0	3
128	10	0	1	0	2	2	0	2	8	5	0	5	3	1	1	1	0	5	0	0	11	8	46
129	1	0	0	2	0	0	0	0	0	0	0	2	2	0	0	2	0	0	0	0	0	2	9
130	0	0	0	2	0	0	0	0	0	0	0	0	0	0	0	0	0	0	0	2	0	2	4
131	0	0	0	0	0	0	0	0	0	0	0	0	0	0	0	0	0	0	0	1	0	0	1
132	0	0	0	0	0	0	0	2	0	1	0	0	0	1	0	0	0	0	0	0	3	0	4
133	0	0	0	0	0	0	0	0	0	0	0	0	0	0	0	0	0	0	0	1	0	0	1
134	0	0	0	0	0	0	0	0	0	0	0	0	0	0	0	0	0	0	1	0	1	0	1
135	0	0	0	0	0	0	0	0	0	0	0	0	0	1	0	0	0	0	2	0	3	0	3
136	0	0	0	1	0	0	0	2	0	0	0	0	0	0	0	0	0	0	0	0	3	0	3
137	0	0	0	0	0	0	0	0	0	0	0	0	0	0	0	0	0	1	0	0	1	0	1
140	2	0	0	0	0	0	0	1	2	0	0	0	0	0	0	0	0	2	0	0	5	2	7
141	2	0	0	0	0	0	0	0	0	0	1	0	0	0	0	0	0	1	0	0	3	0	4
142	0	0	0	0	0	0	1	0	0	0	0	0	0	1	0	0	1	1	0	0	2	0	4
143	0	0	0	0	0	0	0	1	0	0	0	0	0	0	0	1	0	0	0	0	0	0	2
144	0	0	0	0	0	0	0	0	0	1	1	0	1	0	0	0	0	0	0	3	0	0	6
145	0	0	0	0	0	0	0	0	0	1	0	0	0	0	0	0	0	0	0	0	0	0	1
146	0	0	0	1	0	0	0	0	0	0	0	0	0	0	0	0	0	0	1	0	0	0	2
147	0	0	0	0	3	0	0	0	0	0	0	0	0	0	0	0	0	0	2	0	3	0	5
148	0	0	0	0	0	0	0	1	0	0	0	1	0	0	0	0	0	0	1	0	3	0	3
150	0	0	0	1	0	0	0	0	0	0	0	0	0	0	0	0	0	0	0	0	1	0	1
151	0	0	0	1	0	0	0	0	0	0	0	0	0	0	1	0	0	0	0	0	0	0	2
152	0	1	0	0	0	1	0	0	0	0	0	0	0	0	0	0	0	0	0	0	0	0	2
153	0	1	0	0	0	0	0	1	0	0	0	0	0	0	0	0	0	0	0	0	1	0	2
154	2	0	0	0	0	0	0	3	3	0	0	0	0	0	0	0	0	0	0	0	3	3	8
155	1	0	0	0	0	0	0	2	0	1	0	1	0	0	0	0	0	0	0	0	3	0	5
156	9	0	1	4	1	4	2	3	4	3	2	0	1	1	0	2	1	8	0	3	17	4	49
157	2	0	0	1	0	0	1	0	0	1	0	0	0	0	0	0	1	1	1	0	2	0	8
160	0	0	0	0	0	0	0	2	0	0	0	0	0	0	0	0	0	0	0	1	1	0	3
163	0	0	0	0	0	0	0	0	0	0	0	0	0	0	1	0	0	0	0	1	1	0	2
164	1	0	0	0	0	0	0	0	0	0	0	0	0	0	0	0	0	0	0	0	0	0	1
167	0	0	0	0	0	1	0	0	0	0	0	0	0	0	0	0	0	0	0	0	0	0	1
169	0	0	0	0	0	0	0	2	0	0	0	0	0	0	0	0	0	0	0	0	2	0	2
170	0	0	0	0	0	0	0	0	0	1	0	0	0	0	0	0	0	0	0	0	0	0	1
171	1	0	0	0	0	0	0	0	0	0	0	0	0	0	0	0	0	0	0	0	1	0	1
172	0	0	0	0	0	0	0	0	0	1	0	0	0	0	0	0	0	0	0	0	1	0	1
173	0	0	0	1	0	0	0	0	0	0	0	0	0	0	0	0	0	0	0	3	0	0	4
177	0	0	0	0	0	0	0	1	0	0	0	0	0	0	0	0	0	0	0	0	0	0	1
178	0	0	0	0	0	0	0	0	0	0	0	0	1	0	0	0	0	0	0	0	0	0	1
180	0	0	0	1	0	0	0	2	0	0	0	0	0	0	0	0	0	0	0	0	3	0	3
181	0	0	0	0	0	0	0	0	2	0	0	0	0	0	0	0	0	0	0	1	2	0	3
184	0	0	0	0	0	0	0	0	0	0	0	1	0	0	0	0	0	0	0	0	0	0	1
185	0	0	0	0	0	0	0	1	0	0	0	0	0	0	0	0	0	0	0	0	0	0	1
187	0	0	0	0	0	0	0	0	1	0	0	0	0	0	0	0	0	0	0	0	0	0	1
188	0	0	0	0	0	0	0	0	0	1	0	0	0	0	0	0	0	0	0	0	1	0	1
189	0	0	0	0	0	0	0	0	0	0	0	0	0	0	1	0	0	0	0	0	1	0	1
190	0	0	0	0	0	1	0	0	0	0	0	0	0	0	0	0	0	0	0	0	0	0	1
191	0	0	1	0	0	0	0	1	0	0	0	0	0	0	0	0	0	0	0	0	1	0	2
196	0	0	0	0	0	0	0	0	2	0	0	0	0	0	1	0	0	0	0	0	0	1	3
197	0	0	0	0	0	2	0	0	0	0	0	0	0	0	0	1	0	0	0	0	1	0	3
199	0	0	0	0	0	0	0	0	0	0	0	0	0	2	0	0	0	0	0	0	0	0	2
