 	A	C	D	E	F	G	H	I	K	L	M	N	P	Q	R	S	T	V	W	Y	Nterm	Cterm	Sum
-128	0	0	0	0	0	0	0	0	0	0	0	0	0	0	0	0	0	0	1	0	0	0	1
-124	0	0	0	0	0	0	0	0	0	0	0	0	0	0	0	0	0	0	2	0	0	0	2
-117	0	0	0	0	0	0	0	0	0	0	0	0	0	0	0	0	0	0	1	0	0	0	1
-113	0	0	0	0	0	0	0	0	0	0	0	0	0	0	0	0	0	0	1	0	1	0	1
-109	0	0	0	0	0	0	0	0	0	0	0	0	0	0	0	0	0	0	2	0	0	0	2
-108	0	0	0	0	0	0	0	0	0	0	0	0	0	0	0	0	0	0	1	0	0	0	1
-106	0	0	0	0	0	0	0	0	0	0	0	0	0	0	0	0	0	0	1	0	0	0	1
-99	0	0	0	0	0	0	0	0	0	0	0	0	0	0	1	0	0	0	1	1	1	1	3
-98	0	0	0	0	0	0	0	0	0	0	0	0	0	0	1	0	0	0	0	1	0	0	2
-97	0	1	0	0	0	0	0	0	0	0	0	0	0	0	0	0	0	0	0	0	0	0	1
-96	0	1	0	0	0	0	0	0	0	0	0	0	0	0	0	0	0	0	5	0	0	0	6
-95	0	1	0	0	0	0	0	0	0	0	0	0	0	0	3	0	0	0	1	0	0	0	5
-93	0	0	0	0	0	0	0	0	0	0	0	0	0	0	1	0	0	0	0	0	0	0	1
-92	0	0	0	0	0	0	0	0	0	0	0	0	0	0	2	0	0	0	0	2	1	0	4
-91	0	0	0	0	0	0	0	0	0	0	0	0	0	0	1	0	0	0	0	0	0	0	1
-90	0	0	0	0	1	0	0	0	0	0	0	0	0	0	0	0	0	0	0	0	0	0	1
-89	0	0	0	0	0	0	0	0	0	0	0	0	0	0	1	0	0	0	0	0	0	0	1
-88	0	0	0	0	2	0	0	0	0	0	0	0	0	0	0	0	0	0	0	0	0	0	2
-87	0	0	0	0	1	0	0	0	0	0	0	0	0	0	0	0	0	0	0	0	0	0	1
-86	0	0	0	0	0	0	0	0	0	0	0	0	0	0	4	0	0	0	0	0	0	2	4
-84	0	0	0	0	0	0	0	0	0	0	0	0	0	0	0	0	0	0	1	0	0	0	1
-83	0	0	0	0	1	0	0	0	0	0	0	0	0	0	0	0	0	0	0	0	0	0	1
-82	0	0	0	0	0	0	0	0	0	0	0	0	0	0	1	0	0	0	0	2	1	0	3
-81	0	0	0	0	0	0	0	0	0	0	0	0	0	0	0	0	0	0	0	1	0	0	1
-80	0	1	0	0	0	0	0	0	0	0	0	0	0	0	0	0	0	0	0	0	0	0	1
-79	0	0	0	0	1	0	0	0	0	0	0	0	0	0	0	0	0	0	0	0	0	0	1
-77	0	0	0	0	0	0	0	0	0	0	0	0	0	0	1	0	0	0	0	0	0	1	1
-76	0	0	0	0	1	0	0	0	0	0	0	0	0	0	2	0	0	0	0	0	0	2	3
-75	0	0	0	0	0	0	0	0	0	0	0	0	0	0	2	0	0	0	0	0	0	0	2
-74	0	0	0	0	1	0	0	0	0	0	0	0	0	0	1	0	0	0	0	0	1	1	2
-73	0	0	0	0	1	0	0	0	0	0	1	0	0	0	2	0	0	0	0	1	2	1	5
-72	0	0	0	0	0	0	1	0	0	0	0	0	0	0	1	0	0	0	0	0	1	0	2
-71	0	0	0	0	0	0	0	0	2	0	0	0	0	0	1	0	0	0	0	0	2	0	3
-70	0	0	0	0	0	0	1	0	0	0	0	0	0	1	0	0	0	0	0	0	0	0	2
-69	0	0	0	4	0	0	0	0	0	0	0	0	0	0	1	0	0	0	0	0	0	0	5
-67	0	0	0	0	0	0	1	0	1	0	0	0	0	1	0	0	0	0	0	0	0	0	3
-66	0	0	0	0	0	0	1	0	0	0	0	0	0	0	0	0	0	0	0	0	0	0	1
-65	0	0	0	1	0	0	0	0	0	0	0	0	0	0	0	0	0	0	0	0	0	0	1
-63	0	0	0	0	0	0	1	0	1	0	0	0	0	0	0	0	0	0	0	0	1	0	2
-62	0	0	0	1	0	0	0	0	0	0	0	0	0	1	1	0	0	0	0	2	0	0	5
-61	0	0	0	0	1	0	4	0	0	0	0	0	0	0	2	0	0	0	0	0	0	0	7
-60	0	0	0	0	0	0	1	0	0	0	0	0	0	1	0	0	0	0	0	0	0	0	2
-59	0	0	0	3	0	0	0	0	1	0	0	0	0	0	0	0	0	0	0	0	1	1	4
-58	0	1	0	1	0	0	0	0	1	0	0	0	0	1	0	0	0	0	0	1	0	1	5
-57	0	0	0	0	1	0	0	0	0	0	0	0	0	1	2	0	0	0	1	1	0	0	6
-56	0	0	1	0	1	0	0	3	0	0	1	1	0	0	0	0	0	0	0	0	0	0	7
-55	0	0	0	0	0	0	0	0	0	1	0	1	0	0	1	0	0	0	0	0	0	0	3
-54	0	0	0	1	0	0	0	0	0	0	0	1	0	0	0	0	0	0	0	1	0	0	3
-53	0	0	0	0	1	0	0	0	1	1	0	2	0	0	0	0	0	0	0	0	0	0	5
-52	0	0	0	1	0	0	0	0	0	0	0	0	0	0	0	0	0	0	0	0	0	0	1
-51	0	0	0	0	0	0	0	0	2	3	0	0	0	0	1	0	0	0	0	1	1	0	7
-50	0	0	0	0	0	0	0	2	1	0	1	0	0	0	1	0	0	0	0	2	1	0	7
-49	0	0	0	1	1	0	0	0	0	3	5	0	0	0	0	0	0	0	0	0	3	0	10
-48	0	0	13	9	10	0	7	21	11	23	157	8	0	9	6	0	0	0	0	4	58	13	278
-47	0	0	1	3	2	0	1	2	2	0	9	5	0	2	2	0	0	0	0	0	2	3	29
-46	0	0	4	0	0	0	0	0	0	0	2	0	0	1	1	0	0	0	0	1	1	0	9
-45	0	0	4	1	0	0	0	0	0	3	1	0	0	0	1	0	0	0	0	0	3	0	10
-44	0	0	0	0	0	0	0	1	0	0	0	0	0	0	0	0	0	0	0	0	1	0	1
-43	0	2	0	2	0	0	0	1	1	0	0	0	0	1	0	0	1	0	0	1	1	1	9
-42	0	0	0	0	0	0	1	1	0	1	0	0	0	1	0	0	0	0	0	0	1	0	4
-41	0	0	0	0	0	0	0	0	0	0	0	0	0	0	0	0	0	1	1	0	0	0	2
-40	0	0	1	2	0	0	0	0	0	0	0	1	0	0	0	0	0	0	0	0	0	0	4
-39	0	0	2	0	1	0	0	1	0	1	0	0	0	0	1	0	0	0	0	0	1	1	6
-38	0	0	0	1	0	0	0	0	0	0	1	0	1	0	0	0	0	0	0	0	0	0	3
-37	0	0	0	1	0	0	0	0	0	3	1	0	0	0	1	0	0	1	0	0	0	0	7
-36	0	0	0	0	1	0	0	0	0	1	0	0	0	1	0	0	6	1	1	1	1	1	12
-35	0	0	1	1	0	0	0	2	0	0	0	1	0	0	0	0	0	1	1	0	0	0	7
-34	0	0	0	0	3	0	0	0	1	0	0	0	0	0	0	0	1	0	0	1	0	0	6
-33	0	0	0	0	1	0	0	0	0	0	1	0	0	0	0	0	0	0	0	0	0	0	2
-32	0	0	0	0	2	0	0	0	0	0	1	0	0	0	0	0	0	1	0	0	1	0	4
-31	0	2	0	0	0	0	0	0	0	0	1	0	0	0	1	0	0	0	0	0	2	0	4
-30	0	0	1	0	0	0	0	0	0	0	0	0	1	0	0	0	1	0	0	0	0	0	3
-29	0	0	0	1	0	0	0	0	2	3	1	0	0	0	1	0	0	0	0	0	2	0	8
-28	0	0	0	0	0	0	0	0	0	0	0	0	0	0	1	0	0	0	0	1	0	1	2
-27	0	0	0	0	0	0	0	0	1	1	0	0	0	0	1	1	0	0	0	0	2	0	4
-26	0	0	1	0	0	0	1	0	0	0	0	0	0	1	0	0	0	0	1	0	1	0	4
-25	0	0	2	0	1	0	0	0	0	0	0	0	0	0	0	0	0	1	0	0	1	0	4
-24	0	0	0	0	0	0	0	1	0	2	0	0	0	0	0	0	0	0	0	0	0	0	3
-23	0	0	0	1	0	0	0	1	0	0	0	0	0	0	0	0	0	0	0	0	0	0	2
-22	0	0	0	1	0	0	0	0	1	3	0	0	0	0	0	0	1	0	0	1	0	0	7
-21	0	0	0	2	0	0	1	0	0	0	0	0	0	0	0	0	0	0	0	0	1	0	3
-20	0	2	0	1	0	0	0	0	0	2	0	0	0	0	2	0	0	2	0	0	0	0	9
-19	0	0	2	0	0	0	0	0	0	1	0	0	0	6	0	0	4	0	0	0	6	0	13
-18	0	0	26	26	4	0	3	8	4	16	0	4	2	21	0	10	47	6	2	0	48	1	179
-17	0	45	8	8	3	0	11	13	10	18	0	44	10	131	1	6	12	8	7	1	173	1	336
-16	0	12	5	4	0	0	3	1	4	3	1	2	0	28	3	5	4	2	1	0	41	1	78
-15	0	0	1	1	0	0	3	1	1	0	0	2	0	5	0	5	0	1	0	0	7	0	20
-14	0	1	0	1	0	0	0	0	1	0	0	0	0	1	0	2	0	0	0	0	2	0	6
-13	0	2	0	3	0	0	0	0	0	1	1	0	0	0	0	0	0	0	0	0	3	0	7
-12	1	1	0	0	0	0	0	0	0	1	0	0	0	0	0	2	0	1	0	0	3	0	6
-11	1	0	1	0	0	0	0	4	1	1	0	1	1	1	0	0	0	0	0	0	1	1	11
-10	0	1	1	0	0	0	0	1	0	0	1	0	1	0	0	0	1	0	0	1	2	0	7
-9	0	2	1	1	0	0	2	0	1	1	0	2	0	1	0	0	0	0	0	0	0	0	11
-8	0	0	0	0	0	0	0	0	0	1	0	1	0	0	1	1	0	1	0	0	0	0	5
-7	2	0	2	0	0	0	0	3	1	1	0	0	0	0	0	0	0	4	0	1	0	0	14
-6	0	0	0	0	0	0	0	0	0	1	0	0	0	0	0	0	1	0	0	0	0	0	2
-5	0	0	0	1	0	0	0	0	0	0	0	0	0	0	2	0	0	0	0	0	0	1	3
-4	0	0	1	0	0	0	0	0	3	1	0	1	0	0	1	1	2	2	0	0	6	1	12
-3	1	0	3	4	0	0	4	2	3	3	0	1	2	1	0	0	3	2	0	0	3	1	29
-2	37	4	19	17	15	0	9	34	24	30	7	10	4	10	11	12	15	36	2	5	171	23	301
-1	62	6	20	38	11	0	12	49	26	52	25	23	11	26	5	22	31	37	2	17	282	24	475
1	455	56	235	319	159	327	175	463	253	499	93	289	283	291	126	326	303	526	39	116	1498	209	5333
2	81	17	22	50	17	71	36	76	42	78	8	44	52	47	16	67	41	84	4	18	261	34	871
3	7	2	4	6	4	7	7	22	2	10	2	5	7	10	0	6	3	15	0	4	32	0	123
4	0	0	1	0	1	2	0	2	0	0	0	1	5	0	0	1	2	2	0	0	1	0	17
5	0	0	1	1	2	0	0	4	0	2	2	1	2	0	1	1	0	0	0	1	1	0	18
6	0	0	0	0	0	0	0	1	0	0	0	0	0	0	0	0	0	1	0	0	0	0	2
7	0	0	0	0	0	0	0	1	0	0	0	0	0	0	0	0	0	1	0	0	0	0	2
8	0	0	0	1	0	0	0	0	0	0	0	0	1	0	0	0	0	0	0	1	0	0	3
9	0	0	0	0	0	0	0	0	0	0	0	1	0	0	0	0	0	0	0	0	0	0	1
10	1	0	0	0	0	1	0	1	0	0	0	0	0	2	0	0	0	0	0	1	1	0	6
11	1	0	0	2	0	0	0	0	0	0	0	0	0	0	0	0	1	0	0	0	0	0	4
12	0	0	0	0	0	0	0	0	1	1	0	0	1	0	0	0	0	1	3	0	4	0	7
13	1	0	0	0	0	0	0	0	0	1	2	0	0	1	0	0	0	1	1	0	3	0	7
14	9	0	6	4	2	16	1	2	10	7	3	2	11	1	2	2	4	5	11	219	33	2	317
15	3	0	2	3	2	5	0	2	1	1	3	1	2	4	1	2	2	1	3	23	16	0	61
16	53	10	30	65	14	83	7	28	8	51	731	21	103	24	13	33	31	66	179	15	406	12	1565
17	32	6	27	18	3	19	7	7	0	14	129	9	42	9	0	11	19	11	16	2	62	0	381
18	2	0	7	3	0	4	2	2	0	5	13	0	8	4	3	2	0	6	2	3	10	0	66
19	0	0	0	2	0	1	0	0	0	0	3	0	0	0	0	0	1	3	0	1	2	0	11
20	0	0	2	0	0	0	0	0	0	0	0	0	0	0	0	0	1	0	0	1	2	0	4
21	1	0	0	0	0	0	1	0	0	2	0	0	0	0	1	0	0	0	0	0	0	0	5
22	44	11	44	38	15	35	4	20	1	21	5	26	42	14	0	20	31	38	0	4	23	0	413
23	21	0	4	11	0	6	1	5	1	6	0	4	16	1	0	6	8	7	1	1	1	0	99
24	4	1	9	5	2	2	0	0	2	4	0	2	7	0	1	2	1	4	0	2	0	1	48
25	0	0	0	2	0	1	1	0	0	2	0	1	0	0	0	0	3	0	0	0	1	0	10
26	0	0	0	1	0	0	0	0	2	0	0	0	0	0	0	0	0	0	1	0	2	0	4
27	0	0	0	0	0	0	0	1	0	0	0	0	0	0	0	1	1	0	0	1	0	0	4
28	11	0	2	1	3	4	0	14	2	5	4	0	0	0	1	17	4	9	0	0	47	0	77
29	1	0	0	1	1	1	0	4	1	2	1	0	1	0	0	2	1	1	0	0	8	0	17
30	2	0	0	1	1	1	0	1	0	1	0	1	0	0	3	2	1	2	6	1	8	0	23
31	0	0	1	0	0	0	0	0	0	0	0	0	0	0	0	2	0	0	2	0	1	0	5
32	17	0	12	9	0	15	0	5	1	10	10	9	11	2	0	10	7	9	217	51	53	1	395
33	2	0	0	3	5	3	0	2	0	6	1	2	0	0	0	2	1	3	29	5	19	0	64
34	3	0	0	0	0	2	1	0	0	0	0	0	0	0	0	0	0	1	2	0	2	0	9
35	0	0	0	0	0	0	0	0	1	1	0	0	0	0	1	0	0	0	0	1	0	1	4
36	1	0	0	0	0	0	0	1	0	0	0	0	0	0	0	0	0	0	0	0	0	0	2
37	0	0	1	1	0	0	0	0	0	1	0	0	0	0	0	0	0	0	0	0	0	0	3
38	27	5	40	26	11	19	1	11	0	26	1	16	23	11	0	18	12	20	0	6	5	0	273
39	9	2	5	7	1	2	0	2	1	7	0	5	9	4	0	4	4	4	1	0	2	0	67
40	3	0	0	2	1	0	0	0	0	1	0	1	1	2	0	0	0	1	0	0	2	0	12
41	0	0	0	1	0	0	0	0	0	0	1	0	0	0	0	0	1	0	0	0	2	0	3
42	7	0	2	0	1	2	1	3	0	2	3	0	0	1	0	36	5	1	0	0	51	0	64
43	3	0	0	0	0	0	0	1	0	0	0	0	0	0	0	4	0	1	0	0	7	0	9
44	0	0	1	0	0	0	0	1	0	0	2	0	0	0	0	0	1	0	0	1	2	0	6
45	0	0	0	0	0	0	0	0	0	0	1	0	0	0	0	0	3	1	0	0	3	0	5
46	0	0	1	0	0	3	0	0	0	0	0	0	0	1	1	0	0	0	4	1	1	0	11
47	0	0	0	1	1	0	0	0	0	0	0	0	0	0	0	0	1	1	2	1	1	0	7
48	1	0	3	1	0	2	0	0	2	4	1	2	6	0	0	4	1	3	34	0	6	2	64
49	1	0	0	0	0	0	0	0	0	0	0	0	1	0	0	0	0	0	2	0	1	0	4
50	1	0	0	0	0	1	0	2	0	1	0	0	0	0	0	0	0	0	0	0	2	0	5
51	0	0	0	0	0	0	0	0	0	2	0	0	0	0	2	0	0	0	0	0	0	0	4
52	0	2	0	0	0	1	0	0	0	0	0	0	0	0	0	0	0	1	0	0	2	0	4
53	5	0	3	5	0	6	0	3	0	2	0	1	0	0	0	3	0	1	0	1	0	0	30
54	0	0	0	0	0	2	0	2	0	0	5	0	1	0	0	1	0	1	0	0	6	0	12
55	0	0	2	3	0	0	0	0	0	0	1	0	0	0	0	0	0	0	0	0	2	0	6
56	2	0	1	0	0	0	0	0	0	0	0	0	0	1	0	0	0	0	0	0	3	0	4
57	12	0	3	1	2	13	3	5	3	6	10	2	3	7	2	4	3	10	0	1	64	1	90
58	7	0	1	2	0	1	0	1	0	0	6	0	0	1	0	0	2	2	0	1	13	0	24
59	0	0	0	0	0	0	0	0	0	0	3	1	1	1	0	0	0	0	0	0	3	0	6
60	2	0	0	0	0	0	0	0	0	0	0	0	1	0	0	0	0	0	0	1	2	0	4
61	0	0	1	0	0	0	0	0	0	0	0	0	0	0	1	0	0	0	0	2	2	0	4
62	0	0	0	0	0	0	0	1	0	0	0	0	0	0	0	0	1	0	0	0	0	0	2
63	0	1	0	1	0	0	0	0	0	0	0	0	1	0	0	0	0	0	0	1	2	0	4
64	4	0	3	1	0	0	0	0	0	1	0	0	2	1	0	2	0	0	4	0	2	0	18
65	21	2	41	23	10	22	3	13	0	11	2	27	17	6	0	18	8	19	0	9	20	0	252
66	3	1	1	3	2	3	1	0	0	0	0	2	2	1	0	4	1	2	0	1	3	0	27
67	0	0	0	0	0	1	0	0	0	0	0	0	0	0	0	1	0	0	0	0	0	0	2
68	0	0	0	0	0	0	0	0	1	0	0	0	0	0	0	0	0	0	0	0	0	1	1
69	0	0	0	2	0	1	0	0	0	0	0	0	0	0	0	0	0	0	0	0	0	0	3
70	0	0	1	0	0	0	0	0	0	0	0	0	0	0	0	0	0	0	0	0	0	0	1
71	2	0	0	0	0	1	0	0	0	1	0	0	0	0	0	0	0	0	0	2	1	0	6
72	0	0	0	0	0	2	0	0	1	0	0	0	0	0	0	0	0	0	1	1	0	0	5
73	0	0	0	0	0	0	0	0	0	0	1	0	0	0	0	0	0	0	0	0	0	0	1
74	0	0	0	0	0	0	0	0	0	0	0	0	0	1	0	0	0	0	0	0	0	0	1
75	0	0	0	0	0	1	0	0	0	0	0	0	0	0	0	0	0	0	0	0	0	0	1
76	0	0	0	0	0	0	0	0	0	0	0	0	0	2	0	0	0	0	0	0	0	0	2
77	0	0	0	0	0	0	0	0	0	0	0	0	1	0	0	0	0	0	0	0	0	0	1
78	0	0	0	0	0	0	0	0	0	0	0	0	0	0	0	1	0	0	0	0	0	0	1
79	1	0	0	0	1	0	0	0	0	0	0	0	0	0	0	0	0	0	0	0	1	0	2
80	0	0	0	0	0	0	0	0	0	0	0	1	0	0	0	1	0	0	0	0	0	0	2
81	0	0	0	3	0	1	0	0	3	0	2	0	0	0	0	1	0	0	0	0	8	0	10
82	0	0	0	0	0	0	0	0	3	0	0	1	0	0	0	0	0	0	0	0	3	0	4
83	0	0	0	0	0	2	0	0	1	0	0	0	0	0	0	0	2	0	0	0	0	1	5
84	0	1	0	1	0	0	0	0	0	0	0	1	0	1	1	0	0	0	0	1	1	1	6
85	0	0	0	0	0	0	0	0	0	0	0	0	0	0	0	0	1	0	0	0	1	0	1
86	0	0	0	1	0	0	0	0	1	0	0	0	0	0	0	1	0	0	0	0	1	0	3
88	0	0	0	0	0	0	0	0	0	0	0	1	0	0	0	0	0	0	0	0	0	0	1
90	0	0	0	0	0	0	0	0	0	0	0	1	0	0	0	1	0	0	0	0	1	0	2
92	0	0	0	0	0	0	0	0	0	2	0	0	0	0	0	0	0	0	0	0	0	0	2
93	0	0	0	0	0	0	0	0	0	3	0	0	0	0	1	0	0	0	0	0	0	0	4
94	0	0	1	0	1	0	0	0	0	0	0	0	0	0	2	0	0	0	0	0	1	0	4
95	0	0	1	0	0	0	0	0	0	0	0	0	2	0	0	0	0	0	0	0	0	0	3
97	0	0	0	0	1	0	0	0	0	2	0	0	0	0	0	0	0	0	0	0	1	0	3
98	0	0	0	0	0	0	0	1	0	1	0	0	0	1	1	0	0	0	0	0	2	0	4
99	0	0	0	0	0	1	0	0	0	1	1	2	0	0	0	0	0	0	0	0	1	0	5
100	0	0	0	0	0	0	0	1	3	0	1	0	0	0	0	0	0	0	0	0	2	0	5
102	0	0	0	0	0	0	0	0	0	1	0	0	0	0	0	2	0	1	0	0	3	0	4
104	0	0	0	0	0	0	0	0	1	0	0	0	0	0	0	0	0	0	0	0	1	0	1
105	0	0	0	0	0	0	0	0	0	0	0	0	0	0	1	0	0	2	0	0	2	0	3
108	0	0	0	0	0	0	0	0	1	0	0	0	0	0	1	0	0	0	0	0	0	1	2
109	0	0	0	0	0	0	0	0	0	0	0	0	1	0	0	0	0	0	0	0	0	0	1
110	0	0	0	2	0	0	0	0	0	1	2	2	0	1	0	0	0	0	0	0	6	0	8
111	0	0	0	2	0	0	0	0	0	1	1	0	0	0	0	2	0	0	0	0	3	0	6
112	0	0	0	0	0	0	0	0	0	0	0	0	0	0	0	0	2	0	0	0	0	0	2
113	0	0	0	0	0	0	0	1	0	0	0	0	0	0	0	0	0	0	0	0	1	0	1
114	0	0	0	0	0	0	0	0	0	1	1	0	0	0	0	0	0	0	0	0	0	0	2
115	0	0	0	1	0	0	0	0	0	1	0	0	1	0	0	0	0	0	0	0	1	0	3
116	0	0	0	0	0	0	0	0	0	0	0	0	0	0	0	0	0	0	0	1	0	0	1
117	0	0	0	0	0	0	0	0	0	0	0	0	0	0	0	0	0	1	0	0	0	0	1
118	0	0	0	0	0	0	0	0	0	0	0	0	0	0	0	1	0	0	0	0	1	0	1
119	0	0	0	0	0	0	0	0	0	1	0	0	0	0	0	0	0	0	0	0	0	0	1
120	0	0	0	0	0	0	0	0	0	1	0	0	0	0	0	0	0	0	0	0	1	0	1
121	0	0	0	0	0	0	0	0	2	0	0	0	0	0	0	1	0	0	0	0	0	0	3
122	0	0	0	0	0	0	1	0	0	0	0	0	0	0	0	0	0	0	0	0	0	0	1
123	0	0	0	0	0	0	0	0	0	1	0	0	0	0	0	0	0	0	0	0	0	0	1
124	0	0	0	1	2	0	0	6	0	6	2	0	0	0	0	0	0	2	0	0	15	0	19
125	0	0	0	0	2	1	1	3	0	2	0	0	0	0	0	0	0	1	0	1	8	0	11
126	0	0	0	0	2	0	0	0	0	0	0	0	0	0	0	0	0	0	0	0	2	0	2
127	1	0	0	1	0	0	0	0	0	0	0	0	0	0	0	0	0	0	0	0	1	0	2
128	5	0	2	1	1	2	2	0	5	6	0	2	2	0	2	1	0	1	0	0	4	6	32
129	0	0	1	3	0	1	0	0	0	0	0	0	0	0	0	6	0	0	0	0	0	3	11
131	0	0	0	2	0	0	0	0	0	0	0	0	0	0	0	0	0	0	0	0	0	2	2
133	0	0	0	0	0	0	0	0	0	0	0	0	0	0	0	1	0	0	0	0	0	0	1
134	0	0	0	0	0	0	0	0	0	0	0	0	0	0	0	0	0	1	0	0	0	0	1
135	0	0	0	0	2	0	0	0	0	0	0	0	0	0	0	0	0	0	0	0	2	0	2
136	0	0	0	0	0	0	0	3	0	0	0	0	0	0	0	0	0	1	0	0	4	0	4
137	0	0	0	0	1	0	0	0	0	1	0	0	1	0	0	0	0	0	0	0	1	0	3
138	0	0	0	0	0	0	0	1	0	0	0	0	0	0	0	0	0	0	0	0	1	0	1
139	0	0	0	0	0	0	0	0	0	1	0	0	0	0	0	0	0	0	0	0	0	0	1
140	1	0	0	0	0	0	0	2	2	0	0	0	0	0	0	0	0	0	0	0	3	2	5
141	0	0	0	0	0	0	0	0	0	0	1	0	0	0	0	0	0	0	0	0	1	0	1
142	0	0	0	0	0	0	0	0	0	0	0	0	0	0	1	0	0	2	0	0	2	0	3
143	0	0	0	0	0	2	0	0	0	0	0	0	0	0	0	1	0	1	0	0	1	0	4
144	0	0	0	0	0	0	0	1	0	0	0	0	1	0	0	0	0	0	0	2	0	0	4
145	0	0	0	0	0	0	0	0	0	0	0	1	0	0	0	0	0	1	0	0	1	0	2
146	0	0	0	1	0	0	0	0	0	0	0	0	0	0	0	0	0	0	0	0	1	0	1
149	0	0	0	0	0	0	0	0	0	0	0	0	0	0	0	0	0	0	2	0	2	0	2
150	1	0	0	0	0	0	0	0	0	0	0	0	0	0	0	0	0	0	0	0	0	0	1
151	0	0	1	0	0	0	0	0	0	0	0	0	1	0	0	0	0	0	0	0	0	0	2
152	0	1	0	0	0	0	0	1	0	1	0	0	0	0	0	0	0	0	0	0	1	0	3
154	0	0	0	1	1	0	0	2	2	0	0	0	0	0	0	0	0	0	0	0	3	2	6
155	0	0	0	0	0	0	0	2	0	0	0	0	0	0	0	0	0	0	0	0	2	0	2
156	9	0	2	3	0	1	3	2	13	4	2	0	0	0	0	5	4	9	1	2	14	13	60
157	1	0	0	0	0	1	1	0	1	1	0	0	0	0	0	0	3	1	0	1	3	1	10
159	0	0	0	0	0	0	0	0	0	0	0	0	2	0	0	0	0	0	0	0	0	0	2
160	1	0	0	0	1	0	0	1	0	0	0	0	0	0	0	0	0	0	0	0	1	0	3
161	0	0	0	0	0	0	0	0	0	0	0	0	0	0	0	0	0	0	0	1	0	0	1
162	0	0	0	0	0	0	0	0	0	0	0	0	1	0	0	0	0	0	0	1	1	0	2
164	0	0	0	0	0	0	0	0	1	0	0	0	0	0	0	0	0	0	0	0	0	1	1
165	0	0	0	1	0	1	0	0	0	0	0	0	0	0	0	0	0	0	0	0	0	0	2
167	0	0	0	1	0	0	0	0	0	0	0	0	0	1	0	0	0	0	0	1	2	0	3
168	0	0	1	0	0	0	0	0	0	0	0	0	0	0	0	0	0	0	0	0	0	0	1
169	0	0	0	0	0	0	0	1	2	0	0	0	0	0	0	0	0	0	0	0	1	2	3
171	0	0	0	0	0	0	0	0	0	1	0	0	0	0	0	0	0	0	0	0	0	0	1
173	0	0	0	0	0	0	0	0	0	0	0	0	0	0	0	0	0	0	0	3	0	0	3
174	0	0	0	0	0	0	0	0	0	0	0	0	0	0	0	1	0	0	0	2	0	0	3
175	0	0	0	1	1	0	0	0	0	0	0	0	1	0	0	0	0	0	0	0	1	0	3
180	0	0	0	0	0	0	0	1	0	0	0	0	0	0	0	0	0	0	0	0	1	0	1
181	1	0	0	0	0	0	0	2	2	0	0	0	0	0	0	0	0	0	0	0	4	0	5
182	0	0	0	0	0	0	0	0	0	0	0	0	0	0	0	0	1	0	0	0	0	0	1
183	0	0	0	0	0	0	0	1	0	0	0	0	0	0	0	0	0	0	0	0	1	0	1
184	0	0	0	0	0	0	0	0	0	1	0	0	0	0	0	0	0	0	0	0	0	0	1
189	0	0	0	0	0	0	0	0	0	0	0	0	0	0	1	0	0	1	0	0	1	0	2
192	0	0	0	0	0	0	0	0	0	0	0	0	0	0	1	0	0	0	0	0	0	0	1
193	0	0	0	0	0	0	0	0	0	0	0	0	0	0	0	1	0	0	0	0	0	0	1
196	0	0	0	0	0	1	0	0	0	0	0	0	0	0	0	0	0	0	0	0	1	0	1
197	0	0	0	0	0	2	0	0	0	0	0	0	1	0	0	0	0	1	0	0	2	0	4
199	0	0	0	1	0	0	0	0	0	0	0	0	0	0	0	0	0	0	0	0	1	0	1
