 	A	C	D	E	F	G	H	I	K	L	M	N	P	Q	R	S	T	V	W	Y	Nterm	Cterm	Sum
-117	0	0	0	0	0	0	0	0	0	0	0	0	0	0	0	0	0	0	1	0	0	0	1
-116	0	0	0	0	0	0	0	0	0	0	0	0	0	0	0	0	0	0	1	0	0	0	1
-114	0	0	0	0	0	0	0	0	0	0	0	0	0	0	0	0	0	0	1	0	0	0	1
-105	0	0	0	0	0	0	0	0	0	0	0	0	0	0	0	0	0	0	0	1	0	0	1
-104	0	0	0	0	0	0	0	0	0	0	0	0	0	0	0	0	0	0	2	0	0	0	2
-103	0	1	0	0	0	0	0	0	0	0	0	0	0	0	0	0	0	0	0	0	0	0	1
-102	0	0	0	0	0	0	0	0	0	0	0	0	0	0	0	0	0	0	0	1	0	0	1
-101	0	1	0	0	0	0	0	0	0	0	0	0	0	0	0	0	0	0	0	0	0	0	1
-99	0	0	0	0	0	0	0	0	0	0	0	0	0	0	2	0	0	0	0	0	0	2	2
-98	0	4	0	0	0	0	0	0	0	0	0	0	0	0	1	0	0	0	0	0	0	1	5
-97	0	0	0	0	0	0	0	0	0	0	0	0	0	0	1	0	0	0	0	0	0	0	1
-96	0	0	0	0	0	0	0	0	0	0	0	0	0	0	1	0	0	0	0	0	0	0	1
-93	0	2	0	0	0	0	0	0	0	0	0	0	0	0	0	0	0	0	0	0	0	0	2
-92	0	0	0	0	0	0	0	0	0	0	0	0	0	0	0	0	0	0	0	1	1	0	1
-90	0	0	0	0	0	0	0	0	0	0	0	0	0	0	0	0	0	0	0	1	0	0	1
-89	0	0	0	0	0	0	0	0	0	0	0	0	0	0	1	0	0	0	0	1	0	0	2
-88	0	0	0	0	1	0	0	0	0	0	0	0	0	0	0	0	0	0	0	0	0	0	1
-87	0	0	0	0	0	0	0	0	0	0	0	0	0	0	1	0	0	0	0	0	0	0	1
-86	0	0	0	0	0	0	0	0	0	0	0	0	0	0	4	0	0	0	0	0	0	4	4
-85	0	0	0	0	1	0	0	0	0	0	0	0	0	0	1	0	0	0	0	0	0	0	2
-83	0	0	0	0	0	0	0	0	0	0	0	0	0	0	0	0	0	0	0	1	0	0	1
-81	0	0	0	0	0	0	0	0	0	0	0	0	0	0	1	0	0	0	0	1	0	0	2
-80	0	1	0	0	0	0	1	0	0	0	0	0	0	0	0	0	0	0	0	0	0	0	2
-79	0	0	0	0	1	0	0	0	0	0	0	0	0	0	0	0	0	0	0	0	0	0	1
-77	0	0	0	0	0	0	0	0	0	0	0	0	0	0	2	0	0	0	0	0	0	1	2
-75	0	0	0	0	1	0	0	0	0	0	0	0	0	0	2	0	0	0	0	0	0	0	3
-74	0	0	0	0	1	0	1	0	0	0	0	0	0	0	5	0	0	0	0	0	0	0	7
-73	0	0	0	0	0	0	0	0	0	0	2	0	0	0	1	0	0	0	1	0	0	0	4
-72	0	0	0	2	0	0	0	0	0	0	0	0	0	0	0	0	0	0	0	0	0	0	2
-71	0	0	0	0	0	0	0	0	0	0	0	0	0	0	1	0	0	0	1	1	0	1	3
-70	0	0	0	0	1	0	0	0	0	0	0	0	0	0	1	0	0	0	0	0	0	0	2
-69	0	0	0	0	0	0	0	0	0	0	0	0	0	0	0	0	0	0	0	1	0	0	1
-68	0	0	0	0	0	0	0	0	1	0	0	0	0	0	0	0	0	0	0	0	0	0	1
-67	0	0	0	0	1	0	0	0	1	0	1	0	0	2	0	0	0	0	0	0	0	0	5
-66	0	0	0	0	0	0	0	0	1	0	0	0	0	0	0	0	0	0	0	0	0	0	1
-63	0	0	0	0	0	0	0	0	2	0	0	0	0	0	0	0	0	0	0	1	0	0	3
-62	0	0	0	2	0	0	0	0	0	0	0	0	0	0	0	0	0	0	0	2	0	0	4
-61	0	0	0	0	0	0	4	0	2	0	0	0	0	0	1	0	0	0	0	0	0	1	7
-60	0	0	0	0	0	0	0	0	2	0	2	0	0	0	1	0	0	0	0	0	0	1	5
-59	0	1	0	0	1	0	1	0	1	0	0	0	0	0	0	0	0	0	0	0	0	0	4
-58	0	0	0	0	0	0	0	0	0	0	0	0	0	0	1	0	0	0	0	0	0	0	1
-57	0	0	0	0	0	0	0	0	2	0	0	0	0	1	2	0	0	0	0	0	0	1	5
-56	0	0	0	1	0	0	0	1	0	1	0	0	0	3	0	0	0	0	1	0	0	0	7
-55	0	0	0	0	0	0	0	0	0	2	0	0	0	0	0	0	0	0	0	0	0	0	2
-54	0	0	0	0	0	0	0	0	0	0	0	1	0	0	0	0	0	0	0	0	0	0	1
-53	0	0	0	0	0	0	0	1	0	0	0	0	0	0	0	0	0	0	0	0	0	0	1
-52	0	0	0	0	0	0	0	0	0	0	1	0	0	0	0	0	0	0	0	0	0	0	1
-51	0	0	3	0	0	0	0	0	0	2	2	0	0	0	0	0	0	0	0	0	2	0	7
-50	0	0	0	0	2	0	0	0	0	0	0	1	0	0	0	0	0	0	0	0	2	0	3
-49	0	0	0	0	1	0	0	1	0	1	2	0	0	0	0	0	0	0	0	0	2	0	5
-48	0	0	0	1	0	0	2	1	0	4	12	0	0	2	0	0	0	0	0	1	13	0	23
-47	0	0	2	0	0	0	0	1	0	2	1	0	0	0	0	0	0	0	0	1	0	0	7
-46	0	0	1	0	0	0	0	0	1	1	0	1	0	0	0	0	0	0	0	0	0	0	4
-45	0	1	2	0	0	0	0	1	0	2	0	0	0	0	0	0	0	0	0	0	4	0	6
-44	0	0	0	0	0	0	0	0	0	2	0	1	0	0	0	0	0	0	0	0	0	0	3
-43	0	0	1	0	0	0	0	0	1	1	0	0	0	1	1	0	2	0	0	1	1	0	8
-42	0	0	0	1	0	0	0	0	0	0	1	0	0	0	0	0	2	0	0	0	1	0	4
-41	0	0	0	1	0	0	0	0	0	0	0	0	0	0	0	0	0	0	0	0	0	0	1
-40	0	0	0	0	0	0	0	0	0	0	0	0	1	1	0	0	0	0	0	1	0	0	3
-39	0	0	0	2	0	0	0	0	0	4	0	0	0	0	1	0	0	2	0	0	2	0	9
-38	0	0	0	1	0	0	0	1	0	0	0	0	1	0	0	0	0	1	0	0	1	0	4
-36	0	0	0	1	0	0	0	0	1	0	1	1	0	0	0	0	0	0	0	0	1	1	4
-35	0	0	0	0	0	0	0	0	0	1	0	0	1	0	0	0	0	0	0	0	0	0	2
-34	0	0	0	1	0	0	0	0	0	1	0	0	1	0	0	0	0	1	1	0	0	0	5
-33	0	0	0	0	1	0	0	0	0	2	0	0	0	0	1	0	0	0	0	0	1	0	4
-32	0	0	0	1	0	0	0	0	0	1	1	0	0	2	1	0	0	1	0	0	2	0	7
-31	0	2	0	0	0	0	0	2	1	0	1	0	0	0	0	0	0	0	0	0	2	0	6
-30	0	0	2	1	0	0	0	1	0	1	4	1	0	0	0	0	0	0	0	0	3	0	10
-29	0	0	0	2	0	0	0	0	2	1	1	0	0	0	0	0	0	0	0	0	2	0	6
-28	0	0	1	0	0	0	0	0	0	0	0	0	0	0	0	0	0	2	0	0	0	0	3
-27	0	0	0	0	0	0	0	0	0	1	0	2	0	0	0	0	1	0	0	0	0	0	4
-26	0	0	0	1	0	0	2	0	0	0	0	0	0	0	0	0	0	1	1	0	1	0	5
-25	0	2	0	0	0	0	0	0	0	0	0	0	0	0	0	1	0	0	0	0	1	0	3
-24	0	0	0	0	0	0	0	0	0	0	0	0	0	0	0	1	0	0	0	1	0	0	2
-23	0	0	1	1	0	0	0	0	1	2	0	0	0	0	1	0	0	0	0	0	0	1	6
-22	0	0	1	1	0	0	1	0	0	0	0	0	0	0	0	1	0	1	0	0	0	0	5
-21	0	0	0	0	0	0	0	1	0	1	0	0	1	0	1	0	1	0	1	0	1	0	6
-20	0	0	1	0	0	0	0	2	0	0	0	0	0	0	0	1	1	1	0	0	0	0	6
-19	0	0	0	1	0	0	0	1	0	1	0	0	0	1	0	0	2	3	0	0	3	0	9
-18	0	1	11	26	3	0	2	5	4	10	7	4	1	8	1	6	31	3	0	0	39	3	123
-17	0	36	13	3	3	0	7	9	10	14	4	30	7	109	3	6	14	9	7	1	145	4	285
-16	0	4	3	3	1	0	1	7	0	2	1	8	1	17	1	2	7	3	0	0	18	0	61
-15	0	2	0	1	0	0	0	1	0	3	0	3	0	3	0	2	1	2	0	0	7	0	18
-14	0	0	0	0	2	0	0	0	0	0	0	2	0	3	1	0	4	0	0	0	4	0	12
-13	1	0	0	0	0	0	0	0	0	0	0	0	2	1	0	0	0	0	0	0	0	0	4
-12	1	0	0	0	0	0	0	1	0	0	0	0	0	1	1	0	0	0	0	0	3	0	4
-11	0	0	0	1	0	0	0	0	0	0	0	1	0	0	0	0	1	0	0	0	0	0	3
-9	3	7	2	0	0	0	0	2	0	0	0	0	0	0	0	0	1	1	0	0	2	0	16
-8	0	2	0	0	1	0	0	1	0	1	0	0	0	0	0	0	1	0	0	0	0	0	6
-7	3	0	0	0	0	0	0	1	0	0	0	0	0	0	0	0	2	0	0	0	0	0	6
-6	0	0	1	0	0	0	1	1	0	0	0	0	0	0	0	0	1	0	0	0	0	0	4
-5	2	0	0	0	0	0	0	0	0	0	0	0	0	0	0	1	0	0	0	0	1	0	3
-4	1	0	0	0	0	0	0	1	4	1	2	0	0	0	1	0	0	1	0	0	4	1	11
-3	1	1	0	0	0	0	0	0	7	1	0	2	1	1	0	2	0	2	0	0	7	0	18
-2	24	3	5	15	8	0	4	16	18	27	18	4	2	6	6	13	15	20	5	11	127	12	220
-1	26	4	9	20	6	0	4	30	21	28	12	10	5	18	12	14	21	30	0	4	175	20	274
1	295	29	169	191	105	233	121	228	159	324	61	426	200	231	63	136	183	276	24	89	688	91	3543
2	39	14	20	26	11	41	9	41	27	56	12	44	38	34	8	26	46	51	3	10	120	14	556
3	6	3	4	6	2	9	2	7	2	9	3	6	6	3	0	5	15	13	1	2	14	1	104
4	1	0	0	1	0	2	0	3	0	0	0	0	1	0	1	0	0	0	0	0	2	0	9
5	1	1	0	1	0	1	0	0	0	0	3	2	0	1	2	0	0	1	0	0	5	0	13
6	0	0	0	0	1	0	0	0	0	3	0	0	0	1	0	0	0	0	0	0	2	0	5
7	0	0	0	0	0	2	0	0	0	0	2	0	0	1	0	0	0	0	0	0	1	0	5
8	0	0	0	0	0	0	0	0	0	1	2	0	0	1	0	0	0	0	0	0	1	0	4
9	0	0	0	0	0	0	0	0	0	0	0	0	0	1	0	0	0	0	0	0	0	0	1
10	1	0	0	1	0	1	0	0	2	0	0	0	0	0	0	0	0	0	0	0	0	2	5
11	0	0	0	0	0	0	0	0	0	0	0	0	0	1	0	0	0	0	0	0	0	0	1
12	0	0	0	0	0	0	0	0	1	0	0	0	0	0	1	0	0	2	2	0	2	0	6
13	1	0	0	0	0	0	0	0	1	0	0	0	0	0	0	0	0	0	0	0	1	0	2
14	10	0	8	4	0	2	0	3	19	13	4	0	5	4	0	1	3	1	2	55	19	4	134
15	4	0	1	1	0	1	0	1	5	2	10	2	3	2	2	2	0	0	1	7	9	4	44
16	116	4	59	96	21	121	21	26	25	95	1579	43	186	42	21	66	56	75	53	18	604	25	2723
17	34	5	28	35	8	57	10	13	4	24	175	9	47	10	1	21	24	21	8	6	93	1	540
18	7	1	2	2	1	6	1	1	1	2	19	2	8	4	1	3	3	2	2	2	14	0	70
19	0	0	1	1	1	3	0	4	0	2	2	0	0	0	0	0	0	0	0	0	3	0	14
20	0	0	0	0	0	0	0	0	1	1	0	0	0	0	0	1	0	0	0	0	1	0	3
21	0	0	0	0	0	0	0	0	0	1	0	0	0	0	0	1	2	0	0	1	3	0	5
22	108	10	192	119	22	88	13	27	6	65	13	66	70	30	0	61	57	55	1	13	62	2	1016
23	21	1	11	20	1	16	3	4	3	10	2	11	16	4	1	16	12	4	1	4	5	0	161
24	7	0	11	6	4	6	0	4	0	6	1	5	7	1	2	6	9	4	0	1	0	0	80
25	1	0	2	0	0	1	0	1	0	1	0	2	1	2	0	0	1	0	0	0	0	0	12
26	0	0	0	0	0	0	0	0	2	0	0	0	0	0	0	0	0	0	0	0	2	0	2
27	0	0	0	0	0	0	0	0	0	0	0	0	0	0	0	0	1	0	0	0	0	0	1
28	12	0	3	9	6	2	0	4	6	10	3	0	0	0	0	2	2	5	0	1	44	0	65
29	7	0	1	4	2	0	0	1	1	11	4	1	0	0	0	6	0	3	0	0	18	0	41
30	0	0	1	3	1	0	0	1	0	1	0	0	0	0	0	0	1	2	0	0	7	0	10
31	0	0	0	1	0	0	0	0	0	0	0	0	0	0	0	0	0	0	0	0	1	0	1
32	6	1	10	3	2	6	1	2	0	6	21	9	3	2	0	2	3	4	41	11	22	0	133
33	2	1	1	2	1	3	0	2	0	3	6	2	0	1	0	1	1	1	6	2	8	0	35
34	0	0	1	1	0	0	4	0	0	1	0	0	0	0	0	0	0	0	0	0	1	0	7
35	0	0	0	0	0	1	0	0	0	0	0	0	0	0	0	0	0	0	0	1	0	0	2
36	0	0	0	0	0	0	0	0	0	0	0	0	1	2	0	0	0	0	0	0	0	0	3
38	39	2	50	44	13	28	2	21	1	34	7	23	28	20	1	21	21	26	1	9	15	1	391
39	7	1	4	4	2	6	1	6	1	7	1	2	7	9	0	2	5	8	0	2	2	0	75
40	0	0	0	2	2	0	0	0	0	0	1	0	2	3	0	1	0	1	0	0	2	0	12
41	0	0	0	0	0	0	0	1	3	0	0	0	0	0	1	0	0	0	1	0	3	0	6
42	11	0	0	2	1	0	0	3	3	4	5	0	0	2	0	54	15	1	0	0	84	0	101
43	2	0	0	1	0	0	0	0	3	2	0	1	0	0	0	7	1	0	0	0	11	0	17
44	1	0	0	3	1	0	0	1	0	0	4	0	0	0	0	1	0	0	0	0	9	0	11
45	0	0	0	2	0	0	0	0	0	2	1	0	0	0	2	1	0	2	0	0	7	0	10
46	0	0	0	0	0	0	0	0	0	0	0	0	1	0	0	0	1	2	0	0	0	0	4
47	0	0	0	0	0	0	0	0	0	0	0	0	1	0	0	0	0	0	0	0	0	0	1
48	0	0	0	0	0	0	0	0	0	0	0	0	0	0	0	0	0	0	1	0	0	0	1
49	0	0	1	0	0	0	0	0	0	0	0	0	0	0	0	0	0	0	0	0	0	0	1
50	0	0	0	0	0	0	0	2	0	0	0	0	0	0	0	0	0	0	0	0	2	0	2
52	0	0	0	1	0	0	0	0	0	0	0	0	0	0	2	0	0	0	0	0	1	2	3
53	17	0	20	31	4	11	0	3	0	10	0	3	4	7	1	14	14	6	0	5	11	1	150
54	1	1	1	3	0	5	0	5	0	3	4	3	2	2	1	1	4	2	0	0	8	0	38
55	0	0	0	4	0	1	0	0	1	0	4	0	1	0	0	0	0	1	0	0	4	0	12
56	0	0	0	3	0	1	0	0	0	0	0	0	0	0	0	0	3	0	0	0	5	0	7
57	5	0	1	3	0	4	6	4	0	2	0	1	0	0	2	0	4	4	0	0	24	0	36
58	0	0	0	1	0	0	1	1	2	0	7	0	1	0	0	0	0	0	0	0	7	0	13
59	0	0	0	0	1	0	0	0	0	0	0	0	0	0	0	0	0	0	0	0	0	0	1
60	2	0	0	0	0	0	0	0	0	0	0	0	0	0	0	0	0	0	0	0	2	0	2
61	0	0	0	0	0	0	0	0	0	1	0	0	0	0	0	0	0	1	0	0	1	0	2
62	0	0	1	0	0	0	0	0	0	0	0	1	0	0	0	0	0	0	0	0	1	0	2
63	0	0	0	0	0	0	0	0	0	2	0	0	0	0	1	0	0	0	0	0	0	0	3
64	3	0	0	1	0	0	0	1	0	0	0	0	1	1	0	1	0	0	1	1	1	0	10
65	0	0	0	0	1	0	0	0	0	0	0	0	0	0	0	0	0	1	1	0	0	0	3
66	0	0	0	0	0	0	1	1	0	0	0	0	0	0	0	0	0	0	1	0	1	0	3
67	0	0	0	0	0	0	0	0	1	0	0	0	0	0	0	0	0	0	0	0	0	0	1
68	1	0	0	0	0	0	0	0	0	0	0	0	0	0	0	0	0	0	0	0	0	0	1
69	0	0	0	6	0	2	0	0	0	0	1	1	0	0	0	0	1	0	0	1	6	0	12
70	0	0	0	0	0	0	0	1	0	0	0	0	1	0	0	0	0	0	0	0	1	0	2
71	0	0	2	1	1	0	0	0	0	0	1	0	0	0	0	0	0	0	0	1	0	0	6
72	0	0	1	0	0	0	0	0	0	0	0	0	0	0	0	0	0	0	0	0	1	0	1
73	1	0	0	0	0	0	0	0	0	0	0	0	0	0	2	0	0	0	0	1	0	0	4
74	1	0	0	0	0	0	1	0	0	0	0	0	0	0	0	0	0	0	0	0	0	0	2
75	0	0	1	0	0	0	0	0	0	0	0	0	4	1	0	0	0	0	0	0	0	0	6
76	1	0	0	0	0	0	1	1	0	0	0	0	0	0	0	0	0	0	1	0	0	0	4
77	1	0	0	0	0	1	0	0	1	0	0	0	0	0	0	0	0	0	0	0	0	0	3
78	0	0	0	0	0	0	0	0	0	1	0	0	0	0	0	0	0	0	0	0	0	0	1
79	0	0	0	0	1	0	0	0	0	0	0	0	0	0	0	0	0	0	1	0	1	0	2
80	0	0	0	0	0	0	1	0	0	0	0	0	2	0	1	11	0	0	0	0	0	0	15
81	0	0	0	1	0	0	0	0	3	0	0	1	1	0	0	1	0	0	0	0	2	0	7
82	1	1	0	0	0	0	0	0	1	0	0	0	0	0	0	0	1	0	0	0	2	0	4
83	2	0	0	0	0	1	0	0	1	0	0	0	1	0	0	0	0	0	1	0	3	0	6
84	0	0	0	1	0	0	0	0	0	1	0	0	0	0	0	0	0	0	0	0	0	0	2
85	0	0	0	0	0	0	0	1	0	0	0	0	0	0	0	0	0	0	0	0	0	0	1
86	0	0	0	0	0	0	0	0	0	1	0	0	0	0	0	0	0	0	0	0	0	0	1
88	0	0	0	0	1	0	0	0	0	0	0	0	0	1	0	0	1	0	0	0	0	0	3
89	0	0	1	0	0	0	0	0	0	0	0	0	0	0	0	0	0	0	0	0	0	0	1
90	0	0	1	0	0	1	0	0	0	0	0	0	0	0	0	0	0	0	0	0	0	0	2
91	0	0	0	0	0	0	0	1	0	0	0	0	0	0	0	1	0	1	0	0	1	0	3
92	1	0	0	0	0	0	0	0	0	0	0	0	0	0	0	0	0	0	0	0	0	0	1
94	0	0	1	0	0	0	0	0	0	0	0	0	0	0	0	0	0	0	0	0	0	0	1
96	0	0	0	0	0	0	0	0	0	0	1	1	0	0	0	0	0	0	0	0	0	0	2
97	0	0	0	0	0	0	0	0	0	0	0	0	1	0	0	0	0	1	0	0	1	0	2
100	0	1	0	1	0	1	0	0	0	0	0	0	0	0	1	0	0	0	0	0	0	0	4
101	0	0	0	0	0	0	0	0	0	0	0	0	0	0	0	0	0	0	0	1	0	0	1
102	1	0	0	0	0	0	0	0	0	0	0	0	0	0	0	0	0	0	0	0	0	0	1
103	0	0	0	0	0	1	0	0	0	0	0	0	0	0	0	0	0	0	0	0	0	0	1
104	0	0	0	0	0	0	0	1	0	0	0	0	0	0	0	0	0	0	0	0	0	0	1
105	0	0	0	0	0	1	0	0	0	0	0	0	0	0	0	1	0	0	0	0	0	0	2
106	0	0	0	0	0	1	0	0	0	0	1	0	0	0	0	0	0	0	0	0	1	0	2
109	0	1	0	0	0	0	0	0	0	0	0	0	0	0	0	0	0	0	0	0	0	0	1
110	0	0	0	0	0	0	0	0	0	0	4	0	0	0	0	0	0	1	0	0	5	0	5
111	0	0	0	0	0	0	0	0	0	0	3	0	0	0	0	1	0	0	0	0	3	0	4
112	0	0	0	0	0	0	0	0	0	2	4	0	0	0	0	0	0	0	0	0	5	0	6
115	0	0	0	1	0	0	0	0	0	0	0	0	0	0	0	0	0	0	0	0	0	0	1
120	0	0	0	0	0	0	0	0	0	1	0	0	0	1	0	0	0	1	0	0	1	0	3
121	0	0	0	1	0	0	0	0	2	0	0	1	0	0	0	0	0	0	0	0	2	0	4
122	0	0	0	0	0	0	1	0	0	0	0	0	0	0	0	0	0	0	0	0	1	0	1
123	0	0	0	0	0	0	0	0	0	0	0	0	0	1	0	1	0	0	0	0	1	0	2
124	9	0	0	4	4	2	2	2	0	10	8	1	0	0	0	0	0	6	3	2	41	0	53
125	3	0	1	2	1	1	0	0	0	11	1	1	0	1	0	1	0	4	0	0	20	0	27
126	0	0	0	1	0	0	0	1	0	0	2	0	0	0	0	0	0	1	0	0	5	0	5
127	0	0	0	0	0	0	0	0	0	0	0	0	0	0	0	0	0	0	2	0	2	0	2
128	2	0	1	1	1	0	0	4	3	7	0	1	2	0	2	3	1	1	0	0	4	4	29
129	1	0	0	4	0	0	0	0	0	2	0	0	1	0	0	0	0	0	0	0	1	3	8
131	0	0	0	0	0	0	0	0	1	0	0	0	0	0	0	0	0	0	0	0	0	1	1
133	0	0	0	1	0	0	0	0	0	0	0	0	0	0	0	0	0	0	0	0	0	0	1
134	0	0	0	1	0	0	0	0	0	0	0	0	0	0	0	0	0	1	0	0	1	0	2
135	0	0	0	0	0	0	0	0	0	0	0	0	0	0	0	0	0	0	1	0	1	0	1
136	0	0	0	0	0	0	0	0	0	0	0	0	0	0	0	0	0	0	1	0	1	0	1
139	0	0	0	0	0	0	0	0	0	0	0	0	0	0	0	0	1	0	0	0	0	0	1
140	0	0	0	0	0	0	0	1	1	0	2	0	0	0	0	1	0	0	0	0	4	0	5
141	0	0	0	0	0	0	0	2	0	1	1	0	0	0	0	1	0	0	0	0	3	0	5
142	0	0	0	1	0	0	0	2	1	0	2	0	0	0	0	0	0	0	0	0	3	0	6
143	0	0	0	0	0	0	0	0	0	0	1	0	0	1	0	0	0	2	0	0	4	0	4
144	0	0	0	0	0	0	0	1	0	0	0	0	0	0	0	0	0	1	0	0	1	0	2
145	0	0	0	0	0	1	0	0	2	0	0	0	0	0	0	0	0	0	0	0	2	0	3
146	0	0	0	0	0	0	0	0	1	0	0	0	0	0	0	0	0	0	0	0	0	0	1
147	0	0	0	0	0	0	0	0	0	2	0	0	0	0	0	1	1	0	0	0	0	0	4
148	0	0	0	0	0	0	0	0	0	1	0	0	0	0	0	0	0	0	3	0	3	0	4
149	0	0	0	0	0	0	0	0	0	0	0	0	0	0	0	0	0	0	1	0	1	0	1
150	0	0	0	0	0	0	0	0	0	0	0	0	0	1	0	0	0	0	0	0	0	0	1
152	1	13	0	0	1	0	0	0	0	0	0	0	0	0	0	0	0	2	0	0	3	0	17
153	1	2	0	0	0	0	0	0	0	1	0	0	0	0	0	0	1	0	2	0	3	0	7
154	0	0	0	0	0	0	0	6	3	3	5	0	0	0	1	0	0	5	0	0	20	3	23
155	0	0	0	0	0	0	0	4	0	1	2	0	0	0	0	0	0	0	0	0	7	0	7
156	10	0	0	2	1	0	2	4	5	2	4	0	0	0	0	3	0	1	0	0	17	5	34
157	2	0	0	0	0	0	0	0	0	0	0	0	0	0	0	0	0	0	0	0	0	0	2
159	0	0	0	0	0	0	0	1	0	0	0	0	0	0	0	0	0	0	0	0	0	0	1
163	0	0	0	0	0	0	0	0	0	0	1	0	0	0	0	1	0	0	0	0	2	0	2
168	0	0	0	0	0	1	0	0	0	0	0	0	0	0	0	0	0	0	0	0	1	0	1
169	5	0	0	1	1	1	0	3	0	2	0	0	0	0	0	0	0	0	0	0	12	0	13
170	0	0	0	2	0	1	0	0	0	0	0	0	0	0	1	0	0	0	0	0	3	1	4
171	1	0	0	0	0	1	0	0	0	0	0	0	0	0	0	0	0	0	1	0	1	0	3
172	1	0	0	1	0	0	0	0	0	0	3	0	2	0	0	0	0	0	0	1	3	0	8
173	1	0	1	0	0	0	0	0	0	0	0	0	1	0	0	0	0	0	0	0	0	0	3
174	0	0	1	0	0	0	0	0	0	0	0	0	0	0	0	0	0	0	0	0	0	0	1
179	0	0	0	0	0	1	0	0	0	0	0	0	0	0	0	0	0	0	0	0	0	0	1
181	0	0	0	0	1	0	0	1	1	0	1	0	0	0	0	0	0	0	0	0	3	0	4
182	0	0	0	0	0	0	0	1	3	0	0	0	0	0	0	0	0	0	0	0	2	1	4
183	0	0	0	0	0	0	0	1	0	0	0	0	0	0	0	0	0	0	0	0	1	0	1
184	2	0	0	0	0	0	0	1	0	0	0	0	0	0	0	0	0	0	0	0	3	0	3
185	0	0	0	3	0	0	0	1	0	0	1	0	0	0	0	0	0	0	0	0	3	0	5
186	0	0	0	0	0	0	0	0	0	0	0	0	0	0	0	2	0	0	0	0	2	0	2
188	0	0	0	0	0	1	0	0	0	0	0	0	0	0	0	0	0	0	0	0	1	0	1
189	0	0	0	0	0	0	0	0	0	0	1	0	0	0	0	0	0	0	0	0	0	0	1
190	0	0	0	0	0	0	0	1	0	0	0	0	0	0	0	0	0	0	0	0	1	0	1
191	0	0	0	0	0	0	0	2	0	1	0	0	0	0	0	0	0	0	0	0	2	0	3
192	0	0	0	0	0	0	0	1	0	0	0	0	0	0	0	0	0	0	0	0	0	0	1
195	0	0	0	0	0	0	0	0	0	0	0	0	0	0	0	0	0	0	0	1	1	0	1
196	1	0	0	0	0	0	0	0	1	0	0	0	0	0	0	1	0	0	0	0	0	1	3
198	0	0	0	0	0	0	0	0	0	1	0	0	0	0	0	0	0	0	0	0	0	0	1
