 	A	C	D	E	F	G	H	I	K	L	M	N	P	Q	R	S	T	V	W	Y	Nterm	Cterm	Sum
-117	0	0	0	0	0	0	0	0	0	0	0	0	0	0	0	0	0	0	1	0	0	0	1
-109	0	0	0	0	0	0	0	0	0	0	0	0	0	0	0	0	0	0	1	0	0	0	1
-108	0	0	0	0	0	0	0	0	0	0	0	0	0	0	0	0	0	0	1	0	0	0	1
-107	0	0	0	0	0	0	0	0	0	0	0	0	0	0	0	0	0	0	2	0	0	0	2
-105	0	0	0	0	0	0	0	0	0	0	0	0	0	0	0	0	0	0	0	3	0	0	3
-99	0	0	0	0	0	0	0	0	0	0	0	0	0	0	3	0	0	0	0	0	0	2	3
-98	0	0	0	0	0	0	0	0	0	0	0	0	0	0	1	0	0	0	1	0	0	0	2
-96	0	0	0	0	0	0	0	0	0	0	0	0	0	0	1	0	0	0	0	0	0	0	1
-95	0	1	0	0	0	0	0	0	0	0	0	0	0	0	0	0	0	0	0	0	0	0	1
-92	0	0	0	0	0	0	0	0	0	0	0	0	0	0	0	0	0	0	0	1	1	0	1
-91	0	0	0	0	0	0	0	0	0	0	0	0	0	0	0	0	0	0	0	1	0	0	1
-90	0	0	0	0	1	0	0	0	0	0	0	0	0	0	0	0	0	0	0	0	0	0	1
-89	0	0	0	0	1	0	0	0	0	0	0	0	0	0	1	0	0	0	0	1	1	1	3
-87	0	0	0	0	0	0	0	0	0	0	0	0	0	0	0	0	0	0	0	1	0	0	1
-84	0	0	0	0	0	0	0	0	0	0	0	0	0	0	1	0	0	0	1	0	0	0	2
-83	0	0	0	0	1	0	0	0	0	0	0	0	0	0	0	0	0	0	0	0	0	0	1
-82	0	0	0	0	0	0	0	0	0	0	0	0	0	0	2	0	0	0	0	0	0	0	2
-81	0	0	0	0	0	0	0	0	0	0	0	0	0	0	1	0	0	0	0	0	0	0	1
-80	0	0	0	0	0	0	2	0	0	0	0	0	0	0	0	0	0	0	0	0	0	0	2
-78	0	0	0	0	1	0	0	0	0	0	0	0	0	0	0	0	0	0	0	0	0	0	1
-77	0	0	0	0	1	0	0	0	0	0	0	0	0	0	1	0	0	0	0	0	0	1	2
-76	0	0	0	0	0	0	0	0	0	0	0	0	0	0	1	0	0	0	0	0	0	1	1
-75	0	0	0	0	0	0	0	0	0	0	0	0	0	0	5	0	0	0	0	1	0	2	6
-74	0	0	0	0	0	0	0	0	0	0	0	0	0	0	3	0	0	0	0	0	0	1	3
-73	0	0	0	0	0	0	0	0	0	0	1	0	0	0	3	0	0	0	0	0	1	0	4
-72	0	0	0	0	0	0	0	0	0	0	1	0	0	0	1	0	0	0	0	0	0	0	2
-70	0	0	0	0	0	0	0	0	2	0	0	0	0	0	1	0	0	0	0	0	0	3	3
-69	0	0	0	2	0	0	0	0	0	0	0	0	0	0	1	0	0	0	0	0	0	0	3
-68	0	0	0	0	0	0	0	0	1	0	0	0	0	1	0	0	0	0	0	0	0	0	2
-67	0	0	0	0	0	0	0	0	0	0	0	0	0	0	0	0	0	0	0	1	0	0	1
-66	0	0	0	0	0	0	0	0	1	0	0	0	0	0	0	0	0	0	0	0	0	0	1
-65	0	0	0	0	0	0	0	0	0	0	0	0	0	0	3	0	0	0	0	0	0	0	3
-64	0	0	0	0	2	0	0	0	0	0	0	0	0	0	1	0	0	0	0	0	0	0	3
-63	0	0	0	1	0	0	0	0	1	0	0	0	0	1	1	0	0	0	0	0	0	1	4
-62	0	0	0	1	0	0	0	0	1	0	0	0	0	0	0	0	0	0	0	0	0	0	2
-61	0	0	0	0	1	0	8	0	0	0	0	0	0	0	0	0	0	0	0	0	0	0	9
-60	0	0	0	1	1	0	0	0	0	0	0	0	0	1	1	0	0	0	0	0	1	0	4
-58	0	0	2	0	0	0	0	0	0	0	0	0	0	1	1	0	0	0	0	0	0	0	4
-56	0	0	0	1	1	0	0	0	0	0	0	0	0	0	0	0	0	0	0	0	0	0	2
-55	0	0	0	0	1	0	0	0	0	2	0	0	0	0	0	0	0	0	0	0	0	0	3
-54	0	0	2	0	1	0	0	0	0	0	0	1	0	0	1	0	0	0	0	0	0	0	5
-53	0	0	0	1	0	0	0	0	0	0	0	0	0	0	0	0	0	0	1	0	0	0	2
-52	0	0	0	0	1	0	0	0	0	0	0	0	0	0	0	0	0	0	0	0	0	0	1
-51	0	0	0	1	0	0	0	0	0	2	0	0	0	0	0	0	0	0	0	0	2	0	3
-50	0	0	0	0	0	0	0	0	1	0	1	0	0	1	1	0	0	0	0	0	0	1	4
-49	0	0	1	0	0	0	0	0	0	0	1	0	0	0	0	0	0	0	0	0	0	0	2
-48	0	0	1	2	1	0	2	2	0	0	22	0	0	0	0	0	0	0	0	3	10	0	33
-47	0	0	0	0	1	0	0	0	0	0	3	0	0	0	0	0	0	0	0	0	0	0	4
-46	0	0	0	0	0	0	0	0	1	1	0	0	0	0	2	0	0	0	0	0	0	2	4
-45	0	0	0	2	0	0	0	0	0	0	0	0	0	0	1	0	0	0	0	0	0	0	3
-44	0	0	0	0	0	0	0	0	0	1	0	0	0	0	0	0	0	0	0	0	0	0	1
-43	0	0	0	0	0	0	0	1	1	1	0	0	0	0	1	0	1	0	0	0	0	2	5
-42	0	0	0	0	0	0	0	0	0	1	0	1	0	1	1	0	0	0	0	0	0	1	4
-41	0	0	0	0	0	0	0	0	0	0	4	1	0	1	1	0	0	0	0	0	1	0	7
-40	0	0	0	3	0	0	0	1	0	1	0	0	0	0	0	0	0	0	0	0	1	0	5
-39	0	0	1	1	0	0	0	0	0	0	0	0	0	0	0	0	0	0	0	1	0	0	3
-38	0	0	0	0	0	0	0	0	0	1	0	0	0	0	0	0	0	0	0	0	0	0	1
-37	0	0	0	0	0	0	0	0	0	1	1	0	0	0	1	0	0	0	0	0	0	0	3
-36	0	0	0	0	0	0	0	0	1	0	0	0	0	0	1	0	0	0	0	1	0	0	3
-35	0	0	0	0	0	0	0	1	0	0	0	0	0	0	0	0	1	0	0	0	0	0	2
-34	0	0	0	0	0	0	0	0	1	0	0	0	0	0	0	0	0	0	0	0	0	1	1
-33	0	0	0	0	0	0	0	0	0	0	1	0	0	0	0	0	0	0	2	1	1	0	4
-32	0	0	0	1	0	0	0	0	1	0	0	0	1	0	1	0	2	0	0	0	1	0	6
-31	0	0	0	1	1	0	0	1	1	0	0	0	0	0	1	0	0	0	1	0	1	1	6
-30	0	0	0	0	0	0	0	0	0	1	0	1	1	0	0	0	1	0	0	0	0	0	4
-29	0	0	1	0	1	0	0	0	1	0	0	0	0	1	0	0	0	0	0	0	1	0	4
-28	0	0	0	1	0	0	0	0	0	0	1	0	0	0	1	1	0	0	0	0	1	0	4
-27	0	0	0	0	0	0	1	0	0	0	0	0	2	1	0	0	0	0	0	0	0	0	4
-26	0	0	0	0	0	0	0	0	0	5	0	0	1	0	0	0	1	0	0	0	0	0	7
-25	0	0	0	0	0	0	0	0	0	0	0	0	1	0	0	2	0	0	0	0	0	0	3
-24	0	0	0	0	1	0	1	0	1	0	0	0	0	0	1	0	0	0	0	0	1	1	4
-23	0	0	0	0	0	0	1	0	1	0	0	1	1	0	0	0	1	1	0	0	0	0	6
-22	0	0	0	1	0	0	0	0	0	0	0	0	0	0	1	0	0	2	0	0	1	0	4
-21	0	0	0	1	0	0	0	0	0	3	0	0	0	0	2	1	0	0	0	0	0	1	7
-20	0	0	1	0	0	0	0	2	0	0	0	0	0	3	1	0	0	0	0	0	0	0	7
-19	0	0	0	0	1	0	0	1	0	0	0	0	0	3	0	0	0	0	0	0	2	0	5
-18	0	1	32	26	4	0	1	9	2	17	0	2	5	20	0	9	14	6	0	1	46	0	149
-17	0	83	21	19	6	0	10	21	16	32	3	37	20	316	2	14	18	20	5	8	380	1	651
-16	0	8	10	11	0	0	0	1	1	3	0	9	2	28	6	3	3	7	0	4	33	0	96
-15	0	2	2	1	3	0	2	2	0	1	0	7	0	10	0	2	3	0	0	1	11	0	36
-14	0	3	0	0	0	0	0	1	0	0	0	0	1	3	0	0	0	0	0	0	5	0	8
-13	1	1	1	1	0	0	0	0	0	1	0	0	0	0	0	1	0	1	0	0	1	0	7
-12	0	2	1	0	0	0	0	1	0	0	0	0	0	0	0	2	1	1	0	0	2	0	8
-11	0	0	0	0	0	0	0	6	0	0	0	0	2	0	0	0	0	1	0	0	1	0	9
-10	2	0	1	0	0	0	0	0	0	1	0	0	0	0	1	1	1	0	0	0	1	0	7
-9	0	0	0	0	0	0	0	1	0	1	0	0	0	0	0	0	2	0	1	0	1	0	5
-8	0	0	0	0	0	0	1	0	0	0	0	1	0	0	1	0	1	0	0	0	0	0	4
-7	1	0	0	1	0	0	1	2	0	0	0	1	2	0	0	1	0	1	0	0	0	0	10
-6	0	0	0	0	0	0	0	0	0	0	0	0	0	0	0	2	1	1	0	1	2	0	5
-5	0	0	1	0	0	0	0	0	0	1	0	0	0	0	2	0	0	0	0	0	1	0	4
-4	0	0	1	0	0	0	0	1	0	0	0	0	0	0	0	2	2	0	0	0	2	0	6
-3	1	0	0	1	1	0	0	1	2	3	0	0	2	2	0	0	5	1	0	1	4	2	20
-2	40	4	27	23	19	0	4	35	31	52	18	16	10	24	12	27	25	49	0	12	247	31	428
-1	76	7	23	36	25	0	13	54	21	75	31	42	16	30	11	33	34	75	3	19	385	24	624
1	415	34	151	262	129	301	145	335	219	441	73	251	220	278	78	259	229	442	28	102	1424	184	4392
2	65	9	25	45	24	61	25	88	42	73	15	36	46	46	15	36	64	79	6	15	293	44	815
3	5	3	5	11	4	11	1	8	5	17	6	5	3	16	0	8	10	16	3	5	51	1	142
4	5	0	0	1	0	1	0	1	1	1	0	1	2	1	0	0	0	2	1	0	2	0	17
5	0	0	0	1	0	0	0	0	0	2	2	4	2	0	0	0	0	0	0	0	1	0	11
6	0	0	0	0	1	0	0	0	0	0	1	0	0	1	0	0	0	0	0	0	1	0	3
7	0	3	0	0	0	0	0	0	0	0	0	0	0	0	0	0	0	0	0	0	0	0	3
8	1	0	0	0	0	0	0	0	1	0	0	0	1	0	0	1	0	0	0	0	0	0	4
9	1	0	0	0	0	1	0	0	0	0	0	0	0	0	0	0	0	0	0	0	0	0	2
10	0	0	0	0	0	0	0	0	0	0	0	0	0	0	0	0	0	1	1	0	0	0	2
11	1	0	0	0	0	0	0	1	0	0	0	0	0	0	0	0	0	0	0	0	1	0	2
12	1	0	0	0	0	0	0	0	2	1	0	0	0	0	2	0	1	0	0	1	0	3	8
13	1	0	0	0	1	1	0	0	0	1	0	0	0	0	0	1	0	0	0	0	0	0	5
14	7	0	7	10	3	10	0	2	22	3	5	1	2	0	4	5	1	8	5	100	17	7	195
15	3	0	0	0	2	8	0	3	1	2	9	0	0	2	0	4	1	1	0	14	14	0	50
16	68	6	39	89	13	121	18	28	15	59	1311	43	153	37	18	65	52	68	55	20	462	32	2278
17	42	1	21	20	8	39	4	3	8	15	184	17	37	14	0	15	28	19	4	13	89	2	492
18	3	0	1	8	1	8	0	0	0	7	33	0	6	1	0	4	7	4	1	2	19	0	86
19	0	0	1	1	0	1	0	0	0	2	3	2	1	2	0	1	0	1	0	0	4	0	15
20	0	0	0	0	0	0	0	0	0	0	2	1	0	0	0	1	1	0	0	0	1	0	5
21	0	0	0	0	0	0	0	2	0	1	0	0	0	0	0	2	0	0	0	0	0	0	5
22	13	3	15	4	6	14	0	3	1	6	0	6	6	2	0	10	14	9	0	5	8	0	117
23	1	4	2	2	1	2	0	1	0	1	0	2	4	1	0	5	4	2	0	1	0	0	33
24	3	2	8	8	2	2	0	3	0	5	0	1	1	4	0	6	3	1	0	2	0	0	51
25	0	0	0	0	0	1	1	0	0	1	1	0	2	0	0	0	0	0	0	0	2	0	6
26	1	0	0	0	0	0	0	0	3	0	0	0	1	0	0	0	0	0	0	0	2	1	5
27	2	0	0	1	0	0	0	0	1	0	0	0	0	0	0	1	0	0	0	0	1	0	5
28	1	0	0	3	0	0	4	2	12	0	4	0	0	0	0	2	0	0	0	0	12	0	28
29	0	0	0	1	0	0	0	0	0	0	2	1	0	0	0	0	1	0	1	0	0	0	6
30	1	0	0	0	0	0	0	0	1	0	0	0	1	0	1	0	0	3	0	0	3	0	7
31	0	0	0	0	0	0	0	0	0	0	0	1	0	1	0	0	0	0	2	0	1	0	4
32	6	0	9	9	0	7	0	4	1	2	15	16	4	0	1	5	3	9	70	24	21	1	185
33	1	0	2	2	2	1	0	3	0	1	6	2	1	0	1	0	0	1	12	4	7	0	39
34	0	0	0	0	1	0	0	0	0	1	0	0	0	1	0	0	0	0	0	0	1	0	3
35	0	0	1	0	0	0	0	0	0	0	0	0	0	0	0	0	0	0	0	0	0	0	1
36	0	0	0	0	0	0	0	0	0	0	0	0	0	1	0	1	0	0	0	0	0	0	2
38	9	1	9	8	2	13	2	4	2	24	1	5	10	7	0	8	9	9	1	6	5	1	130
39	5	1	1	4	2	3	0	4	0	1	1	2	2	2	0	1	1	4	0	0	3	0	34
40	0	0	0	2	2	1	0	1	0	0	0	0	0	0	0	0	0	1	0	1	1	0	8
41	1	0	0	0	0	0	0	0	0	0	0	0	0	0	0	0	0	0	0	0	0	0	1
42	8	0	3	3	1	1	0	1	0	1	0	1	0	1	0	35	2	0	0	0	46	0	57
43	3	0	0	0	1	0	0	1	0	0	1	2	0	0	0	7	0	0	0	0	10	0	15
44	1	0	0	1	0	0	0	0	0	0	2	0	0	0	1	0	0	0	0	0	1	0	5
45	0	0	0	0	1	0	0	0	0	0	0	1	1	0	0	0	1	0	0	0	1	0	4
46	0	0	0	0	0	0	0	0	0	0	0	0	0	0	0	0	0	0	2	2	0	0	4
47	0	0	0	1	0	0	0	0	0	1	0	0	0	0	0	0	0	0	1	0	0	0	3
48	0	0	0	0	0	0	0	1	0	0	0	1	0	0	0	0	0	0	8	0	2	0	10
49	0	0	0	0	1	0	0	0	0	0	0	0	0	0	0	0	0	0	0	0	0	0	1
52	0	1	1	0	0	0	0	0	0	0	0	1	1	0	0	0	0	0	0	0	1	0	4
53	4	1	3	3	3	6	0	0	1	0	1	0	1	0	0	9	2	1	0	1	3	0	36
54	1	0	0	1	0	2	1	1	0	0	0	0	0	0	1	1	0	0	0	0	4	0	8
55	1	0	0	0	0	0	0	0	0	0	0	1	0	0	0	0	0	1	0	0	1	0	3
56	1	0	0	0	0	0	0	0	0	0	0	0	0	0	0	0	0	0	0	0	1	0	1
57	4	0	0	1	1	8	1	0	0	7	6	0	2	2	0	0	2	7	0	0	32	3	41
58	2	0	0	0	0	0	1	0	0	3	1	0	1	1	0	5	0	1	0	0	13	0	15
59	0	0	0	1	0	0	0	0	0	0	0	0	0	0	0	0	0	0	0	0	0	0	1
60	0	0	0	0	0	0	0	0	0	0	0	0	2	0	0	1	0	0	0	1	1	0	4
61	2	0	0	1	0	1	0	0	0	1	0	1	0	0	1	2	0	0	0	1	1	0	10
62	0	0	0	0	0	1	0	0	0	0	0	0	1	0	0	1	0	0	0	0	0	0	3
63	0	0	0	0	1	0	0	0	0	0	0	0	0	0	0	0	0	0	1	2	1	0	4
64	1	0	0	0	0	0	0	1	0	0	0	0	0	0	0	2	0	0	2	0	2	0	6
66	0	0	0	0	0	0	0	0	0	0	0	0	1	0	0	0	0	0	0	0	0	0	1
67	0	0	0	1	0	0	0	0	0	0	0	0	0	0	0	0	0	0	0	0	0	0	1
68	0	0	0	0	0	1	0	0	1	0	0	0	0	0	0	0	0	1	0	0	0	1	3
69	0	0	0	1	0	0	0	0	1	0	0	0	0	0	0	0	0	0	0	0	1	0	2
70	0	0	1	0	0	0	0	0	0	1	0	0	0	0	0	1	0	0	0	0	1	0	3
71	0	0	0	0	0	0	0	0	0	0	0	2	0	0	0	0	0	1	0	3	0	0	6
72	0	0	0	0	1	1	0	0	0	0	0	0	0	0	0	0	0	0	0	2	0	0	4
73	0	0	0	0	1	0	0	0	0	0	0	0	0	0	0	0	0	0	0	0	0	0	1
74	0	0	0	2	0	0	1	0	0	0	0	0	0	0	0	1	0	0	0	0	2	0	4
76	0	0	0	0	0	1	0	0	0	1	0	0	0	0	0	0	0	0	0	0	0	0	2
77	0	1	0	0	0	0	0	0	0	0	0	0	1	0	0	0	0	0	0	0	1	0	2
78	0	0	0	0	0	0	0	0	0	0	0	0	1	0	0	0	0	0	0	0	0	0	1
79	0	0	0	0	0	0	0	0	0	0	0	0	0	0	0	0	0	0	0	1	0	0	1
81	0	0	0	0	0	0	0	0	3	0	1	1	0	0	0	0	0	0	0	0	3	0	5
82	0	0	0	0	0	0	0	0	2	1	0	0	0	0	0	0	0	0	0	0	3	0	3
83	0	0	0	0	0	1	0	0	0	0	0	0	0	0	0	1	0	0	0	0	0	0	2
84	0	0	0	0	0	0	0	0	0	3	0	0	0	1	0	1	0	1	0	0	1	0	6
85	0	0	0	0	0	1	0	0	0	0	0	0	0	1	1	1	0	0	0	0	0	1	4
86	0	1	0	0	0	0	0	0	1	2	0	0	0	0	0	0	0	0	0	0	0	0	4
87	0	0	0	0	0	0	0	0	0	0	0	0	0	0	0	0	0	0	0	1	1	0	1
90	0	0	1	1	0	0	0	0	0	1	0	0	0	0	0	0	0	0	0	0	0	0	3
91	0	0	0	0	0	0	0	0	0	0	1	0	0	0	0	0	0	0	0	0	0	0	1
92	0	0	0	0	0	0	0	0	0	0	0	0	0	0	0	1	0	0	0	0	1	0	1
93	0	0	0	0	0	0	0	0	0	0	0	1	0	0	0	0	0	0	0	0	0	0	1
94	0	0	0	0	0	0	0	0	0	0	0	0	0	0	1	0	0	0	0	0	0	0	1
96	0	0	0	1	1	0	0	0	0	0	0	0	0	0	0	0	0	0	0	0	0	0	2
98	0	0	0	1	0	0	0	0	0	0	0	0	0	0	0	0	0	0	0	0	1	0	1
99	0	0	0	0	0	1	0	0	0	0	0	0	0	0	0	0	0	0	0	0	0	0	1
103	0	0	0	1	0	0	0	0	1	0	0	0	0	0	0	0	0	0	0	0	0	0	2
106	0	0	0	0	0	2	0	2	0	0	0	0	0	0	0	0	0	0	0	0	2	0	4
107	0	0	1	0	0	0	0	0	0	0	1	0	0	0	0	0	0	0	0	0	0	0	2
109	0	0	0	0	0	0	0	0	0	1	0	0	0	0	0	0	0	0	0	0	0	0	1
110	0	0	1	0	0	0	0	0	0	2	0	0	0	0	0	0	0	0	0	0	0	0	3
111	0	0	1	0	1	0	0	0	0	0	0	0	0	0	0	1	0	0	0	0	0	0	3
112	0	0	0	0	0	0	0	0	0	0	0	0	0	0	0	0	2	0	0	0	0	0	2
113	0	0	0	0	0	1	0	0	1	0	0	0	0	0	0	0	0	2	0	1	2	0	5
115	0	0	0	0	0	0	0	0	0	0	0	0	0	0	0	0	0	4	0	0	4	0	4
117	0	0	0	0	0	0	0	0	0	0	0	0	0	0	0	0	0	1	0	0	0	0	1
118	0	1	0	0	0	0	0	0	0	0	0	0	0	0	0	0	0	0	0	0	0	0	1
120	0	0	0	0	0	0	0	0	1	0	0	0	0	0	0	0	0	0	0	0	0	0	1
124	0	0	0	0	0	0	0	0	0	0	0	0	0	0	0	0	0	1	0	0	1	0	1
125	0	0	0	0	0	0	0	0	0	1	0	0	0	0	0	0	0	0	0	0	1	0	1
128	7	0	2	0	2	1	0	3	1	0	0	2	5	0	0	0	1	0	0	0	9	1	24
129	0	0	0	8	2	3	0	1	1	1	0	0	2	0	0	4	0	0	0	0	2	8	22
130	0	0	1	4	0	0	0	0	0	0	0	0	0	0	0	0	0	0	0	0	0	4	5
131	0	0	0	0	0	0	0	0	0	1	0	0	0	0	0	0	0	0	0	0	0	0	1
132	0	0	0	0	0	0	0	0	0	1	0	0	0	0	0	0	0	0	0	0	0	0	1
133	0	0	0	0	0	0	0	0	1	0	0	0	0	0	0	0	0	0	0	0	0	0	1
134	1	0	0	0	0	0	0	1	0	0	0	0	0	0	0	0	0	0	0	0	0	0	2
136	0	0	0	0	0	0	0	0	0	0	0	0	0	1	0	0	0	0	0	0	1	0	1
137	1	0	0	0	0	0	0	0	0	0	0	0	0	0	0	0	0	0	0	0	0	0	1
142	0	0	0	0	0	0	0	0	0	0	0	0	0	0	0	0	0	1	0	2	1	0	3
143	0	0	0	0	0	3	0	0	0	0	0	0	0	0	0	1	0	1	0	0	1	0	5
144	0	0	0	0	0	1	0	0	0	0	0	0	0	0	0	1	2	1	0	0	2	0	5
145	0	0	0	0	0	0	0	0	0	0	0	0	1	0	0	0	0	0	0	0	0	0	1
146	0	0	0	0	0	0	0	1	1	0	0	0	0	0	0	0	0	0	0	0	1	0	2
147	0	0	0	0	0	0	0	0	0	0	0	0	0	0	0	1	1	0	0	0	0	0	2
148	0	0	0	0	0	0	0	0	0	0	0	1	0	0	0	0	0	0	0	0	1	0	1
149	0	0	0	0	0	0	0	0	0	0	0	1	0	0	0	0	0	0	1	0	1	0	2
152	0	0	0	0	0	0	0	0	0	0	0	1	0	0	0	0	0	0	0	0	1	0	1
153	0	0	0	0	0	0	0	0	0	0	0	0	1	0	0	0	0	0	0	0	0	0	1
154	0	0	0	0	0	0	0	2	2	0	1	0	0	1	0	0	1	0	0	0	3	2	7
155	1	0	0	0	0	0	0	2	0	0	0	0	0	0	0	0	0	0	0	0	3	0	3
156	5	0	1	0	0	1	0	1	6	2	1	0	0	1	0	4	1	2	0	2	10	6	27
157	0	0	0	0	0	0	0	0	0	0	0	0	0	0	0	0	0	1	0	0	0	0	1
159	0	0	0	0	0	0	0	0	0	0	0	0	0	0	0	0	1	1	0	0	0	0	2
160	0	0	1	0	0	0	0	1	0	0	0	0	0	0	1	0	0	0	0	0	1	0	3
161	0	0	0	0	0	0	0	0	0	0	0	0	0	0	0	0	0	0	1	0	0	0	1
162	0	0	0	0	0	0	1	0	0	0	0	0	0	0	1	0	0	0	0	0	0	0	2
171	1	0	0	0	0	0	0	0	0	4	0	0	0	0	0	0	0	0	0	0	0	0	5
172	2	0	1	0	0	0	0	0	0	0	0	1	0	0	0	0	0	1	0	0	0	0	5
174	0	0	0	0	0	0	0	0	0	0	0	0	0	0	0	1	0	0	0	0	0	0	1
178	0	0	0	0	0	0	0	1	0	0	0	0	0	0	0	0	0	0	0	0	0	0	1
179	0	0	0	0	0	0	0	0	0	0	0	0	0	0	0	0	0	0	0	1	0	0	1
180	0	0	0	0	0	0	0	1	0	0	0	0	0	0	0	0	0	0	0	0	1	0	1
181	0	0	0	0	0	0	0	3	0	0	0	1	0	0	0	0	0	0	0	0	3	0	4
183	0	0	1	0	0	0	0	0	0	0	0	0	0	0	0	0	0	0	0	0	0	0	1
186	0	0	0	0	0	0	0	0	0	0	0	0	0	0	0	0	0	1	0	0	0	0	1
188	0	0	0	0	0	0	0	0	1	0	0	0	0	0	0	0	0	0	0	0	0	0	1
189	0	0	0	0	0	0	0	0	0	0	0	0	0	1	0	0	0	0	0	0	0	0	1
191	0	0	0	0	0	0	0	0	0	1	0	0	0	0	0	0	0	0	0	0	0	0	1
196	1	0	0	0	0	0	0	0	0	0	0	0	0	0	0	0	0	0	0	0	0	0	1
197	0	0	1	0	0	2	0	0	0	0	0	0	0	0	0	0	0	0	0	0	2	0	3
198	1	0	0	0	0	0	0	0	0	0	0	0	0	0	0	0	0	0	0	0	0	0	1
