 	A	C	D	E	F	G	H	I	K	L	M	N	P	Q	R	S	T	V	W	Y	Nterm	Cterm	Sum
-122	0	0	0	0	0	0	0	0	0	0	0	0	0	0	0	0	0	0	1	0	0	0	1
-113	0	0	0	0	0	0	0	0	0	0	0	0	0	0	0	0	0	0	1	0	0	0	1
-105	0	0	0	0	0	0	0	0	0	0	0	0	0	0	0	0	0	0	0	1	0	0	1
-103	0	0	0	0	0	0	0	0	0	0	0	0	0	0	0	0	0	0	1	0	0	0	1
-100	0	0	0	0	0	0	0	0	0	0	0	0	0	0	0	0	0	0	1	0	0	0	1
-99	0	0	0	0	0	0	0	0	0	0	0	0	0	0	5	0	0	0	0	0	0	1	5
-98	0	0	0	0	0	0	0	0	0	0	0	0	0	0	1	0	0	0	0	0	0	1	1
-94	0	0	0	0	0	0	0	0	0	0	0	0	0	0	0	0	0	0	1	0	0	0	1
-93	0	0	0	0	0	0	0	0	0	0	0	0	0	0	0	0	0	0	1	0	0	0	1
-92	0	2	0	0	0	0	0	0	0	0	0	0	0	0	0	0	0	0	0	0	0	0	2
-89	0	0	0	0	0	0	0	0	0	0	0	0	0	0	1	0	0	0	0	0	0	1	1
-83	0	0	0	0	0	0	0	0	0	0	0	0	0	0	1	0	0	0	0	1	0	0	2
-78	0	0	0	0	1	0	0	0	0	0	0	0	0	0	0	0	0	0	0	0	0	0	1
-77	0	0	0	0	0	0	0	0	0	0	0	0	0	0	1	0	0	0	0	1	0	1	2
-71	0	0	0	0	0	0	0	0	1	0	0	0	0	0	1	0	0	0	0	0	2	0	2
-70	0	0	0	0	0	0	0	0	0	0	0	0	0	0	0	0	0	0	0	1	0	0	1
-69	0	0	0	0	0	0	0	0	0	0	2	0	0	0	0	0	0	0	0	1	0	0	3
-67	0	0	0	1	0	0	0	0	0	0	0	0	0	0	1	0	0	0	0	0	0	0	2
-66	0	0	0	1	0	0	0	0	1	0	1	0	0	0	0	0	0	0	0	0	0	0	3
-65	0	0	0	1	0	0	0	0	0	0	0	0	0	2	0	0	0	0	0	0	1	0	3
-64	0	0	0	1	0	0	0	0	0	0	0	0	0	0	0	0	0	0	0	0	0	0	1
-62	0	0	0	1	0	0	0	0	0	0	1	0	0	0	0	0	0	0	0	0	0	0	2
-61	0	3	0	1	3	0	5	0	0	0	0	0	0	0	0	0	0	0	0	0	2	0	12
-60	0	0	0	0	0	0	1	0	0	0	0	0	0	1	0	0	0	0	0	0	0	0	2
-58	0	1	0	1	0	0	0	0	0	0	0	0	0	0	0	0	0	0	1	0	0	0	3
-57	0	0	0	1	0	0	0	0	1	0	0	0	0	0	0	0	0	0	0	0	0	0	2
-56	0	0	0	0	0	0	0	0	0	4	0	0	0	0	0	0	0	0	0	0	0	0	4
-54	0	0	0	0	0	0	1	0	0	0	0	0	0	0	0	0	0	0	0	0	0	0	1
-53	0	0	0	0	0	0	0	0	0	0	0	1	0	0	0	0	0	0	0	0	0	0	1
-52	0	0	0	0	0	0	0	0	0	1	0	0	0	0	0	0	0	0	0	0	0	0	1
-51	0	0	0	0	0	0	0	0	0	0	0	0	0	0	1	0	0	0	0	1	0	0	2
-50	0	0	0	0	3	0	0	0	0	0	0	0	0	0	0	0	0	0	0	0	3	0	3
-49	0	0	0	0	0	0	0	0	1	0	0	1	0	0	0	0	0	0	0	0	0	1	2
-48	0	0	1	2	0	0	0	1	1	3	31	0	0	2	0	0	0	0	0	0	15	1	41
-47	0	0	0	3	0	0	0	0	1	1	1	1	0	0	0	0	0	0	0	0	2	1	7
-45	0	0	1	0	0	0	0	0	1	0	0	0	0	0	1	0	0	0	0	0	1	1	3
-43	0	1	1	0	0	0	1	0	0	0	0	0	0	1	0	0	2	0	0	0	1	0	6
-42	0	0	0	0	0	0	0	0	0	0	0	1	0	0	0	0	0	0	0	0	0	0	1
-41	0	0	0	0	0	0	0	0	0	0	1	0	0	0	0	0	0	0	0	0	0	0	1
-40	0	0	0	0	0	0	0	0	2	0	0	0	0	0	0	0	0	0	0	0	0	0	2
-39	0	0	0	0	0	0	0	0	0	0	0	0	0	0	3	0	0	0	0	0	0	3	3
-36	0	0	2	0	0	0	0	0	0	0	0	0	0	0	0	0	3	0	0	0	0	0	5
-35	0	0	0	0	0	0	0	0	0	0	0	3	0	0	0	0	2	0	0	0	0	0	5
-34	0	0	0	0	0	0	0	1	0	0	0	0	0	0	0	0	0	1	0	0	0	0	2
-33	0	0	0	0	0	0	0	0	0	0	0	0	0	0	1	0	0	1	0	0	0	1	2
-32	0	0	0	0	0	0	0	0	0	0	0	0	1	0	0	0	0	0	0	1	0	0	2
-30	0	0	0	0	0	0	0	0	1	0	0	0	0	0	0	0	0	0	0	0	0	0	1
-29	0	0	0	0	2	0	0	0	1	0	0	0	0	0	0	0	0	0	0	0	2	0	3
-28	0	0	0	0	0	0	0	0	0	1	0	0	1	1	0	0	0	0	0	0	0	0	3
-26	0	0	0	0	0	0	0	0	0	0	0	1	0	0	0	0	0	0	0	0	0	0	1
-25	0	0	0	9	0	0	0	1	0	0	0	0	0	0	0	0	0	0	0	0	0	0	10
-24	0	0	1	0	0	0	0	0	0	1	0	0	0	0	0	0	0	0	0	0	1	0	2
-22	0	0	0	0	0	0	0	0	0	0	1	0	1	0	0	0	1	0	0	0	0	0	3
-21	0	0	0	0	0	0	0	0	0	2	0	0	0	0	0	0	1	0	0	1	0	0	4
-19	0	0	0	0	0	0	0	0	0	0	0	0	2	2	0	1	0	0	0	0	2	0	5
-18	0	1	59	44	6	0	4	10	2	21	11	2	15	50	0	19	32	16	2	6	82	1	300
-17	0	25	22	7	4	0	2	11	12	17	2	49	20	125	2	9	34	14	6	12	172	4	373
-16	0	4	7	6	0	0	0	3	3	2	1	5	3	32	0	5	7	0	0	0	33	0	78
-15	0	0	2	0	0	0	0	1	0	1	2	1	0	5	0	0	1	2	1	1	5	0	17
-14	0	1	0	0	0	0	0	0	1	0	0	1	0	1	0	0	0	0	0	0	0	0	4
-13	0	0	0	0	1	0	0	0	1	1	0	2	0	0	0	0	0	0	0	0	2	0	5
-11	0	0	0	0	0	0	0	0	0	1	0	0	0	0	0	0	0	1	0	0	1	0	2
-10	0	0	1	1	0	0	0	0	0	0	0	0	0	0	0	0	0	0	0	0	1	0	2
-9	1	0	0	0	0	0	0	1	0	0	0	0	0	0	0	0	0	0	0	0	0	0	2
-8	0	0	1	1	0	0	0	0	0	0	0	0	0	0	0	0	0	0	0	0	1	0	2
-7	0	0	0	0	0	0	0	0	0	1	0	0	0	0	1	0	0	0	0	0	1	0	2
-6	0	0	1	0	0	0	0	0	0	0	0	0	0	0	0	0	0	0	0	0	0	0	1
-5	0	0	0	2	0	0	0	0	0	0	0	1	0	1	0	0	0	0	0	0	0	0	4
-4	1	0	0	0	0	0	0	0	0	0	1	0	2	0	2	0	0	0	0	0	1	1	6
-3	0	0	0	3	0	0	0	1	1	0	0	1	0	0	0	2	0	1	0	0	3	0	9
-2	8	2	5	9	6	0	1	7	2	18	231	7	2	10	3	6	5	10	6	5	268	3	343
-1	24	6	7	24	9	0	6	33	11	31	53	8	8	10	6	20	16	19	1	11	176	8	303
1	635	44	230	349	158	333	125	502	226	594	132	415	227	350	60	289	329	548	38	173	1490	136	5757
2	87	8	33	40	20	46	17	63	26	48	14	49	37	42	3	42	61	64	6	12	139	9	718
3	3	1	1	0	0	2	1	1	3	7	1	2	1	3	1	2	1	1	0	0	1	0	31
4	0	0	1	1	1	0	0	0	0	0	0	0	0	0	0	0	2	0	24	0	8	0	29
5	0	0	2	1	0	2	0	1	0	1	0	0	0	1	0	0	0	0	6	0	1	0	14
6	1	0	0	1	0	0	0	0	0	0	0	0	0	0	0	0	0	0	1	0	0	0	3
7	0	2	1	0	0	0	0	1	0	0	0	0	0	0	0	1	0	0	0	0	0	0	5
8	0	1	0	0	0	0	0	0	1	0	0	0	0	0	0	0	0	0	0	0	0	0	2
10	0	0	0	0	0	0	0	0	0	0	0	0	1	0	0	0	0	0	0	0	1	0	1
11	1	0	0	0	0	0	0	0	0	0	0	0	0	0	0	0	0	0	0	0	0	0	1
12	0	0	0	0	1	0	0	2	0	0	0	3	3	1	1	0	0	0	10	0	16	1	21
13	0	0	0	0	0	0	0	2	0	0	0	0	1	0	0	0	0	0	0	0	1	0	3
14	0	0	1	2	0	0	0	0	2	0	5	0	0	1	0	0	0	0	1	0	6	0	12
15	0	0	0	3	0	0	0	0	2	2	4	0	0	0	0	0	0	0	5	0	8	0	16
16	50	8	27	58	11	89	6	16	12	32	1127	24	45	19	5	33	39	48	177	19	430	13	1845
17	33	2	10	17	4	22	3	5	5	8	143	14	7	5	0	11	14	10	41	4	102	0	358
18	3	2	2	0	0	4	0	1	0	2	19	0	0	0	0	0	0	4	6	2	20	0	45
20	0	0	0	2	0	0	0	0	1	0	0	0	0	0	1	0	0	0	0	0	1	0	4
21	0	4	0	0	0	0	0	0	0	0	0	0	0	0	0	0	0	0	0	0	0	0	4
22	43	13	35	56	12	48	1	26	1	27	12	18	32	21	0	29	21	28	1	5	13	0	429
23	12	1	3	11	2	12	0	3	1	7	0	12	14	2	0	8	8	6	0	1	2	0	103
24	1	1	3	16	0	4	0	1	1	1	0	0	3	0	0	1	1	3	0	0	0	0	36
25	1	0	0	1	0	0	0	0	0	0	0	0	1	1	0	0	0	0	0	0	0	0	4
26	0	0	0	0	0	0	0	0	0	1	0	0	0	0	0	0	0	0	0	0	0	0	1
27	0	0	0	0	0	0	0	0	0	0	0	0	0	0	0	0	1	0	0	0	0	0	1
28	1	0	0	1	0	0	0	0	2	0	3	0	1	0	0	0	0	0	0	0	4	1	8
29	0	0	0	0	0	0	0	0	0	0	0	0	0	0	0	0	0	0	1	0	1	0	1
30	0	0	0	0	0	0	0	0	0	1	0	0	0	0	0	0	0	0	0	0	0	0	1
32	2	0	2	9	1	3	1	2	0	3	6	1	3	0	0	4	2	4	109	0	20	0	152
33	3	1	0	1	0	2	0	0	0	0	2	5	0	2	0	3	3	3	27	2	10	0	54
34	2	0	0	2	0	0	2	0	0	0	1	2	1	0	0	0	1	1	1	0	1	0	13
35	0	0	1	0	0	3	1	0	0	0	0	0	0	0	0	0	0	0	0	0	1	0	5
36	0	0	0	0	0	0	0	0	1	0	0	0	0	1	0	0	0	0	0	0	0	1	2
37	0	0	0	0	0	0	0	0	0	0	0	0	0	3	0	0	0	0	0	0	0	0	3
38	29	0	6	8	0	8	0	5	0	12	0	2	9	0	0	5	6	6	1	5	0	0	102
39	0	1	1	6	0	4	0	2	0	0	0	0	1	1	1	1	0	2	0	0	3	0	20
40	0	0	0	0	0	0	0	0	0	1	0	0	1	0	0	0	1	0	0	0	0	0	3
42	6	1	0	0	0	0	0	0	0	1	0	2	0	2	0	32	0	1	0	0	38	0	45
43	1	1	1	0	0	0	0	0	0	0	0	0	0	0	0	6	0	0	0	0	7	0	9
44	0	0	0	0	0	0	0	0	0	0	0	0	0	0	2	0	0	0	0	0	0	0	2
45	0	0	0	0	0	0	0	0	0	1	0	0	0	0	0	0	0	0	0	0	0	0	1
48	0	0	0	0	0	2	0	0	0	0	2	0	0	0	0	0	0	0	1	0	0	0	5
49	0	0	1	0	0	0	1	0	0	0	2	0	0	1	0	0	1	0	0	0	0	0	6
51	0	0	0	0	0	0	0	0	0	2	0	0	0	0	0	0	0	0	0	0	0	0	2
52	0	0	0	0	0	0	0	0	0	0	0	0	0	0	1	0	0	0	0	0	0	1	1
53	2	0	0	3	0	0	0	0	0	0	0	0	0	0	0	0	0	0	0	0	0	0	5
54	0	0	0	0	0	0	0	0	0	0	1	0	0	0	0	0	0	1	0	0	1	0	2
55	2	0	0	0	0	0	0	0	0	0	6	0	0	0	0	0	0	0	0	0	7	0	8
56	0	0	0	0	0	2	0	0	0	0	3	0	0	1	0	0	0	0	0	0	5	0	6
57	32	0	4	2	1	18	7	5	1	7	1	0	5	3	1	4	4	16	0	1	98	0	112
58	5	1	0	1	0	8	1	1	0	2	2	0	3	0	3	1	0	2	1	1	25	0	32
59	1	0	0	0	0	0	0	0	0	0	0	1	0	0	0	0	0	1	0	1	2	0	4
60	1	0	0	0	0	0	0	0	0	0	0	0	0	0	0	0	0	0	3	0	4	0	4
61	0	0	0	0	0	0	0	0	0	0	2	0	0	0	0	0	0	0	0	0	0	0	2
63	1	0	0	0	0	0	0	1	0	0	0	0	0	0	0	0	0	0	0	0	0	0	2
64	2	0	0	0	0	0	0	0	0	1	0	0	0	0	0	3	0	0	1	2	5	0	9
65	0	0	0	0	0	0	0	0	0	0	0	0	0	0	0	1	0	0	0	0	0	0	1
69	0	0	0	0	0	0	0	0	0	0	0	0	0	1	0	0	0	0	0	0	1	0	1
70	1	0	1	0	0	0	0	0	0	0	0	0	0	0	0	0	0	0	0	0	1	0	2
71	0	0	0	1	0	0	0	0	0	0	0	0	0	0	0	0	0	0	0	0	0	0	1
72	0	0	0	0	0	1	0	0	0	0	0	0	0	0	0	0	0	0	0	0	1	0	1
79	0	0	0	0	0	0	0	0	0	0	0	0	0	0	0	1	0	0	0	1	0	0	2
84	0	0	0	0	0	0	0	0	0	2	0	0	0	0	0	1	0	0	0	0	0	0	3
85	0	0	0	0	0	1	0	0	0	0	0	0	0	0	0	0	0	0	0	0	1	0	1
86	0	0	0	0	0	0	0	0	0	0	0	0	0	0	0	0	0	1	0	0	0	0	1
87	0	0	0	0	0	0	0	0	0	0	0	0	0	0	0	0	0	2	0	0	1	0	2
88	0	0	0	1	0	0	0	0	0	0	0	0	0	0	0	0	0	1	0	0	2	0	2
89	0	0	0	0	0	2	0	0	0	0	0	0	1	0	0	0	0	0	0	0	0	0	3
93	1	0	0	0	0	0	0	1	0	0	0	0	0	0	0	0	0	0	0	0	1	0	2
95	0	0	0	0	0	0	0	0	0	0	0	0	0	0	0	0	0	1	0	0	0	0	1
97	0	0	0	0	0	0	0	0	0	0	0	0	1	0	0	0	0	0	0	0	0	0	1
98	0	0	0	0	0	0	0	0	0	0	0	0	0	1	0	0	0	0	0	0	0	0	1
100	1	0	0	0	0	0	0	0	0	0	0	0	0	0	0	0	0	0	0	0	0	0	1
101	0	1	0	0	0	0	0	0	0	0	0	0	0	0	0	0	0	0	0	0	0	0	1
102	0	0	0	0	0	0	0	0	0	1	0	0	0	0	0	0	0	0	0	0	0	0	1
106	0	0	0	0	0	0	0	1	0	0	0	0	0	0	0	0	0	0	0	0	0	0	1
108	0	1	0	0	0	0	0	0	0	1	0	0	0	0	0	0	0	0	0	0	0	0	2
109	1	0	0	0	0	0	0	0	0	0	0	0	0	0	0	0	0	0	0	0	1	0	1
111	0	0	1	2	0	2	0	0	0	0	0	0	0	0	0	1	0	0	0	1	2	1	7
112	0	0	1	3	0	0	0	0	0	0	0	1	0	0	0	0	0	0	0	0	0	1	5
114	0	0	0	3	0	0	0	0	0	0	0	0	0	0	0	0	0	0	0	0	0	1	3
115	0	0	0	3	0	0	0	0	0	0	0	0	0	0	0	0	0	0	0	0	0	3	3
116	0	0	1	2	0	0	0	0	0	0	0	0	0	0	0	0	2	0	0	0	1	2	5
117	0	0	0	0	0	0	0	0	0	0	0	0	1	0	0	0	0	0	0	0	0	0	1
118	0	0	0	0	0	0	0	0	0	1	0	0	0	0	0	0	0	0	0	0	0	0	1
120	0	0	0	0	0	0	0	0	0	1	0	0	0	0	0	0	0	0	0	0	0	0	1
127	0	0	0	0	0	0	0	0	0	1	0	0	0	0	0	0	0	0	0	0	0	0	1
128	5	0	0	0	2	1	0	1	2	0	0	1	3	0	0	0	1	1	0	0	7	2	17
129	0	0	1	23	0	1	0	1	1	0	0	1	0	0	0	8	0	0	0	0	0	24	36
130	0	0	0	7	0	0	0	0	0	0	0	0	0	0	0	2	0	0	0	0	0	7	9
133	0	0	0	0	0	1	0	0	0	0	0	0	0	0	0	0	0	0	0	0	0	0	1
140	0	0	0	0	0	0	0	0	1	0	0	0	0	0	0	0	0	0	0	0	0	0	1
144	0	0	0	0	0	0	0	0	0	0	1	0	0	0	0	0	0	0	0	0	0	0	1
145	0	0	0	1	0	0	0	0	0	0	0	1	0	1	0	0	0	1	0	0	2	0	4
147	0	0	3	0	0	0	0	0	0	0	0	3	0	0	0	0	0	0	0	0	4	0	6
148	0	0	1	0	0	0	0	0	0	0	0	0	0	1	0	0	0	0	0	0	0	0	2
151	0	0	0	2	0	0	0	0	0	0	0	0	0	0	0	4	0	0	0	0	0	0	6
152	0	5	0	0	0	0	0	0	0	0	0	0	0	0	0	1	0	0	0	0	0	0	6
153	0	2	0	0	0	0	0	0	0	0	0	0	0	0	0	0	0	0	0	0	0	0	2
156	11	0	1	0	0	1	0	2	3	10	5	1	2	0	0	4	1	7	0	1	18	3	49
157	2	0	0	0	0	0	0	2	0	1	0	0	1	0	0	0	0	1	0	1	2	0	8
158	0	0	0	0	0	0	0	0	0	0	0	0	0	0	2	0	0	0	0	0	0	0	2
161	0	0	1	0	0	0	0	0	0	0	0	0	0	0	0	0	0	0	0	0	0	0	1
164	0	0	0	0	0	0	0	0	1	0	0	0	0	0	0	0	0	0	0	0	1	0	1
165	0	0	0	0	0	0	0	0	0	0	0	0	1	1	0	0	0	0	0	0	1	0	2
167	2	0	2	1	0	0	0	0	0	0	0	0	0	0	0	3	0	0	0	0	0	1	8
168	1	0	0	0	0	1	0	0	0	0	0	0	0	0	0	1	0	0	0	0	0	0	3
172	0	0	0	0	0	0	0	0	0	0	0	0	0	0	0	0	1	0	0	0	0	0	1
173	0	0	0	1	0	0	0	0	0	0	1	0	0	0	0	0	0	0	0	0	1	0	2
179	0	0	0	0	0	0	0	0	0	0	0	0	0	0	0	0	0	1	0	0	0	0	1
181	0	0	0	0	0	0	0	1	0	0	0	0	0	0	1	0	0	0	0	0	1	0	2
182	0	0	0	0	0	0	0	0	0	3	0	0	0	0	0	1	0	0	0	0	3	0	4
183	0	0	0	3	0	0	0	0	0	0	0	0	0	0	0	0	0	0	0	0	0	0	3
184	0	0	0	0	0	1	0	0	0	0	0	0	0	0	0	0	0	0	0	0	0	0	1
189	0	0	0	0	0	0	0	0	3	0	0	0	0	0	0	0	0	0	0	0	0	0	3
190	0	0	0	0	0	0	0	0	1	1	0	0	0	0	0	0	0	0	0	0	0	0	2
191	1	0	0	0	0	0	0	0	0	0	0	1	0	0	0	1	0	0	0	0	1	0	3
192	0	0	0	0	0	0	0	0	0	0	1	0	0	0	0	0	0	0	0	0	1	0	1
195	0	0	0	1	0	0	0	0	0	0	0	0	0	0	0	0	0	0	0	0	0	0	1
