 	A	C	D	E	F	G	H	I	K	L	M	N	P	Q	R	S	T	V	W	Y	Nterm	Cterm	Sum
-126	0	0	0	0	0	0	0	0	0	0	0	0	0	0	0	0	0	0	1	0	0	0	1
-112	0	0	0	0	0	0	0	0	0	0	0	0	0	0	0	0	0	0	2	0	0	0	2
-110	0	0	0	0	0	0	0	0	0	0	0	0	0	0	0	0	0	0	1	0	0	0	1
-107	0	0	0	0	0	0	0	0	0	0	0	0	0	0	0	0	0	0	1	0	0	0	1
-102	0	2	0	0	0	0	0	0	0	0	0	0	0	0	0	0	0	0	0	0	0	0	2
-100	0	1	0	0	0	0	0	0	0	0	0	0	0	0	0	0	0	0	0	0	0	0	1
-99	0	0	0	0	0	0	0	0	0	0	0	0	0	0	2	0	0	0	0	0	0	2	2
-96	0	0	0	0	0	0	0	0	0	0	0	0	0	0	1	0	0	0	0	0	0	0	1
-90	0	0	0	0	1	0	0	0	0	0	0	0	0	0	0	0	0	0	0	0	0	0	1
-89	0	0	0	0	0	0	0	0	0	0	0	0	0	0	2	0	0	0	0	1	0	0	3
-88	0	0	0	0	1	0	0	0	0	0	0	0	0	0	0	0	0	0	0	1	1	0	2
-86	0	0	0	0	0	0	0	0	0	0	0	0	0	0	4	0	0	0	0	0	0	4	4
-84	0	0	0	0	0	0	0	0	0	0	0	0	0	0	1	0	0	0	1	0	0	1	2
-82	0	0	0	0	1	0	0	0	0	0	0	0	0	0	1	0	0	0	0	1	0	0	3
-80	0	0	0	0	0	0	0	0	0	0	0	0	0	0	1	0	0	0	0	0	0	0	1
-79	0	0	0	0	0	0	2	0	0	0	0	0	0	0	0	0	0	0	0	1	0	0	3
-77	0	0	0	0	0	0	0	0	0	0	0	0	0	0	2	0	0	0	0	0	0	2	2
-76	0	0	0	0	0	0	0	0	0	0	0	0	0	0	1	0	0	0	0	0	0	0	1
-75	0	0	0	0	0	0	0	0	0	0	0	0	0	0	1	0	0	0	0	0	0	0	1
-74	0	0	0	0	0	0	0	0	0	0	1	0	0	0	8	0	0	0	0	0	1	1	9
-71	0	0	0	0	0	0	0	0	1	0	0	0	0	0	0	0	0	0	2	0	1	0	3
-70	0	0	0	2	0	0	0	0	0	0	0	0	0	0	0	0	0	0	0	0	0	0	2
-69	0	0	0	0	0	0	1	0	1	0	0	0	0	0	0	0	0	0	0	0	1	0	2
-68	0	0	0	1	2	0	0	0	0	0	0	0	0	0	0	0	0	0	0	0	0	0	3
-66	0	0	0	0	0	0	0	0	1	0	0	0	0	0	0	0	0	0	0	0	0	0	1
-65	0	0	0	0	1	0	0	0	0	0	0	0	0	0	0	0	0	0	0	0	0	0	1
-64	0	0	0	1	0	0	0	0	0	0	0	0	0	0	0	0	0	0	0	0	0	0	1
-63	0	0	0	1	0	0	0	0	1	0	0	0	0	0	0	0	0	0	0	0	1	0	2
-62	0	0	0	0	0	0	0	0	2	0	0	0	0	1	0	0	0	0	0	1	0	1	4
-61	0	0	0	0	0	0	12	0	0	0	0	0	0	0	0	0	0	0	0	0	0	0	12
-60	0	0	0	0	0	0	0	0	0	0	0	0	0	1	0	0	0	0	0	0	0	0	1
-59	0	0	0	0	0	0	0	0	2	0	1	0	0	0	0	0	0	0	0	0	1	0	3
-58	0	0	1	0	0	0	0	0	1	0	0	0	0	0	0	0	0	0	0	0	1	0	2
-57	0	0	0	0	1	0	0	0	1	0	0	0	0	0	0	0	0	0	0	0	0	0	2
-56	0	0	0	0	1	0	0	0	0	1	0	0	0	0	0	0	0	0	0	1	1	0	3
-55	0	0	0	0	0	0	1	0	0	0	0	0	0	0	0	0	0	0	0	1	0	0	2
-54	0	0	0	0	0	0	0	0	0	1	0	0	0	1	0	0	0	0	0	0	0	0	2
-53	0	0	0	0	1	0	0	0	0	0	0	0	0	0	0	0	0	0	0	0	0	1	1
-52	0	0	0	0	0	0	0	1	0	0	1	0	0	0	0	0	0	0	0	0	0	0	2
-51	0	0	0	0	0	0	0	0	0	1	1	1	0	0	0	0	0	0	0	0	1	0	3
-50	0	0	0	1	1	0	0	0	0	0	0	0	0	1	1	0	0	0	0	0	1	0	4
-49	0	0	0	0	0	0	0	0	0	0	4	0	0	0	0	0	0	0	0	0	2	0	4
-48	0	0	3	0	0	0	1	0	0	1	16	0	0	1	0	0	0	0	0	0	8	0	22
-47	0	0	0	0	3	0	0	0	0	0	0	0	0	0	0	0	0	0	0	1	0	0	4
-46	0	0	1	0	0	0	0	0	1	3	1	0	0	0	1	0	0	0	0	1	1	0	8
-45	0	0	0	0	0	0	0	0	0	2	0	0	0	2	0	0	0	0	0	1	0	0	5
-44	0	0	1	1	0	0	0	0	0	1	1	0	0	0	0	0	0	0	1	0	0	0	5
-43	0	0	0	0	0	0	0	0	1	0	0	0	0	0	0	0	0	0	0	0	0	0	1
-42	0	0	0	0	0	0	0	0	0	5	0	0	0	0	0	0	0	0	0	0	0	0	5
-41	0	1	1	0	0	0	0	0	0	0	0	0	0	0	0	0	1	0	0	0	0	0	3
-40	0	0	0	0	0	0	0	0	0	0	0	1	0	0	0	0	1	0	0	0	0	0	2
-39	0	0	1	1	0	0	0	0	2	0	0	0	0	0	3	0	2	0	0	0	0	3	9
-38	0	0	0	0	0	0	0	1	0	0	0	0	0	2	0	0	0	0	0	0	0	0	3
-37	0	0	0	1	1	0	0	0	0	1	0	0	0	0	0	0	0	0	0	0	0	0	3
-36	0	0	0	0	0	0	0	0	0	1	0	1	1	2	0	0	0	0	0	0	1	0	5
-35	0	0	2	0	0	0	0	1	0	0	0	0	1	1	0	0	1	0	1	0	1	0	7
-34	0	0	5	0	0	0	0	0	0	0	0	0	0	1	0	0	4	0	0	1	0	0	11
-33	0	0	0	0	1	0	0	0	0	0	0	0	0	0	0	0	0	0	0	2	2	0	3
-32	0	0	1	1	0	0	0	0	0	0	0	0	0	0	0	0	0	0	0	0	0	0	2
-31	0	0	0	0	0	0	1	0	0	0	0	0	1	0	1	0	1	0	0	0	0	0	4
-30	0	0	1	1	0	0	1	0	0	0	0	0	0	0	0	0	3	0	0	0	0	0	6
-29	0	0	0	0	0	0	0	0	1	0	0	0	0	0	0	1	0	0	0	1	1	0	3
-28	0	0	0	0	0	0	1	0	0	0	2	0	0	0	0	0	0	0	0	0	1	0	3
-27	0	0	0	0	0	0	0	0	0	0	0	0	0	0	0	0	2	0	0	0	0	0	2
-26	0	0	0	0	0	0	1	0	0	1	0	0	0	0	0	0	1	0	0	1	1	0	4
-25	0	2	0	0	1	0	0	0	0	0	0	0	0	0	0	0	0	0	0	0	0	0	3
-24	0	0	0	1	2	0	0	0	0	2	0	0	0	0	1	0	0	0	0	0	0	0	6
-23	0	0	0	0	1	0	0	0	1	0	0	0	0	0	0	0	0	0	0	0	0	0	2
-22	0	0	0	0	0	0	0	0	1	0	0	0	0	1	0	0	0	0	0	0	0	0	2
-21	0	0	0	0	2	0	0	3	1	0	0	0	0	0	0	0	0	0	2	0	0	0	8
-20	0	0	0	1	0	0	0	0	0	0	0	0	0	2	0	0	0	0	0	0	2	0	3
-19	0	0	1	1	0	0	0	0	0	0	0	0	1	4	1	0	2	1	0	0	4	1	11
-18	0	2	10	15	2	0	1	9	2	7	0	5	1	27	0	5	15	3	3	2	39	2	109
-17	0	30	7	7	3	0	5	10	14	16	2	26	8	106	2	9	10	10	13	5	143	3	283
-16	0	8	1	8	0	0	0	4	1	4	2	3	1	14	3	8	7	6	2	2	22	0	74
-15	0	1	2	3	2	0	2	0	1	2	0	6	0	5	0	1	3	2	0	0	6	1	30
-14	0	0	0	2	0	0	0	1	0	0	1	1	0	3	0	1	2	1	0	0	5	0	12
-13	0	0	2	0	0	0	0	1	0	0	0	1	1	1	0	0	0	1	0	0	1	0	7
-12	0	0	1	0	2	0	0	0	1	0	0	1	0	0	1	2	0	2	0	0	1	0	10
-11	0	0	0	0	0	0	0	6	1	1	0	0	0	1	1	1	0	0	0	0	0	0	11
-10	0	0	0	1	0	0	0	1	0	0	0	0	0	0	0	0	0	0	0	0	0	0	2
-9	0	1	1	1	0	0	0	0	1	0	0	0	0	0	2	0	0	0	0	0	0	0	6
-8	0	0	0	1	0	0	0	0	0	0	0	0	0	0	0	0	0	0	0	0	1	0	1
-7	2	0	0	0	0	0	0	1	0	0	0	0	0	0	0	0	0	0	0	0	0	0	3
-6	0	0	0	0	0	0	1	0	1	0	0	0	0	0	0	0	2	0	0	0	1	0	4
-5	0	0	1	0	0	0	0	1	0	0	0	0	0	0	0	1	0	0	0	0	0	0	3
-4	1	1	0	0	0	0	0	0	0	0	0	0	0	0	0	1	0	0	0	0	0	0	3
-3	1	0	0	2	0	0	0	3	2	3	1	0	2	1	0	2	1	4	0	2	8	0	24
-2	47	6	20	19	11	0	6	42	27	46	11	11	9	26	9	24	26	47	3	8	231	20	398
-1	51	8	30	37	16	0	14	51	31	57	32	27	10	33	14	33	29	65	3	10	309	29	551
1	479	57	164	313	144	326	120	349	274	476	103	233	248	300	68	239	292	455	32	101	1466	204	4773
2	88	21	29	51	14	67	34	76	47	74	21	46	38	47	5	47	49	72	0	18	285	25	844
3	14	2	8	8	3	10	1	15	5	16	12	9	11	9	0	5	4	11	0	6	47	1	149
4	1	0	0	2	1	0	1	1	1	3	1	2	1	3	0	1	3	3	0	0	2	1	24
5	1	0	0	0	1	1	0	3	0	1	1	0	0	1	0	2	0	1	1	1	1	0	14
6	0	1	0	2	0	1	0	0	0	1	0	0	2	0	1	0	0	0	0	0	1	0	8
7	0	3	0	0	0	0	0	0	0	0	5	0	0	1	0	0	0	0	0	0	1	0	9
8	0	0	0	1	0	0	0	0	0	1	0	0	0	0	0	0	0	0	0	0	0	0	2
9	0	0	0	0	0	0	0	0	0	0	0	0	0	0	0	0	1	0	0	0	0	0	1
10	1	0	0	0	0	0	0	0	1	0	0	0	0	0	1	0	0	0	0	0	0	1	3
11	1	0	0	0	0	0	0	0	0	1	0	0	0	0	0	1	0	0	0	0	0	0	3
12	0	0	0	0	2	1	0	0	4	0	0	1	0	0	0	2	0	0	3	0	3	0	13
13	0	0	2	0	0	0	0	0	0	0	1	0	0	0	0	2	1	0	0	0	1	0	6
14	10	0	8	9	0	9	0	2	56	9	8	4	3	5	0	2	1	4	9	113	26	6	252
15	3	0	1	4	0	0	1	4	6	5	8	3	3	0	0	0	0	1	1	21	18	0	61
16	46	6	29	95	15	106	9	21	11	62	926	22	104	30	11	38	38	57	45	12	399	18	1683
17	31	3	21	23	6	41	2	11	2	14	152	13	31	14	2	8	20	20	7	5	82	0	426
18	8	0	4	2	0	5	0	0	0	10	19	4	4	4	1	1	0	1	1	1	20	0	65
19	2	0	0	0	0	1	0	0	0	2	2	0	1	1	1	0	1	0	0	0	2	0	11
20	0	0	4	0	0	0	0	0	0	0	2	0	0	0	2	0	0	0	0	0	6	0	8
21	0	0	0	0	0	1	0	1	0	0	0	0	0	0	0	0	2	0	0	0	1	0	4
22	14	3	20	10	4	16	0	1	0	12	0	5	6	4	0	15	9	8	0	4	7	0	131
23	3	3	4	0	0	6	1	4	0	1	0	2	9	1	0	6	1	5	0	0	0	0	46
24	3	0	7	9	6	6	0	1	1	1	0	0	2	1	0	4	5	5	0	4	0	0	55
25	0	1	2	0	1	1	0	0	0	0	0	0	1	0	0	0	0	0	0	2	0	0	8
26	0	0	0	0	0	0	0	0	1	0	0	0	0	0	1	0	0	0	0	0	0	0	2
27	0	0	2	0	0	0	0	0	0	0	0	0	0	0	0	0	1	0	0	0	0	0	3
28	0	0	1	6	0	0	0	5	10	0	2	0	0	0	1	0	0	1	0	0	7	1	26
29	0	0	0	0	0	0	0	1	0	0	0	0	0	0	0	0	2	0	0	0	1	0	3
30	0	0	0	0	0	0	0	0	0	0	0	1	0	1	0	0	0	1	0	0	1	0	3
31	0	0	0	0	0	0	0	0	0	0	0	0	0	0	0	0	0	0	1	0	0	0	1
32	6	0	11	7	1	5	0	2	0	4	5	12	3	2	3	5	0	6	64	18	19	0	154
33	5	0	1	0	1	1	0	1	0	0	0	1	0	1	0	0	2	0	3	3	5	0	19
34	0	0	0	0	0	0	3	0	0	0	0	0	0	0	0	0	0	0	2	0	2	0	5
35	0	0	0	1	0	0	0	0	1	0	0	0	0	0	0	0	0	0	0	1	0	0	3
36	0	0	0	0	0	0	0	1	0	0	0	0	0	0	0	0	0	0	0	0	0	0	1
37	0	0	0	0	0	0	0	0	0	0	0	0	0	0	1	0	0	0	0	0	0	1	1
38	11	0	17	10	2	24	0	13	0	18	2	7	15	5	0	12	9	7	1	0	8	0	153
39	3	0	3	1	1	2	0	2	0	6	0	0	6	0	0	0	4	1	0	0	0	0	29
40	0	0	1	0	2	0	0	0	0	0	1	0	0	2	1	0	0	1	0	0	0	0	8
42	15	0	2	0	2	0	0	2	2	1	9	2	0	3	0	48	2	0	0	0	71	0	88
43	4	0	0	0	0	0	1	3	0	1	0	2	0	1	0	6	0	0	0	0	9	0	18
44	1	0	0	0	0	0	0	0	0	0	2	0	0	0	0	0	0	0	0	1	2	0	4
45	0	0	0	0	0	0	0	0	1	0	1	0	0	0	2	0	0	0	0	0	0	0	4
46	0	0	0	0	0	0	0	0	0	0	0	0	0	0	0	0	0	0	0	1	0	0	1
47	0	0	1	0	0	0	0	0	0	0	0	0	0	0	0	0	0	0	1	0	2	0	2
48	0	0	0	0	0	0	1	0	0	1	0	2	0	0	0	0	0	0	1	0	2	0	5
49	0	0	1	0	0	1	0	1	0	0	0	1	0	0	0	0	0	0	1	0	1	0	5
50	0	0	0	0	0	0	0	1	1	0	0	0	0	0	1	0	0	0	0	0	1	1	3
52	0	0	0	2	0	0	0	0	0	0	0	1	0	0	0	0	0	0	0	0	2	0	3
53	2	0	7	5	2	3	0	4	1	2	1	1	3	1	0	7	2	4	0	2	2	0	47
54	2	0	2	3	0	1	0	0	1	1	0	0	1	0	0	3	0	0	0	0	7	1	14
55	0	0	2	1	0	0	0	0	0	0	0	0	0	0	0	0	0	1	0	0	1	0	4
56	0	0	0	0	0	0	0	0	1	0	0	0	0	0	1	0	0	0	0	0	0	0	2
57	0	0	0	1	0	12	1	0	1	1	3	0	0	3	0	2	2	1	0	0	17	0	27
58	1	0	0	2	0	5	0	0	2	0	2	1	1	3	0	3	0	0	0	0	13	0	20
59	0	0	0	0	1	0	0	0	0	0	0	1	0	0	0	0	0	1	0	0	0	0	3
60	2	0	1	0	0	0	0	0	0	0	0	0	0	0	0	0	0	0	0	0	0	0	3
61	1	0	0	0	1	0	0	0	0	3	0	0	0	0	0	1	0	0	0	0	1	0	6
62	1	0	1	0	0	0	0	0	0	0	0	0	1	0	0	0	0	0	0	0	0	0	3
63	0	0	0	0	0	0	0	0	0	1	0	0	0	0	0	1	0	0	0	0	0	0	2
64	3	0	0	0	0	1	0	1	0	0	0	0	0	0	0	2	0	0	1	0	1	0	8
65	0	0	0	1	2	1	0	0	0	0	0	0	0	0	0	0	0	0	0	1	2	0	5
66	0	0	0	0	0	0	0	0	0	0	0	0	0	1	0	0	1	0	0	0	0	0	2
67	0	0	0	1	1	0	0	0	0	1	0	0	0	0	0	0	0	0	0	0	0	0	3
68	0	0	0	0	0	0	0	0	0	0	0	0	0	0	1	0	0	0	0	0	0	1	1
69	0	0	0	1	0	0	0	3	0	0	0	0	0	0	0	0	0	0	0	0	0	0	4
70	0	0	1	0	0	0	0	0	0	0	0	0	0	0	0	0	0	1	0	0	0	0	2
71	1	0	0	0	0	0	0	0	0	0	0	1	0	0	0	1	0	0	0	2	0	0	5
72	0	0	0	0	0	1	0	0	1	0	0	0	0	0	0	0	0	0	0	3	0	0	5
74	0	0	0	0	0	0	0	0	0	1	0	0	0	0	1	3	0	0	0	0	3	0	5
75	2	0	0	0	0	0	0	0	0	0	0	0	0	0	0	0	0	0	0	0	0	0	2
76	0	0	0	0	0	1	0	1	0	0	0	0	1	0	0	0	0	0	0	0	1	0	3
77	1	0	0	0	0	0	0	0	1	0	0	1	0	0	0	0	0	0	0	0	0	0	3
80	0	0	0	0	0	0	1	0	0	0	0	1	0	0	0	0	0	1	0	0	0	0	3
81	0	0	0	0	0	0	0	0	0	0	0	0	0	0	1	0	0	0	0	0	0	0	1
82	0	0	2	0	0	0	0	0	1	0	0	0	0	0	0	0	0	0	0	0	1	0	3
84	0	0	0	0	0	0	0	0	0	3	0	0	0	0	0	0	0	0	0	0	0	0	3
85	1	0	0	0	0	0	0	0	0	0	0	0	0	0	0	0	0	1	0	0	0	0	2
86	0	0	0	0	0	0	0	1	1	1	0	0	0	0	1	1	0	0	0	0	3	0	5
87	0	0	0	0	0	0	0	0	0	1	0	0	0	0	0	0	0	0	0	0	1	0	1
89	0	0	0	0	0	0	0	0	0	0	0	0	2	0	0	0	0	0	0	0	0	0	2
90	0	0	0	0	0	0	0	0	0	0	0	0	0	0	0	0	1	0	0	0	0	0	1
91	0	0	0	0	0	1	0	2	0	0	0	0	0	0	0	0	0	0	0	0	0	0	3
93	0	0	0	0	0	0	0	1	0	0	0	0	0	1	0	0	0	0	0	0	0	0	2
94	0	0	0	0	0	0	0	0	0	0	0	0	0	1	0	0	0	0	0	0	0	0	1
96	1	0	0	1	0	0	0	0	0	1	0	0	0	0	0	0	0	0	0	0	0	0	3
97	0	0	0	0	0	0	0	0	0	0	0	0	1	0	0	0	0	0	0	1	1	0	2
99	0	0	0	0	0	0	0	0	0	0	0	0	0	0	0	1	0	0	0	0	0	0	1
101	0	0	0	0	0	0	0	0	0	0	0	1	1	0	0	0	0	0	0	0	1	0	2
102	0	0	0	0	0	0	0	0	1	0	0	0	0	0	1	0	0	0	0	0	0	0	2
105	1	0	1	0	0	0	0	0	0	0	0	0	0	0	0	0	0	6	0	0	4	0	8
108	0	0	0	0	0	0	0	0	0	0	0	0	0	0	1	0	1	0	0	0	0	1	2
109	0	0	0	0	1	0	0	0	0	0	0	0	0	0	0	0	1	1	0	0	1	0	3
110	0	0	1	0	0	1	0	0	0	0	0	0	0	0	0	0	0	0	0	0	1	0	2
112	0	0	0	0	0	0	0	0	0	0	1	0	0	0	0	0	1	1	0	0	1	0	3
114	0	0	0	0	0	0	0	0	0	0	0	0	0	0	0	0	1	0	0	0	0	0	1
115	0	0	0	0	0	0	0	0	0	1	0	0	0	0	0	0	0	0	0	0	1	0	1
116	0	0	0	0	0	0	0	0	0	0	0	0	0	0	0	0	0	0	1	0	0	0	1
118	0	0	0	0	0	1	0	0	0	0	0	0	0	0	0	0	0	0	0	0	1	0	1
120	0	0	0	0	0	0	0	0	0	0	0	1	0	0	0	0	0	0	0	0	0	0	1
121	0	0	0	1	0	0	0	0	0	0	0	0	0	0	0	0	0	0	0	0	1	0	1
122	0	0	0	1	0	0	0	1	0	0	0	0	0	0	0	0	0	0	0	0	0	0	2
124	0	0	0	1	0	0	0	0	0	0	1	0	0	1	0	0	0	0	0	0	2	0	3
125	1	0	0	0	0	0	0	0	0	1	0	0	0	0	0	0	0	0	0	0	0	0	2
126	0	0	0	1	0	0	0	0	0	0	0	0	0	0	0	0	0	0	0	0	1	0	1
128	5	0	0	2	1	0	0	0	2	2	0	0	3	0	1	1	1	2	0	0	1	3	20
129	0	0	0	8	0	0	0	0	0	0	0	0	0	0	0	2	0	0	0	0	0	6	10
130	0	0	0	3	0	0	0	0	0	0	0	0	0	0	0	0	0	0	0	0	0	3	3
132	0	0	0	0	0	0	0	0	0	0	0	0	1	0	0	0	1	0	0	0	1	0	2
135	0	0	0	0	0	0	0	0	0	0	0	0	0	0	0	1	0	0	0	0	1	0	1
137	0	0	0	0	0	0	0	0	0	0	0	0	0	1	0	0	0	0	0	0	0	0	1
138	0	0	0	0	0	0	0	0	1	0	0	0	0	0	0	0	0	0	0	0	1	0	1
139	0	0	0	1	0	0	0	0	0	0	0	0	0	0	0	0	0	0	0	0	0	0	1
142	1	0	0	0	0	0	0	0	0	0	0	0	0	0	1	1	0	0	0	0	0	0	3
143	0	0	0	0	0	2	0	0	0	1	0	0	0	0	0	0	0	3	0	0	4	0	6
144	0	0	0	0	0	1	0	0	0	0	0	0	0	1	0	0	0	0	0	0	1	0	2
147	1	0	0	0	0	0	0	0	0	0	0	1	0	0	0	0	0	0	0	1	1	0	3
148	0	0	0	0	1	0	0	1	0	0	0	0	0	0	0	0	0	0	2	0	4	0	4
149	0	0	0	0	0	0	0	0	0	0	0	1	0	0	0	0	0	0	2	0	3	0	3
150	0	0	1	0	0	0	0	0	0	1	0	0	0	0	0	0	0	0	0	0	0	0	2
151	0	0	0	0	0	0	0	0	0	1	0	0	0	0	0	0	0	0	0	0	0	0	1
152	0	9	0	1	0	0	0	0	1	0	0	0	0	0	0	0	0	0	0	0	0	0	11
153	0	4	0	0	0	0	0	0	0	0	0	1	0	0	0	0	1	0	2	0	2	0	8
154	0	0	0	0	0	1	0	1	2	1	3	0	0	0	0	0	1	0	0	0	4	2	9
155	0	0	0	0	0	0	0	2	0	0	0	0	0	0	0	0	1	0	0	0	2	0	3
156	6	0	1	0	0	1	0	0	1	5	0	0	2	1	0	1	0	1	0	3	8	1	22
157	1	0	0	0	0	1	0	0	0	0	0	1	0	0	0	1	0	0	0	0	1	0	4
158	0	0	0	0	0	0	0	0	0	0	0	0	0	0	0	1	0	0	0	0	0	0	1
160	0	0	0	0	0	0	0	0	0	0	0	0	0	0	0	0	0	1	0	0	0	0	1
165	1	0	0	0	0	0	0	0	0	0	0	0	0	0	0	0	0	0	0	0	0	0	1
166	0	0	0	0	0	0	0	0	0	1	0	0	0	0	0	0	0	0	0	0	1	0	1
167	0	0	0	0	0	0	0	0	0	0	0	0	1	0	0	0	0	0	0	0	0	0	1
170	0	0	0	0	0	0	0	0	0	0	0	0	0	1	0	0	0	0	0	0	1	0	1
172	1	0	0	0	0	0	0	0	0	0	2	0	0	0	0	0	0	0	0	0	2	0	3
173	0	0	0	0	0	0	0	0	0	0	1	0	0	0	0	0	0	0	0	0	1	0	1
174	0	0	0	0	0	0	0	0	0	0	1	0	0	0	0	0	0	0	0	0	1	0	1
177	0	0	0	0	0	0	0	0	1	0	0	0	0	0	0	0	0	0	0	0	0	0	1
180	0	0	0	0	0	0	0	0	0	0	1	0	0	0	0	0	0	0	0	0	1	0	1
181	0	0	0	1	0	0	0	0	0	0	0	0	0	0	0	0	0	0	0	0	1	0	1
183	0	0	2	0	0	0	0	0	1	0	0	0	0	0	0	0	0	0	0	0	0	0	3
185	0	0	0	0	0	0	0	0	0	1	0	0	0	0	0	0	0	0	0	0	1	0	1
188	0	0	0	2	0	2	0	0	0	0	0	0	0	0	0	0	0	0	0	0	3	0	4
189	0	0	0	0	0	1	0	0	0	0	0	0	0	0	0	0	0	0	0	0	1	0	1
192	1	0	0	0	0	0	0	0	0	0	0	0	0	0	0	0	0	0	0	0	0	0	1
196	1	0	0	0	0	0	0	0	1	0	0	0	0	0	0	0	0	0	0	0	0	0	2
198	0	0	0	0	0	0	0	0	0	0	0	0	0	0	0	0	1	0	0	0	0	0	1
