 	A	C	D	E	F	G	H	I	K	L	M	N	P	Q	R	S	T	V	W	Y	Nterm	Cterm	Sum
-112	0	0	0	0	0	0	0	0	0	0	0	0	0	0	0	0	0	0	1	0	0	0	1
-111	0	0	0	0	0	0	0	0	0	0	0	0	0	0	0	0	0	0	1	0	0	0	1
-102	0	0	0	0	0	0	0	0	0	0	0	0	0	0	0	0	0	0	0	4	0	0	4
-99	0	0	0	0	0	0	0	0	0	0	0	0	0	0	3	0	0	0	0	0	0	2	3
-92	0	2	0	0	0	0	0	0	0	0	0	0	0	0	0	0	0	0	0	0	0	0	2
-91	0	0	0	0	0	0	0	0	0	0	0	0	0	0	2	0	0	0	0	1	0	2	3
-90	0	0	0	0	1	0	0	0	0	0	0	0	0	0	0	0	0	0	0	1	0	0	2
-89	0	0	0	0	0	0	0	0	0	0	0	0	0	0	2	0	0	0	0	0	0	0	2
-88	0	0	0	0	0	0	0	0	0	0	0	0	0	0	1	0	0	0	0	0	0	0	1
-87	0	0	0	0	1	0	0	0	0	0	0	0	0	0	0	0	0	0	0	0	0	0	1
-86	0	1	0	0	0	0	0	0	0	0	0	0	0	0	1	0	0	0	0	0	0	0	2
-80	0	0	0	0	0	0	0	0	0	0	0	0	0	0	1	0	0	0	0	0	0	0	1
-77	0	0	0	0	0	0	0	0	0	0	0	0	0	0	0	0	0	0	1	0	0	0	1
-73	0	0	0	0	1	0	0	0	0	0	0	0	0	0	0	0	0	0	0	0	0	0	1
-71	0	0	0	0	0	0	0	0	0	0	0	0	0	0	1	0	0	0	0	0	0	0	1
-70	0	0	0	0	0	0	0	0	0	0	0	0	0	0	2	0	0	0	1	0	0	0	3
-69	0	0	0	1	0	0	0	0	0	0	0	0	0	0	0	0	0	0	0	0	0	0	1
-67	0	0	0	0	0	0	0	0	2	0	0	0	0	0	0	0	0	0	0	0	0	0	2
-64	0	0	0	0	0	0	1	0	0	0	0	0	0	0	0	0	0	0	0	0	0	0	1
-63	0	0	0	1	0	0	0	0	1	0	0	0	0	0	0	0	0	0	0	0	0	0	2
-61	0	3	0	0	0	0	4	0	0	0	0	0	0	0	1	0	0	0	0	0	3	0	8
-60	0	1	0	1	0	0	0	0	0	0	0	0	0	1	0	0	0	0	0	0	0	0	3
-58	0	0	2	0	0	0	1	0	0	0	0	0	0	0	0	0	0	0	0	0	1	0	3
-57	0	248	8	6	1	0	8	0	0	0	6	6	0	2	0	0	0	0	0	4	0	0	289
-56	0	19	2	6	1	0	0	2	0	9	0	3	0	0	0	0	0	0	2	0	0	0	44
-55	0	1	0	1	0	0	0	0	0	1	1	1	0	0	0	0	0	0	0	1	0	0	6
-54	0	0	1	0	0	0	0	0	0	0	0	0	0	0	0	0	0	0	0	0	0	0	1
-53	0	0	0	0	0	0	0	0	0	2	0	0	0	0	0	0	0	0	0	0	2	0	2
-52	0	0	1	0	1	0	0	0	0	0	0	1	0	0	0	0	0	0	1	1	0	0	5
-50	0	0	0	0	4	0	0	0	0	0	0	0	0	0	0	0	0	0	0	0	4	0	4
-49	0	0	0	0	1	0	0	0	0	0	0	0	0	0	0	0	0	0	0	1	0	0	2
-48	0	0	0	0	0	0	0	1	0	2	0	0	0	0	0	0	0	0	0	0	0	0	3
-47	0	0	0	0	0	0	0	0	2	0	0	0	0	0	0	0	0	0	0	0	0	0	2
-46	0	0	0	0	0	0	0	0	0	1	0	0	0	0	0	0	0	0	0	0	0	0	1
-45	0	16	0	0	0	0	0	2	0	1	0	1	0	0	2	0	0	0	0	0	16	1	22
-44	0	4	0	2	0	0	0	0	0	0	0	0	0	0	0	0	0	0	0	0	4	0	6
-43	0	2	0	1	0	0	0	0	0	1	0	0	0	0	0	0	0	0	0	0	0	0	4
-42	0	0	0	0	0	0	0	1	0	2	0	0	0	0	0	0	0	0	0	0	0	0	3
-41	0	0	0	0	0	0	0	0	0	0	0	0	0	0	0	0	1	0	0	0	0	0	1
-39	0	0	1	0	0	0	0	0	1	0	0	0	1	0	1	0	0	0	0	0	0	1	4
-38	0	0	0	0	0	0	0	0	0	1	0	0	0	0	0	0	0	0	0	0	1	0	1
-36	0	0	0	0	0	0	0	1	0	0	0	1	0	0	0	0	4	0	0	0	1	0	6
-35	0	2	0	2	0	0	0	0	0	1	2	0	0	0	0	0	0	0	0	2	1	0	9
-34	0	0	0	0	0	0	0	3	0	1	0	0	0	0	0	0	0	0	0	0	0	0	4
-33	0	0	0	0	0	0	0	0	0	0	0	1	0	0	0	0	0	0	1	0	1	0	2
-31	0	0	0	0	0	0	0	0	0	0	0	0	1	0	0	0	0	0	0	0	0	0	1
-30	0	0	0	0	0	0	0	0	0	0	0	0	0	0	0	0	0	1	0	0	0	0	1
-29	0	0	1	3	0	0	0	0	1	1	0	0	0	0	0	0	0	0	0	0	0	1	6
-28	0	0	0	0	0	0	1	0	0	0	0	0	0	0	0	0	0	0	0	0	1	0	1
-27	0	0	0	1	0	0	1	0	0	1	0	0	0	0	0	0	0	0	0	0	0	0	3
-26	0	0	1	0	0	0	0	2	0	0	0	0	0	0	0	0	0	0	0	0	1	0	3
-25	0	0	0	4	1	0	0	0	0	0	0	0	0	0	1	0	1	0	0	0	1	1	7
-24	0	0	0	0	0	0	0	0	0	1	0	0	0	0	0	0	0	0	0	0	0	0	1
-23	0	0	0	0	0	0	0	0	1	0	0	0	0	0	0	0	0	0	0	0	0	0	1
-22	0	0	0	0	0	0	0	0	0	0	0	0	0	0	0	1	2	0	0	0	0	0	3
-21	0	0	0	0	0	0	0	0	0	0	0	0	0	0	0	0	0	1	0	0	0	0	1
-20	0	0	0	0	0	0	0	0	0	0	0	0	0	1	0	0	1	0	0	0	1	0	2
-19	0	0	0	1	1	0	0	0	0	1	0	0	0	2	1	0	0	1	0	0	2	0	7
-18	0	5	36	49	1	0	3	11	3	25	2	3	5	57	0	28	31	7	2	2	88	2	270
-17	0	39	12	7	3	0	11	22	9	21	2	40	11	130	2	10	16	7	4	7	169	1	353
-16	0	2	3	5	1	0	1	1	1	5	1	3	2	12	4	3	3	0	0	0	14	0	47
-15	0	2	0	0	1	0	0	1	1	0	0	5	3	9	0	0	1	2	1	0	10	0	26
-14	0	0	1	1	0	0	0	0	0	0	0	0	0	1	0	0	0	0	1	0	1	0	4
-13	0	0	0	1	0	0	0	0	0	2	0	0	0	0	0	2	0	0	0	0	1	0	5
-12	0	0	0	0	1	0	0	0	0	0	0	0	0	0	0	0	0	0	0	0	0	0	1
-11	1	0	0	0	0	0	0	0	0	0	0	0	0	0	0	0	0	0	0	0	1	0	1
-9	2	2	0	0	0	0	0	0	0	1	0	1	1	0	0	0	1	0	0	0	1	0	8
-8	0	0	0	0	2	0	0	0	0	0	0	0	0	0	0	0	0	0	0	0	0	0	2
-7	0	0	1	0	0	0	0	0	0	0	0	0	0	1	0	0	0	0	0	0	1	0	2
-6	0	0	0	0	0	0	0	0	0	1	0	0	0	0	0	0	0	0	1	0	1	0	2
-5	0	0	1	0	0	0	0	0	0	0	0	0	0	0	0	0	0	0	0	0	0	0	1
-4	0	0	0	0	0	0	0	0	0	0	0	0	1	0	2	0	0	0	0	0	2	0	3
-3	4	0	0	1	0	0	0	3	0	1	0	0	1	0	0	1	0	0	0	0	4	0	11
-2	7	1	1	3	3	0	3	2	3	6	2	7	1	3	1	5	3	8	1	5	42	1	65
-1	19	3	11	17	5	0	4	28	15	22	8	6	7	9	5	13	17	25	1	7	126	14	222
1	400	28	202	293	129	307	110	334	204	414	104	304	241	239	71	214	217	381	36	143	927	132	4371
2	48	4	24	43	13	38	11	43	16	33	14	35	29	38	1	22	34	46	4	24	109	5	520
3	3	0	2	4	1	2	2	2	0	4	0	3	1	3	0	2	8	1	0	0	4	0	38
4	2	0	0	1	0	0	0	0	0	0	0	0	0	0	0	0	1	0	15	0	4	0	19
5	0	4	2	0	0	0	0	1	0	2	1	0	0	5	0	1	0	0	5	0	7	0	21
6	0	0	1	0	0	0	0	0	0	1	0	0	0	1	0	0	0	0	0	0	1	0	3
7	0	0	0	0	0	0	1	0	0	0	0	0	0	0	0	0	0	0	0	0	0	0	1
8	0	0	0	0	0	0	0	0	0	0	0	0	1	1	0	0	0	0	0	0	0	0	2
9	0	0	0	0	0	0	0	0	0	0	0	0	0	0	0	0	1	0	0	0	1	0	1
10	0	0	0	0	1	0	0	0	0	0	0	0	0	0	1	0	0	1	0	0	0	1	3
11	0	0	0	0	0	0	0	2	0	0	1	0	0	0	0	0	0	0	0	0	1	0	3
12	2	0	1	0	0	0	1	0	0	2	0	1	1	0	0	2	0	0	33	0	36	0	43
13	0	0	0	0	0	0	0	0	0	0	0	0	2	0	0	0	0	0	0	0	2	0	2
14	0	0	0	2	0	0	0	0	4	1	0	0	0	0	0	0	0	0	0	0	0	0	7
15	1	0	0	0	0	1	0	0	4	1	4	0	0	0	0	0	0	0	0	0	5	0	11
16	30	4	9	52	1	49	20	20	10	68	864	23	56	15	11	35	37	41	56	7	282	14	1408
17	4	0	6	11	4	11	7	1	2	7	63	9	1	3	1	4	5	8	8	7	40	0	162
18	1	0	1	0	0	1	0	0	1	5	2	1	0	0	0	0	1	0	1	1	3	0	15
19	0	0	1	0	0	3	0	0	1	3	0	0	0	0	1	0	0	0	0	0	5	0	9
20	0	0	1	0	1	0	0	0	0	0	0	0	0	0	2	0	0	1	0	0	3	0	5
21	0	1	0	1	0	0	0	0	0	0	0	0	0	0	0	0	0	0	0	0	1	0	2
22	85	23	102	92	24	106	11	53	5	63	24	67	75	53	0	62	71	68	3	18	30	2	1005
23	27	4	11	19	4	26	1	10	0	10	7	13	18	10	0	11	21	11	0	2	0	0	205
24	1	0	16	17	2	2	0	6	3	3	4	3	4	6	0	3	1	2	0	2	3	0	75
25	2	0	1	0	0	0	0	0	0	0	0	0	1	0	0	0	0	1	0	0	0	0	5
26	1	0	0	0	0	0	0	0	0	0	0	0	0	0	0	0	0	0	0	1	0	0	2
28	0	0	0	0	0	0	0	0	0	0	2	1	1	0	0	0	0	1	0	0	2	0	5
29	0	0	0	1	0	0	0	0	0	0	0	0	1	0	2	0	0	0	0	0	0	2	4
30	0	0	0	0	0	0	0	0	1	0	0	0	0	0	3	0	0	0	0	0	3	0	4
32	0	6	0	0	0	0	0	0	0	0	3	2	0	0	0	0	0	0	6	0	0	0	17
33	0	0	0	1	0	1	0	1	0	2	0	0	0	0	0	0	0	0	2	0	2	0	7
34	1	0	0	0	0	0	1	0	0	0	0	0	0	0	0	1	0	0	0	0	0	0	3
35	0	0	0	0	0	0	0	0	0	1	0	0	0	0	0	1	0	0	0	0	0	0	2
38	38	1	23	21	7	18	2	28	3	21	4	11	37	7	0	12	16	18	0	6	4	2	273
39	10	0	3	2	0	0	1	4	0	2	0	0	5	2	0	1	1	4	2	2	0	0	39
40	0	2	0	1	3	0	0	0	0	0	0	0	0	1	0	1	0	0	0	0	4	0	8
41	0	0	0	0	0	0	0	0	0	0	0	0	0	0	1	0	0	0	0	0	0	1	1
42	10	0	1	1	0	0	0	1	0	1	4	2	0	1	1	28	0	1	0	0	42	0	51
43	0	0	0	0	0	1	0	0	0	0	2	1	0	0	0	1	0	1	0	0	2	0	6
44	0	0	0	0	0	0	0	0	0	0	0	0	0	0	1	0	0	0	0	0	0	0	1
47	0	0	0	0	0	0	0	0	0	0	0	0	0	0	0	0	0	0	1	0	1	0	1
49	0	0	0	0	0	0	0	0	0	0	0	0	0	0	1	0	0	0	0	0	0	0	1
50	0	0	0	0	0	0	0	1	0	0	0	0	0	0	0	0	0	0	0	0	0	0	1
51	0	0	0	0	0	1	0	2	0	0	0	0	2	0	0	0	0	0	0	0	0	0	5
52	0	0	0	0	0	0	0	0	0	0	0	0	0	0	0	0	0	0	1	0	0	0	1
53	2	0	0	0	0	2	0	0	1	0	0	0	0	0	0	0	0	0	0	0	0	1	5
54	0	0	0	0	0	1	0	0	0	0	1	0	0	0	0	0	0	0	0	0	1	0	2
56	0	0	0	0	0	0	0	0	1	0	0	0	0	1	0	0	0	0	0	0	0	0	2
57	0	0	0	0	0	0	0	0	1	1	0	0	0	0	0	0	0	0	0	0	1	0	2
59	0	0	0	0	0	1	0	0	0	0	0	2	0	0	0	0	0	1	0	1	1	0	5
62	2	0	0	0	0	0	1	0	0	0	0	0	0	1	0	0	0	0	0	0	1	0	4
63	0	0	0	0	0	0	0	0	0	0	0	0	0	0	0	1	0	0	0	0	0	0	1
64	1	0	0	0	0	0	0	1	0	0	0	0	0	0	0	2	0	0	0	0	2	0	4
65	0	0	0	0	1	0	0	0	0	0	0	0	0	0	0	0	0	0	0	0	0	0	1
66	1	0	0	0	0	0	0	0	0	0	0	0	0	0	0	0	0	0	0	0	0	0	1
68	0	0	0	0	0	0	0	0	0	0	0	0	0	0	0	0	1	0	0	0	0	0	1
70	0	0	1	0	0	0	0	0	0	0	0	0	0	0	0	0	0	0	0	0	0	0	1
71	1	0	0	0	0	0	0	0	0	0	0	0	0	0	0	0	0	0	0	0	0	0	1
72	0	0	0	0	0	1	0	0	0	0	0	1	0	0	0	0	0	0	0	0	0	0	2
73	0	1	0	0	0	0	0	0	0	0	0	0	0	0	0	0	0	0	0	0	0	0	1
74	0	0	0	0	0	2	0	0	0	0	0	0	0	0	0	1	0	0	0	0	3	0	3
75	0	0	0	2	1	0	0	0	0	0	0	0	0	0	0	0	0	0	0	3	0	0	6
78	0	0	0	0	0	0	0	0	0	0	0	0	0	0	0	1	0	0	0	0	0	0	1
80	0	0	0	0	0	0	0	0	0	0	0	0	0	0	0	2	0	0	0	0	0	0	2
81	0	0	0	0	0	1	0	1	0	0	2	0	0	0	0	0	0	0	0	0	2	0	4
83	0	0	0	0	0	0	0	0	0	0	0	0	0	0	1	1	0	0	0	0	0	1	2
84	0	0	0	0	0	0	0	0	0	3	0	0	0	0	0	0	0	0	0	0	0	0	3
85	0	0	0	0	1	0	0	1	0	0	0	0	0	0	0	0	0	0	0	0	0	0	2
86	0	0	0	0	0	0	0	0	0	0	0	0	0	0	0	0	0	0	1	0	0	0	1
87	0	0	2	0	0	0	0	0	0	0	0	0	0	0	0	0	0	0	0	0	0	0	2
88	0	0	0	0	0	0	0	0	0	0	0	0	0	0	0	1	0	0	0	0	0	0	1
89	2	0	0	0	0	0	0	0	0	0	0	0	0	0	0	0	0	0	0	0	0	0	2
91	0	0	0	0	0	0	0	0	0	0	0	0	0	0	0	0	0	1	0	0	0	0	1
92	0	0	1	0	0	0	0	1	0	0	0	0	0	0	0	0	0	0	0	0	1	0	2
93	0	0	1	0	0	0	0	0	0	0	0	0	0	0	0	0	0	0	0	1	2	0	2
98	0	0	0	0	0	0	0	0	1	0	0	0	0	1	0	0	0	0	0	0	0	0	2
99	0	0	1	0	0	0	0	0	0	0	0	0	0	0	0	0	0	0	0	0	0	0	1
100	0	0	0	0	0	0	0	0	0	0	0	0	1	0	0	0	0	0	0	0	0	0	1
104	1	0	0	0	0	0	0	0	0	0	0	0	0	0	0	0	0	0	0	0	0	0	1
105	0	0	0	0	0	0	0	0	0	0	0	0	0	0	0	1	0	0	0	0	0	0	1
106	0	0	0	0	0	0	0	0	0	0	0	1	0	0	0	0	0	0	0	0	0	0	1
108	0	0	0	1	0	1	0	2	0	0	0	0	1	0	0	0	0	0	0	0	0	0	5
109	0	0	0	0	0	0	0	0	0	0	0	0	0	0	0	0	0	1	0	0	0	0	1
110	0	0	1	0	0	0	0	0	0	0	0	0	0	0	0	0	0	0	0	0	0	0	1
112	0	0	0	0	0	0	0	0	0	0	0	0	0	0	0	1	0	0	0	0	0	0	1
113	0	0	0	0	0	0	1	0	0	0	0	0	0	0	0	0	0	0	0	0	0	0	1
115	0	0	0	0	0	0	0	0	0	0	0	0	0	0	0	0	0	0	1	0	1	0	1
116	0	0	0	0	0	0	0	0	0	0	0	0	0	0	0	0	1	0	0	0	0	0	1
117	0	0	0	0	0	0	0	0	0	0	0	0	0	0	0	1	0	0	0	0	0	0	1
120	0	0	0	0	0	0	0	1	0	0	0	0	0	0	0	0	0	0	0	0	1	0	1
121	0	0	1	0	0	0	0	0	0	0	0	0	0	0	0	0	0	0	0	0	0	0	1
123	3	0	0	0	0	0	0	0	0	2	0	0	0	0	0	0	0	0	0	0	3	0	5
127	0	0	0	0	0	0	0	0	0	0	0	0	0	0	0	0	0	2	0	0	1	0	2
128	7	0	0	0	2	3	0	1	0	0	0	2	2	1	0	0	0	3	0	1	6	0	22
129	1	0	0	12	0	1	0	0	0	0	0	0	0	0	0	10	0	1	0	0	0	12	25
130	0	0	1	1	0	0	0	0	0	0	0	0	0	0	0	0	0	0	0	0	0	1	2
132	0	0	0	1	0	0	0	0	0	0	0	0	0	0	0	0	0	0	0	0	0	0	1
137	0	0	0	0	0	0	0	0	0	1	0	0	0	0	0	0	0	0	0	0	0	0	1
138	0	0	0	0	0	0	0	0	0	1	0	0	0	0	0	0	0	0	0	0	0	0	1
139	0	0	0	0	0	0	0	0	0	0	0	0	0	0	1	0	0	0	0	0	1	0	1
141	0	0	0	0	0	0	0	0	1	0	0	0	0	0	0	0	0	0	0	0	0	0	1
143	0	0	0	0	0	0	0	0	0	0	1	0	0	0	0	0	0	0	0	0	1	0	1
144	0	0	1	0	0	0	0	0	0	0	0	0	0	0	0	0	0	0	0	0	0	0	1
145	0	0	0	0	0	0	0	0	1	0	0	0	0	0	0	0	0	0	0	0	0	0	1
147	0	0	0	0	1	0	0	1	0	0	0	0	0	0	0	0	0	0	0	0	2	0	2
149	0	0	0	0	0	0	0	0	1	0	0	0	0	0	0	1	1	0	0	0	2	0	3
150	0	0	0	0	0	0	0	0	0	1	0	0	0	0	0	0	0	0	0	0	0	0	1
151	0	0	0	1	0	0	0	0	0	0	0	0	0	0	0	9	0	0	0	0	0	0	10
152	3	67	1	4	0	1	4	2	1	0	0	1	4	0	0	6	0	3	0	0	15	1	97
153	2	8	0	4	1	3	0	0	0	2	0	0	0	0	0	0	1	2	1	0	4	0	24
154	0	2	0	0	0	0	0	0	0	0	0	0	0	0	0	0	0	0	0	0	0	0	2
156	11	0	1	2	0	5	1	1	4	5	3	0	1	2	0	4	1	7	0	4	15	4	52
157	1	0	0	0	0	0	0	1	0	1	0	0	0	0	0	0	0	0	0	0	2	0	3
167	3	0	0	1	0	2	0	0	0	0	0	0	0	0	0	3	0	0	0	0	0	1	9
168	1	0	0	1	0	0	0	0	0	0	0	0	0	0	0	0	0	0	0	0	0	1	2
169	0	0	0	0	0	0	0	0	0	0	0	0	0	0	1	0	0	0	0	0	0	0	1
172	0	0	0	0	0	0	0	0	0	0	0	1	0	0	1	0	0	0	0	0	1	1	2
173	0	0	0	1	0	0	0	0	0	0	0	0	0	0	0	0	0	0	0	0	0	0	1
174	0	0	0	0	0	0	0	0	1	0	1	0	0	0	0	0	0	0	0	0	0	0	2
181	0	0	0	0	0	0	0	1	0	0	0	0	0	0	0	0	0	0	0	0	1	0	1
182	0	0	0	0	0	0	0	0	0	1	0	0	0	0	0	0	0	0	0	0	1	0	1
184	1	0	0	0	0	0	0	0	1	0	0	0	0	0	0	0	0	0	0	0	0	0	2
185	0	0	0	0	0	2	1	0	0	0	0	0	0	0	0	0	0	0	0	0	0	0	3
188	0	0	1	0	0	0	0	0	4	0	0	0	0	0	0	0	0	0	0	0	0	0	5
189	1	0	1	0	0	0	0	0	2	0	0	0	0	0	0	0	0	0	0	0	0	0	4
191	0	0	0	0	0	0	0	0	0	0	1	0	0	0	0	0	0	0	0	0	1	0	1
194	0	0	0	0	0	0	0	0	1	0	0	0	0	0	0	0	0	0	0	0	0	1	1
198	0	0	0	0	0	0	0	0	0	0	0	0	0	0	0	1	0	0	0	0	0	0	1
