 	A	C	D	E	F	G	H	I	K	L	M	N	P	Q	R	S	T	V	W	Y	Nterm	Cterm	Sum
-126	0	0	0	0	0	0	0	0	0	0	0	0	0	0	0	0	0	0	1	0	0	0	1
-123	0	0	0	0	0	0	0	0	0	0	0	0	0	0	0	0	0	0	1	0	0	0	1
-117	0	0	0	0	0	0	0	0	0	0	0	0	0	0	0	0	0	0	2	0	0	0	2
-112	0	0	0	0	0	0	0	0	0	0	0	0	0	0	0	0	0	0	3	0	0	0	3
-107	0	0	0	0	0	0	0	0	0	0	0	0	0	0	0	0	0	0	3	0	0	0	3
-106	0	0	0	0	0	0	0	0	0	0	0	0	0	0	0	0	0	0	0	1	0	0	1
-103	0	0	0	0	0	0	0	0	0	0	0	0	0	0	0	0	0	0	0	2	0	0	2
-101	0	0	0	0	0	0	0	0	0	0	0	0	0	0	0	0	0	0	0	1	0	0	1
-99	0	0	0	0	0	0	0	0	0	0	0	0	0	0	2	0	0	0	0	0	0	2	2
-94	0	0	0	0	0	0	0	0	0	0	0	0	0	0	1	0	0	0	0	0	0	0	1
-93	0	0	0	0	0	0	0	0	0	0	0	0	0	0	0	0	0	0	0	1	0	0	1
-92	0	0	0	0	0	0	0	0	0	0	0	0	0	0	0	0	0	0	0	2	0	0	2
-91	0	0	0	0	0	0	0	0	0	0	0	0	0	0	1	0	0	0	0	0	0	0	1
-90	0	0	0	0	1	0	0	0	0	0	0	0	0	0	1	0	0	0	0	0	0	0	2
-89	0	1	0	0	0	0	0	0	0	0	0	0	0	0	0	0	0	0	0	0	0	1	1
-87	0	0	0	0	0	0	0	0	0	0	0	0	0	0	1	0	0	0	0	2	0	1	3
-86	0	0	0	0	0	0	0	0	0	0	0	0	0	0	2	0	0	0	0	0	0	1	2
-85	0	0	0	0	0	0	0	0	0	0	0	0	0	0	1	0	0	0	0	0	0	1	1
-83	0	0	0	0	0	0	0	0	0	0	0	0	0	0	1	0	0	0	0	0	0	0	1
-81	0	0	0	0	0	0	0	0	0	0	0	0	0	0	0	0	0	0	0	1	0	0	1
-77	0	1	0	0	0	0	0	0	0	0	0	0	0	0	0	0	0	0	0	0	0	0	1
-75	0	0	0	0	0	0	0	0	0	0	0	0	0	0	2	0	0	0	0	0	0	0	2
-74	0	0	0	0	0	0	0	0	0	0	0	0	0	0	2	0	0	0	0	1	0	0	3
-73	0	0	0	0	0	0	0	0	0	0	0	0	0	0	4	0	0	0	0	1	0	1	5
-71	0	0	0	0	0	0	0	0	3	0	0	0	0	0	1	0	0	0	0	0	3	0	4
-70	0	0	0	0	0	0	0	0	1	0	0	0	0	0	0	0	0	0	0	0	0	1	1
-69	0	0	0	2	0	0	0	0	0	0	0	0	0	0	0	0	0	0	0	0	0	0	2
-67	0	0	0	1	0	0	0	0	3	0	0	0	0	0	0	0	0	0	0	1	0	0	5
-66	0	0	0	1	0	0	0	0	0	0	0	0	0	0	0	0	0	0	0	0	0	0	1
-65	0	0	0	0	1	0	0	0	0	0	0	0	0	0	0	0	0	0	0	0	0	1	1
-63	0	0	0	0	0	0	0	0	2	0	0	0	0	0	0	0	0	0	0	0	0	0	2
-62	0	0	0	1	0	0	0	0	2	0	0	0	0	0	0	0	0	0	0	0	0	0	3
-61	0	0	0	0	0	0	8	0	0	0	0	0	0	1	0	0	0	0	0	0	0	1	9
-60	0	0	0	0	0	0	1	0	0	0	0	0	0	1	0	0	0	0	0	0	0	0	2
-58	0	0	3	1	0	0	0	0	0	0	0	0	0	0	0	0	0	0	1	0	2	0	5
-57	0	0	0	0	1	0	0	0	2	0	0	0	0	0	0	0	0	0	0	0	0	1	3
-56	0	0	0	0	0	0	0	0	0	1	0	0	0	0	1	0	0	0	0	0	2	0	2
-55	0	0	1	0	0	0	0	0	0	1	0	0	0	0	0	0	0	0	0	0	0	0	2
-53	0	0	0	0	1	0	0	0	0	1	0	0	0	0	0	0	0	0	0	0	0	0	2
-52	0	0	1	0	0	0	0	1	1	0	0	0	0	0	1	0	0	0	0	0	0	0	4
-51	0	0	0	1	0	0	0	0	0	2	0	0	0	0	0	0	0	0	0	0	0	0	3
-50	0	0	0	1	0	0	0	0	0	0	1	0	0	0	0	0	0	0	0	0	0	0	2
-49	0	0	0	1	0	0	0	0	0	1	2	0	0	0	0	0	0	0	1	0	2	0	5
-48	0	1	11	8	4	0	4	9	7	16	102	1	0	2	0	0	0	0	1	5	37	5	171
-47	0	0	1	1	1	0	0	1	0	2	7	0	0	0	0	0	0	0	0	0	2	0	13
-46	0	0	1	1	0	0	0	0	0	0	0	0	0	1	0	0	0	0	0	0	0	0	3
-45	0	0	3	0	0	0	0	0	0	0	0	0	0	0	0	0	0	0	0	0	2	0	3
-44	0	0	0	0	0	0	0	0	0	1	0	0	0	0	0	0	2	0	0	0	0	0	3
-43	0	0	0	0	0	0	0	1	0	2	0	0	0	0	1	0	1	0	0	0	1	0	5
-41	0	0	0	0	0	0	0	1	0	0	1	0	0	1	1	0	0	0	0	0	1	0	4
-40	0	0	0	1	0	0	0	0	0	0	0	0	0	0	1	0	0	0	0	0	0	0	2
-39	0	0	0	1	0	0	0	1	0	1	0	0	0	0	0	0	0	0	0	0	2	0	3
-38	0	0	0	0	0	0	0	0	0	1	0	1	0	0	0	0	0	0	0	0	0	0	2
-36	0	0	1	1	0	0	0	0	0	0	0	0	0	0	1	0	0	0	0	1	0	0	4
-35	0	0	0	0	1	0	1	1	0	1	0	0	0	0	1	0	0	0	0	0	0	0	5
-34	0	0	6	0	0	0	1	0	0	1	1	0	0	0	0	0	0	0	0	0	1	0	9
-33	0	0	0	0	0	0	0	0	0	0	0	1	1	0	0	0	0	0	0	0	1	0	2
-32	0	0	0	1	0	0	0	0	0	0	1	0	0	1	0	0	1	0	0	0	1	0	4
-31	0	0	0	0	0	0	0	0	0	2	0	0	0	0	0	0	0	0	0	0	0	0	2
-30	0	0	0	0	0	0	0	0	0	0	0	2	1	0	0	0	1	0	0	0	1	0	4
-29	0	0	0	0	0	0	0	1	1	2	0	1	0	1	0	1	0	0	0	0	0	0	7
-28	0	0	0	1	0	0	0	1	0	0	2	0	0	0	0	0	2	2	0	0	4	0	8
-27	0	0	0	0	0	0	0	0	1	0	0	0	0	0	0	0	0	1	0	0	1	0	2
-26	0	0	0	1	0	0	0	1	0	3	0	0	0	0	0	0	0	0	0	0	1	0	5
-25	0	0	1	0	0	0	0	0	0	1	1	0	1	0	0	0	0	0	0	0	0	0	4
-24	0	0	0	0	0	0	1	1	0	1	0	0	0	0	1	0	0	0	0	0	1	0	4
-23	0	0	0	1	0	0	0	0	0	0	0	0	1	0	0	0	0	0	0	0	0	0	2
-22	0	0	0	0	0	0	1	0	0	0	0	0	0	0	0	0	0	1	0	0	0	0	2
-21	0	0	0	0	0	0	0	2	1	2	0	1	0	0	0	0	0	0	0	0	0	0	6
-20	0	0	1	0	0	0	0	4	0	1	0	0	0	1	0	0	0	0	0	0	1	0	7
-19	0	1	2	2	0	0	0	0	2	2	0	0	1	10	0	1	0	2	0	0	13	2	23
-18	0	0	39	19	1	0	2	10	3	13	1	1	4	17	1	8	20	7	0	3	37	2	149
-17	0	81	19	9	3	0	13	25	17	32	2	41	20	299	2	8	13	18	11	6	366	1	619
-16	0	10	2	11	0	0	1	3	1	5	2	8	1	38	6	6	1	3	0	1	44	1	99
-15	0	1	2	1	2	0	0	3	0	1	1	11	1	9	2	1	2	0	2	0	12	2	39
-14	0	3	1	2	0	0	1	0	0	2	0	1	0	3	0	0	1	0	0	0	6	0	14
-13	0	0	0	2	0	0	0	0	0	0	1	0	0	1	0	0	0	1	0	0	1	0	5
-12	0	4	2	0	0	0	0	0	1	0	0	0	0	0	0	0	0	1	0	0	4	0	8
-11	0	0	0	0	0	0	0	4	0	0	1	0	0	0	0	0	0	0	0	0	0	0	5
-10	0	0	0	0	2	0	0	1	1	0	5	0	0	0	0	0	0	0	0	0	7	0	9
-9	0	0	0	0	0	0	0	0	0	1	0	0	0	0	0	0	0	0	2	0	0	0	3
-8	0	0	0	1	0	0	0	0	0	1	0	0	0	0	0	0	0	0	0	0	1	0	2
-7	1	0	0	1	0	0	0	0	3	1	0	1	1	0	0	0	0	1	0	0	0	0	9
-6	0	0	0	0	0	0	0	0	2	0	0	0	1	0	1	3	1	1	0	1	3	1	10
-5	0	0	0	0	0	0	0	0	1	1	0	0	0	0	0	0	0	0	0	0	0	0	2
-4	0	0	0	0	0	0	0	0	0	0	0	0	0	0	0	0	1	0	0	0	1	0	1
-3	2	0	2	2	1	0	4	1	4	2	0	0	0	0	0	1	4	2	1	0	7	2	26
-2	39	4	16	28	13	0	8	47	25	34	12	22	10	28	13	25	28	76	2	12	252	30	442
-1	59	10	30	37	24	0	8	60	20	62	22	31	18	21	13	27	38	65	2	25	326	26	572
1	451	41	153	294	141	311	156	343	215	473	62	282	237	248	85	262	236	416	48	96	1442	176	4550
2	60	10	20	51	22	53	25	82	25	81	19	33	57	36	12	56	42	64	3	27	279	24	778
3	12	5	7	7	4	12	1	25	3	18	6	7	8	12	0	6	1	10	0	8	45	0	152
4	1	0	1	0	4	1	0	1	0	0	0	0	2	0	0	0	1	1	0	0	0	0	12
5	2	1	0	2	1	1	1	0	0	2	0	4	1	2	1	0	1	3	0	1	3	0	23
6	0	0	1	2	0	0	0	0	0	1	0	1	0	0	0	0	0	0	0	0	1	0	5
7	0	2	0	0	0	0	0	0	0	0	0	0	0	0	0	0	0	0	0	0	0	0	2
8	0	0	0	0	0	0	0	0	0	0	0	0	0	0	1	0	0	0	0	0	0	0	1
9	0	0	0	0	0	0	0	0	0	0	0	1	0	0	0	0	0	0	0	0	0	0	1
10	0	0	0	0	0	1	0	0	0	0	0	0	0	0	1	0	0	0	0	0	0	1	2
11	0	0	0	0	0	0	0	3	0	0	0	0	0	0	1	0	0	0	0	0	3	0	4
12	0	0	0	0	0	0	0	0	0	0	0	0	0	0	0	0	0	0	2	1	2	0	3
13	1	0	0	0	0	0	0	0	1	0	0	0	0	0	0	1	0	0	0	1	1	0	4
14	7	0	8	9	1	3	0	1	23	2	4	3	1	2	0	2	3	4	7	86	19	4	166
15	2	0	3	2	0	7	0	0	1	1	11	1	0	0	0	1	0	3	0	23	16	0	55
16	31	6	26	48	6	64	7	11	5	47	698	24	53	17	8	25	24	32	47	16	258	7	1195
17	41	2	14	15	3	30	5	3	1	13	93	4	21	8	2	7	19	19	8	7	49	3	315
18	2	0	4	1	0	2	2	1	0	4	11	3	4	1	1	0	2	1	2	0	6	0	41
19	0	0	0	0	1	0	0	3	0	0	1	0	2	0	2	0	1	0	0	0	1	0	10
20	0	0	2	0	0	0	0	0	0	0	0	0	0	0	0	0	1	0	0	0	2	0	3
21	1	0	0	0	0	1	0	2	0	1	0	1	0	0	0	0	0	0	0	0	0	0	6
22	19	7	21	7	6	12	0	8	0	17	0	4	3	5	0	10	8	11	0	6	10	0	144
23	5	3	0	0	1	4	0	2	2	0	1	3	7	1	0	2	2	5	1	0	0	0	39
24	5	1	9	1	3	3	0	3	0	4	1	2	1	1	0	6	3	3	0	3	1	0	49
25	0	0	0	0	0	2	0	0	0	0	1	1	0	0	0	0	0	0	0	0	0	0	4
26	0	0	0	0	5	0	0	0	2	0	0	0	0	0	1	0	0	0	0	0	1	0	8
27	0	0	3	0	0	0	0	0	2	0	0	0	0	0	0	0	1	0	0	0	0	0	6
28	0	0	0	6	0	1	2	0	9	1	2	0	1	0	0	4	0	0	0	0	7	0	26
29	0	0	0	0	1	0	0	1	0	0	1	0	0	0	0	0	0	0	0	0	2	0	3
30	1	0	0	2	0	1	0	0	0	0	0	1	1	0	1	0	0	1	0	1	3	0	9
31	0	0	1	1	0	0	0	0	0	0	0	0	0	0	0	0	0	1	0	0	0	0	3
32	4	0	6	8	1	2	0	0	0	2	1	14	3	1	0	2	1	6	47	18	15	0	116
33	2	0	0	1	0	0	0	3	0	0	1	0	0	0	0	0	0	0	5	5	3	0	17
34	0	0	0	0	0	0	0	0	0	1	0	0	0	0	1	0	0	0	0	0	0	0	2
35	0	0	0	0	0	0	0	0	0	0	0	0	0	0	1	0	0	0	0	0	0	1	1
36	0	0	0	0	0	1	0	0	0	0	0	0	0	0	0	0	0	0	0	0	0	0	1
37	0	0	0	0	0	0	0	0	0	1	0	0	0	0	0	0	0	0	0	0	0	0	1
38	10	2	13	9	5	6	0	7	1	20	0	3	9	6	1	13	7	9	0	5	4	1	126
39	4	1	2	10	0	3	1	1	2	3	1	0	2	2	0	0	2	0	0	0	3	0	34
40	0	0	0	2	0	0	0	0	0	1	0	0	0	0	0	0	0	0	0	0	2	0	3
41	1	0	0	1	0	0	0	0	0	1	0	0	0	0	0	0	0	0	0	0	1	0	3
42	7	0	1	0	1	0	0	0	0	2	2	0	0	2	0	23	2	0	0	0	33	0	40
43	2	0	0	0	0	1	0	0	0	0	1	1	0	0	0	6	0	0	0	0	8	0	11
44	0	0	0	0	0	0	0	0	0	0	1	1	0	0	0	0	0	0	0	0	1	0	2
45	0	0	0	0	0	0	0	0	0	0	0	0	0	1	0	0	0	0	0	0	0	0	1
46	0	0	0	0	0	1	0	0	0	0	0	0	0	0	0	0	0	0	0	2	0	0	3
47	0	0	0	0	0	0	0	0	0	0	0	0	0	0	0	0	0	0	2	0	0	0	2
48	1	0	0	0	0	0	0	0	0	0	0	0	0	0	0	1	0	1	0	0	0	0	3
49	0	0	1	0	0	0	0	0	0	0	0	1	0	0	0	0	0	0	0	0	1	0	2
50	0	0	0	0	0	0	0	0	0	1	0	0	0	0	0	0	0	0	0	0	0	0	1
51	0	0	0	0	0	1	0	0	0	0	0	0	0	0	0	0	0	0	0	0	0	0	1
52	0	0	0	0	0	0	0	0	0	0	0	0	1	0	0	0	0	1	0	0	0	0	2
53	4	0	3	2	1	6	0	1	1	1	0	2	1	0	2	6	1	3	0	2	2	1	36
54	1	0	0	0	0	0	0	0	0	1	0	0	0	0	2	0	0	1	0	0	2	0	5
55	0	0	0	0	0	0	0	0	0	0	0	0	0	0	0	0	0	1	0	0	0	0	1
56	1	0	1	0	0	1	0	0	0	0	0	0	2	0	0	0	0	1	0	0	2	0	6
57	6	0	2	2	1	7	0	0	0	4	4	0	3	4	0	2	2	4	0	1	32	2	42
58	3	0	1	1	0	0	0	1	0	2	2	0	2	1	0	0	1	0	0	1	10	0	15
59	0	0	0	1	1	1	0	0	0	0	0	0	0	1	1	0	0	1	0	0	2	0	6
60	1	0	0	0	0	0	0	0	0	0	0	0	0	0	0	0	0	0	0	1	2	0	2
61	2	0	1	0	0	0	0	0	0	0	0	0	0	0	0	0	0	0	0	2	0	0	5
62	0	0	2	0	0	0	2	0	0	0	0	0	0	1	0	0	0	0	0	0	2	0	5
63	1	0	0	0	0	0	0	0	0	0	0	0	0	1	1	1	0	0	0	0	1	0	4
64	0	0	0	0	0	0	0	3	0	0	0	0	0	0	0	1	0	0	2	0	1	0	6
67	0	0	0	0	0	0	0	0	0	0	1	0	0	1	0	0	0	0	0	0	1	0	2
69	1	0	0	0	0	0	0	0	0	0	0	0	0	1	0	0	0	0	0	0	0	0	2
71	0	0	1	0	0	0	0	0	0	1	0	0	0	0	0	0	0	0	0	5	0	0	7
72	0	0	0	0	0	0	0	0	0	0	0	0	0	1	0	0	0	0	1	4	1	0	6
75	0	0	0	0	0	0	0	0	0	1	0	0	0	0	0	0	0	0	0	0	1	0	1
77	0	0	0	0	0	0	0	0	0	0	0	0	1	0	0	0	0	0	0	0	0	0	1
78	0	0	0	0	0	0	0	0	0	0	0	0	0	0	0	0	0	0	0	1	0	0	1
79	0	0	0	0	3	0	0	0	0	0	0	0	0	0	0	0	0	0	0	1	3	0	4
81	0	0	0	0	0	0	0	0	5	0	1	0	0	0	1	0	0	0	0	0	5	1	7
82	0	0	0	0	0	1	0	0	3	0	0	0	0	0	0	0	0	0	0	0	3	0	4
83	0	0	0	0	0	1	0	0	0	1	0	0	0	1	1	0	0	0	0	0	1	0	4
84	0	0	0	0	0	0	0	0	2	1	0	0	0	0	1	1	0	0	0	0	0	0	5
85	0	0	0	0	0	0	0	0	0	0	0	0	0	0	0	1	0	1	0	0	0	0	2
86	0	0	0	1	0	0	0	0	0	0	0	0	0	0	0	0	0	1	0	0	0	0	2
90	0	0	0	0	0	0	0	0	0	0	0	1	0	0	0	0	0	0	0	0	0	0	1
91	0	0	0	0	0	0	0	0	0	0	0	0	0	0	0	0	0	1	0	0	1	0	1
92	2	0	0	0	0	0	0	0	0	0	0	0	0	0	0	0	0	0	0	0	1	0	2
93	0	0	0	0	0	0	0	0	0	0	0	0	0	1	0	0	0	1	0	0	0	0	2
94	0	0	0	0	2	0	0	0	0	0	0	0	0	0	0	0	0	0	0	0	2	0	2
95	0	0	0	0	0	0	0	0	0	0	0	0	1	0	0	0	0	0	0	0	0	0	1
96	0	0	0	2	0	0	0	0	0	0	0	0	0	0	0	0	0	0	0	0	0	0	2
97	0	0	0	0	0	0	0	0	0	0	0	0	0	0	0	1	0	0	0	0	1	0	1
100	0	0	0	0	0	0	0	0	0	0	0	0	0	0	0	0	3	1	0	0	3	0	4
102	0	0	0	0	0	0	0	0	0	0	0	0	1	0	0	0	0	0	0	0	1	0	1
103	1	0	0	0	0	0	0	0	0	0	0	0	0	0	0	0	0	0	0	0	0	0	1
104	0	0	0	0	0	0	0	0	1	0	0	0	0	0	0	0	0	0	0	0	1	0	1
105	0	0	0	0	0	0	0	0	0	0	0	0	0	0	0	0	0	1	0	0	1	0	1
110	0	0	0	0	0	0	0	0	0	1	0	0	0	0	0	1	0	0	0	0	0	0	2
111	0	0	0	0	1	0	0	0	0	0	0	0	0	0	0	0	0	0	0	0	1	0	1
113	0	0	0	0	0	0	0	0	0	0	0	0	0	0	0	0	1	1	0	0	1	0	2
114	1	0	1	0	0	0	0	0	0	0	0	0	0	0	0	0	0	0	0	0	1	0	2
115	0	0	0	0	0	0	0	0	0	0	0	0	0	0	0	0	0	1	0	0	1	0	1
117	0	0	0	0	0	0	0	0	1	0	0	0	0	0	0	0	0	0	0	0	0	0	1
119	0	0	0	1	0	0	0	0	0	0	0	0	0	0	0	0	0	0	0	0	1	0	1
120	1	0	0	0	0	0	0	0	0	0	0	0	0	0	0	0	0	0	0	0	0	0	1
121	0	0	0	0	0	0	0	0	0	0	0	0	0	0	0	0	0	0	1	0	0	0	1
122	0	1	0	0	0	0	0	0	0	0	0	0	0	0	0	0	0	0	0	0	0	0	1
125	0	0	0	0	0	1	0	0	0	0	0	0	0	0	0	0	0	0	0	0	0	0	1
126	2	0	0	0	0	0	0	0	0	0	0	0	0	0	0	0	0	1	0	0	1	0	3
128	7	0	1	0	3	1	0	0	1	3	0	0	3	0	0	0	0	0	0	0	3	1	19
129	0	1	0	6	0	1	0	0	0	1	0	0	1	0	0	6	0	1	0	0	0	6	17
130	0	0	0	1	0	0	0	0	0	0	0	0	0	0	0	0	0	0	0	0	0	1	1
131	0	0	0	0	0	0	0	0	1	1	0	0	0	0	0	0	0	0	0	0	0	0	2
132	0	0	0	0	0	0	0	0	0	0	0	0	0	1	0	0	1	0	0	0	1	0	2
133	0	0	0	0	0	0	0	0	0	1	0	0	0	0	0	0	0	0	0	0	0	0	1
134	0	0	0	0	0	0	0	0	0	0	0	0	0	0	0	0	0	1	0	0	0	0	1
140	0	0	0	0	0	1	0	0	1	0	0	0	0	0	0	0	0	0	0	0	0	0	2
141	0	0	0	0	0	0	0	0	0	0	0	0	1	0	0	0	0	0	0	0	0	0	1
142	0	0	0	0	0	1	0	0	0	0	0	0	0	0	0	0	0	0	0	0	0	0	1
143	0	0	0	0	0	0	0	1	0	0	0	0	0	0	0	0	0	0	0	0	0	0	1
144	0	0	0	1	0	0	0	1	0	0	1	0	0	0	0	0	1	0	0	0	1	0	4
146	1	0	0	1	0	0	0	0	0	0	0	0	0	0	0	0	0	0	0	0	1	0	2
151	0	0	0	0	0	0	0	0	0	0	0	0	0	0	0	1	0	0	0	0	0	0	1
153	0	2	1	0	0	0	0	0	0	0	0	0	0	0	0	0	0	0	0	0	0	0	3
154	0	0	0	0	0	0	0	2	2	0	3	0	0	0	0	0	0	0	0	0	5	2	7
155	0	0	0	0	0	0	0	2	0	0	0	0	0	0	0	0	0	0	0	0	2	0	2
156	5	0	0	0	0	2	0	0	7	4	2	1	1	0	0	3	0	1	0	4	13	7	30
157	1	0	0	0	0	0	0	0	0	0	0	0	0	0	0	0	0	0	0	0	1	0	1
158	1	0	0	0	0	0	0	0	0	0	0	0	0	0	0	0	0	0	0	0	0	0	1
161	0	0	1	0	0	0	1	0	0	0	0	0	0	0	0	0	0	0	0	0	1	0	2
169	0	0	0	0	0	0	0	0	1	0	0	0	0	0	0	1	0	0	0	0	0	0	2
171	0	0	0	2	0	2	0	0	0	0	0	0	0	0	0	0	0	0	0	0	0	0	4
172	0	0	0	0	0	0	0	0	0	0	1	0	0	0	0	0	0	0	0	0	0	0	1
174	0	0	0	0	0	0	0	0	0	0	0	0	0	0	0	1	0	0	0	0	0	0	1
180	0	0	0	0	0	0	0	0	1	0	0	0	0	0	0	0	0	0	0	0	0	0	1
181	0	0	0	0	0	0	0	1	0	0	0	0	0	0	0	0	0	1	0	0	1	0	2
183	0	0	2	0	0	0	0	0	0	0	0	0	0	0	0	0	0	0	0	0	0	0	2
195	0	0	0	0	1	0	0	0	0	0	0	0	0	0	0	0	0	0	0	0	1	0	1
196	0	0	0	0	0	0	0	0	0	0	0	0	0	0	1	0	0	0	0	0	0	1	1
197	0	0	0	0	0	1	0	0	0	1	0	0	0	0	0	0	0	0	0	0	1	0	2
