 	A	C	D	E	F	G	H	I	K	L	M	N	P	Q	R	S	T	V	W	Y	Nterm	Cterm	Sum
-112	0	0	0	0	0	0	0	0	0	0	0	0	0	0	0	0	0	0	1	0	0	0	1
-104	0	0	0	0	0	0	0	0	0	0	0	0	0	0	0	0	0	0	0	1	0	0	1
-99	0	0	0	0	0	0	0	0	0	0	0	0	0	0	4	0	0	0	0	0	0	2	4
-98	0	0	0	0	0	0	0	0	0	0	0	0	0	0	0	0	0	0	0	3	0	0	3
-96	0	0	0	0	0	0	0	0	0	0	0	0	0	0	1	0	0	0	0	1	0	0	2
-92	0	0	0	0	0	0	0	0	0	0	0	0	0	0	3	0	0	0	0	0	0	1	3
-91	0	0	0	0	0	0	0	0	0	0	0	0	0	0	2	0	0	0	0	1	0	0	3
-90	0	0	0	0	1	0	0	0	0	0	0	0	0	0	0	0	0	0	0	0	0	0	1
-89	0	0	0	0	0	0	0	0	0	0	0	0	0	0	0	0	0	0	2	0	0	0	2
-88	0	0	0	0	0	0	0	0	0	0	0	0	0	0	2	0	0	0	0	1	1	1	3
-87	0	0	0	0	0	0	0	0	0	0	0	0	0	0	0	0	0	0	0	1	0	0	1
-86	0	0	0	0	0	0	0	0	0	0	0	0	0	0	1	0	0	0	0	0	0	1	1
-85	0	0	0	0	0	0	0	0	0	0	0	0	0	0	1	0	0	0	0	1	0	1	2
-80	0	0	0	0	0	0	0	0	0	0	0	0	0	0	1	0	0	0	0	0	0	0	1
-79	0	1	0	0	0	0	0	0	0	0	0	0	0	0	3	0	0	0	0	0	0	0	4
-78	0	0	0	0	0	0	0	0	0	0	0	0	0	0	0	0	0	0	0	1	0	0	1
-75	0	0	0	0	0	0	0	0	0	0	0	0	0	0	2	0	0	0	0	0	0	0	2
-74	0	1	0	0	0	0	0	0	0	0	0	0	0	0	1	0	0	0	0	0	0	0	2
-73	0	0	0	0	0	0	0	0	0	0	1	0	0	0	1	0	0	0	0	0	1	0	2
-71	0	0	0	0	0	0	0	0	1	0	0	0	0	0	0	0	0	0	0	0	0	0	1
-70	0	0	0	2	1	0	1	0	0	0	0	0	0	0	0	0	0	0	0	0	0	0	4
-69	0	0	0	2	1	0	0	0	0	0	0	0	0	0	0	0	0	0	0	0	0	0	3
-68	0	0	0	1	0	0	0	0	0	0	0	0	0	0	0	0	0	0	0	0	0	0	1
-67	0	0	0	1	1	0	0	0	0	0	0	0	0	3	0	0	0	0	0	1	0	0	6
-66	0	0	0	0	0	0	0	0	0	0	1	0	0	2	0	0	0	0	1	0	0	0	4
-65	0	0	0	0	0	0	0	0	0	0	1	0	0	0	0	0	0	0	0	0	1	0	1
-63	0	0	0	1	0	0	1	0	2	0	0	0	0	0	0	0	0	0	0	0	0	1	4
-62	0	0	0	0	1	0	0	0	0	0	0	0	0	0	0	0	0	0	0	0	0	0	1
-61	0	0	0	0	0	0	3	0	0	0	0	0	0	0	1	0	0	0	0	0	0	0	4
-59	0	0	0	0	0	0	0	0	1	0	0	0	0	0	0	0	0	0	0	0	0	0	1
-58	0	0	0	0	0	0	0	0	0	0	0	0	0	0	1	0	0	0	1	0	1	1	2
-57	0	0	1	0	0	0	0	0	1	0	0	1	0	0	0	0	0	0	0	0	0	0	3
-56	0	0	0	1	2	0	0	0	0	2	0	0	0	0	0	0	0	0	0	0	1	0	5
-55	0	0	1	0	0	0	0	0	0	3	0	0	0	0	1	0	0	0	0	0	0	0	5
-54	0	1	0	1	2	0	0	1	0	0	0	1	0	0	0	0	0	0	0	0	0	0	6
-53	0	0	0	1	0	0	0	0	1	0	0	0	0	0	0	0	0	0	0	0	0	1	2
-51	0	0	2	0	0	0	2	0	2	1	0	1	0	0	0	0	0	0	0	0	1	0	8
-50	0	1	0	0	0	0	0	1	1	0	0	0	0	1	0	0	0	0	0	0	0	0	4
-49	0	0	0	0	1	0	0	0	1	0	3	0	0	0	0	0	0	0	0	0	2	1	5
-48	0	1	20	30	9	0	20	14	9	38	244	7	0	16	1	0	0	0	0	19	79	8	428
-47	0	0	4	1	0	0	1	1	4	1	9	0	0	0	0	0	0	0	0	0	2	2	21
-46	0	0	1	1	0	0	0	0	1	1	7	0	0	1	0	0	0	0	0	0	0	0	12
-45	0	0	0	1	0	0	0	1	1	0	2	0	0	0	0	0	0	0	1	0	0	0	6
-44	0	0	0	0	0	0	0	0	1	0	1	0	0	0	0	0	0	0	0	0	0	1	2
-43	0	0	0	0	0	0	0	0	1	2	0	0	0	0	0	0	0	0	0	0	0	0	3
-42	0	0	0	0	0	0	1	0	0	0	0	1	0	0	0	0	1	0	0	0	2	0	3
-41	0	0	0	0	0	0	0	0	0	1	0	0	0	0	0	0	1	0	0	0	0	0	2
-40	0	0	1	0	0	0	0	0	0	1	0	0	0	0	0	0	0	0	0	0	1	0	2
-39	0	0	0	1	0	0	0	0	0	1	0	0	1	1	1	0	0	0	0	0	1	1	5
-38	0	0	0	0	0	0	0	1	0	0	0	0	0	0	0	0	0	0	0	0	0	0	1
-37	0	0	0	0	0	0	1	0	0	2	0	0	1	0	1	0	1	1	0	0	1	0	7
-36	0	0	0	0	1	0	1	0	0	0	0	0	0	0	0	0	4	0	0	0	0	0	6
-35	0	0	1	0	0	0	0	0	0	1	0	0	2	0	1	0	0	0	1	0	2	1	6
-34	0	0	0	0	1	0	0	0	0	1	0	0	1	0	0	0	0	0	0	0	1	0	3
-33	0	0	0	0	0	0	0	0	2	0	0	0	2	0	0	0	0	1	0	0	1	1	5
-32	0	0	0	0	0	0	0	0	2	0	0	2	0	0	0	0	2	1	0	1	0	2	8
-31	0	2	0	0	0	0	0	0	0	0	3	0	0	0	0	0	1	0	0	0	3	0	6
-30	0	0	0	0	0	0	0	0	0	1	2	1	0	0	0	2	0	0	0	0	0	0	6
-29	0	0	0	1	0	0	0	2	1	1	0	0	0	0	1	0	1	0	0	0	2	0	7
-28	0	0	0	0	0	0	0	0	0	1	0	0	2	0	2	1	0	0	0	0	3	0	6
-27	0	0	0	0	1	0	0	0	0	1	1	0	0	0	0	0	0	2	0	0	0	0	5
-26	0	0	0	0	0	0	0	0	0	0	0	0	0	0	2	0	0	2	0	0	1	1	4
-25	0	1	0	0	0	0	1	0	1	2	0	0	0	1	0	0	1	0	0	0	1	0	7
-24	0	0	0	0	2	0	1	0	0	0	0	0	0	0	0	0	1	0	0	0	2	0	4
-23	0	0	0	0	0	0	0	1	0	0	0	0	0	0	0	0	0	0	0	0	0	0	1
-22	0	0	0	1	0	0	0	0	0	1	1	0	0	0	0	0	5	1	0	0	1	0	9
-21	0	0	0	0	0	0	0	1	0	0	1	0	0	0	0	0	0	1	0	0	0	0	3
-20	0	0	1	0	0	0	0	0	1	1	0	1	1	1	0	0	1	2	0	0	0	0	9
-19	0	0	1	1	0	0	0	1	0	1	0	1	0	2	2	0	0	0	0	0	2	0	9
-18	0	1	19	36	6	0	4	5	5	14	0	5	4	25	3	12	47	8	0	0	55	7	194
-17	0	55	11	22	5	0	16	19	8	17	3	50	13	209	0	11	12	15	2	9	258	1	477
-16	0	5	2	2	0	0	1	4	1	2	1	3	1	19	0	1	2	3	1	0	23	1	48
-15	0	4	1	3	1	0	1	4	0	5	0	6	1	7	0	1	1	4	0	0	18	0	39
-14	0	0	1	0	0	0	0	0	1	2	0	0	0	2	1	0	0	2	0	0	2	0	9
-13	0	0	0	1	1	0	0	1	0	1	0	0	0	0	0	1	0	0	0	1	1	0	6
-12	0	0	0	0	2	0	0	0	0	0	0	0	0	0	0	0	1	0	0	0	0	0	3
-11	0	0	1	0	0	0	0	2	1	0	0	0	0	0	0	0	0	1	0	0	0	0	5
-10	1	1	1	2	0	0	0	2	0	0	1	0	0	0	0	0	0	1	0	0	5	0	9
-9	1	0	0	0	0	0	0	0	2	1	0	0	0	1	0	0	0	1	2	0	0	2	8
-8	1	0	0	0	0	0	0	0	0	1	0	0	0	0	0	0	0	0	0	0	1	0	2
-7	1	0	3	0	0	0	1	0	0	1	0	0	0	1	0	0	0	1	0	0	1	0	8
-6	2	0	1	0	0	0	0	1	0	0	0	0	0	1	0	3	0	0	0	0	3	0	8
-5	0	0	0	1	0	0	0	0	0	0	0	0	0	0	0	0	0	0	0	0	0	0	1
-4	0	0	0	0	0	0	0	1	2	0	0	0	0	1	1	0	2	0	0	0	5	0	7
-3	1	0	1	1	1	0	2	3	3	2	1	1	0	0	0	1	3	4	0	0	10	0	24
-2	36	5	17	26	9	0	5	26	19	30	6	17	7	15	5	14	16	28	6	5	179	17	292
-1	35	1	8	21	18	0	14	37	14	41	20	15	6	23	7	11	14	28	3	11	202	13	327
1	212	36	61	110	55	140	90	169	100	168	41	173	118	92	56	99	118	212	13	49	588	91	2112
2	37	11	9	22	11	38	12	44	28	29	14	18	17	10	7	29	20	45	3	9	168	24	413
3	7	6	1	7	5	4	5	11	5	5	5	5	6	5	0	6	5	15	1	2	36	2	106
4	2	1	0	1	1	0	0	1	0	2	1	0	0	1	0	1	1	4	3	0	3	0	19
5	0	5	0	4	0	1	0	1	0	4	1	2	0	3	0	1	0	1	0	0	7	0	23
6	0	0	0	0	0	0	0	1	0	1	0	0	0	0	0	0	0	0	0	0	0	0	2
7	0	2	0	0	0	0	0	0	0	0	0	0	0	0	0	0	0	0	0	0	0	0	2
8	0	0	0	1	0	0	0	0	0	0	1	0	2	0	0	0	1	0	0	0	0	0	5
10	0	0	0	0	0	0	0	0	2	0	0	0	0	0	0	0	0	0	0	0	0	2	2
12	2	0	0	1	2	0	0	0	1	0	0	0	1	0	2	0	0	0	17	0	18	2	26
13	0	0	1	0	0	0	0	1	0	1	1	0	0	0	0	0	0	0	0	0	1	0	4
14	9	0	2	9	0	1	1	0	22	0	4	0	5	0	0	0	1	5	8	78	16	2	145
15	2	0	0	0	0	0	0	1	2	0	5	2	2	0	0	1	0	1	3	5	11	0	24
16	41	5	23	55	14	84	13	16	8	46	930	35	71	17	11	33	29	47	37	14	343	14	1529
17	12	0	9	3	2	23	0	3	2	3	55	3	16	4	0	5	16	7	2	4	21	1	169
18	5	0	0	0	0	2	1	0	0	6	7	2	2	0	0	0	0	0	0	0	6	0	25
19	1	0	0	0	0	3	0	0	0	1	0	0	1	0	0	0	0	0	0	0	1	0	6
20	0	0	0	1	0	0	0	0	0	0	0	0	1	0	0	0	0	0	0	0	0	0	2
21	2	0	0	1	1	1	0	0	0	0	0	0	0	1	0	0	0	0	0	0	1	0	6
22	103	17	143	107	21	90	9	47	0	38	3	64	78	38	0	74	47	62	3	17	75	0	961
23	12	0	4	6	2	5	4	1	1	6	0	7	11	3	0	4	5	1	1	2	2	0	75
24	9	2	20	15	7	9	2	3	0	3	1	6	4	1	0	15	4	11	0	4	3	0	116
25	0	0	2	0	0	0	0	0	0	0	0	0	0	0	0	0	0	0	0	1	0	0	3
26	1	0	0	0	0	1	0	0	2	0	0	0	0	0	0	0	0	0	0	0	3	0	4
27	0	0	0	0	0	0	0	0	0	0	0	0	0	0	0	3	0	0	0	0	0	0	3
28	10	2	2	3	1	4	2	5	4	5	7	1	0	0	1	17	5	4	0	2	40	1	75
29	0	0	0	0	0	1	0	1	0	2	0	0	1	0	0	1	1	0	0	0	3	0	7
30	0	0	0	0	1	0	0	0	0	0	1	0	0	0	1	2	0	0	2	0	0	0	7
31	0	0	0	0	0	0	1	0	0	0	0	0	0	0	0	0	0	0	0	0	0	0	1
32	5	0	8	5	0	4	0	0	0	2	5	5	0	0	0	0	1	4	45	5	12	0	89
33	0	0	0	0	0	0	0	1	0	0	2	0	1	0	0	0	0	0	3	1	3	0	8
34	0	0	0	0	0	0	1	0	0	0	0	0	0	0	0	0	0	0	0	0	0	0	1
35	0	0	0	0	0	0	0	0	0	0	0	0	0	0	0	0	0	0	0	1	0	0	1
38	45	7	54	33	14	43	5	23	2	43	1	37	43	14	0	34	20	31	2	13	16	1	464
39	0	0	1	5	0	3	0	1	0	0	0	3	5	3	0	0	0	2	0	0	5	0	23
40	1	0	0	0	1	2	0	0	1	0	0	0	2	0	0	1	0	0	0	0	2	1	8
41	0	0	0	1	0	0	0	1	0	1	0	0	0	0	0	0	0	0	0	0	1	0	3
42	5	0	2	1	2	0	0	2	0	2	0	1	0	0	0	38	3	0	0	0	47	0	56
43	0	0	0	0	1	1	0	0	0	0	0	1	0	1	0	4	0	0	0	0	4	0	8
44	1	0	0	0	0	0	0	0	1	0	2	0	0	0	0	0	0	0	0	0	2	0	4
45	1	0	0	0	0	0	0	0	0	1	0	0	0	0	1	0	0	0	0	0	0	0	3
46	0	0	3	0	0	0	0	0	0	0	0	0	0	1	0	0	0	0	0	0	0	0	4
47	1	0	0	1	0	0	0	0	0	0	0	0	0	0	0	1	0	0	0	0	0	0	3
50	0	0	0	0	0	0	0	1	0	0	0	0	0	0	0	0	0	0	0	0	1	0	1
51	0	0	0	2	0	0	0	0	0	1	0	0	0	0	1	0	0	0	0	0	2	0	4
52	0	0	0	2	0	0	0	0	0	0	0	0	0	0	0	0	2	1	0	0	4	0	5
53	9	0	18	20	3	12	2	8	1	7	0	2	7	2	2	12	8	5	0	0	6	0	118
54	1	1	1	1	0	2	0	1	0	4	2	0	1	1	1	1	0	2	0	0	6	0	19
55	0	0	0	1	0	0	0	0	0	0	0	0	0	0	0	0	0	0	0	0	0	0	1
56	2	0	0	0	0	0	0	0	0	1	1	0	0	0	0	0	0	0	0	0	2	0	4
57	17	0	0	4	1	17	3	4	4	14	8	1	6	9	2	4	5	10	0	1	81	1	110
58	1	0	0	1	0	0	0	4	0	0	1	1	0	0	0	0	0	0	0	1	5	0	9
60	2	0	0	0	0	0	0	0	0	0	0	0	0	1	0	0	0	0	0	0	1	0	3
61	0	0	0	0	0	0	0	0	0	1	0	2	0	1	0	0	0	0	0	0	0	0	4
62	0	0	1	1	0	1	0	1	0	1	0	0	0	0	0	0	0	0	0	0	0	0	5
64	1	0	0	0	0	0	0	1	0	0	0	0	0	0	0	3	0	0	0	1	2	0	6
66	0	0	1	0	0	0	0	0	0	0	0	0	0	0	0	0	0	0	0	0	0	0	1
67	0	0	0	0	0	0	0	0	0	0	0	0	0	0	1	0	0	0	0	0	0	1	1
68	0	0	0	0	0	0	0	0	1	0	0	0	0	0	0	0	0	0	0	0	0	1	1
69	0	0	0	2	0	1	0	1	0	1	0	0	0	0	0	0	0	1	0	0	2	0	6
70	0	0	0	1	0	0	0	0	0	0	0	0	0	0	0	0	0	1	0	0	0	0	2
71	0	0	0	1	0	0	0	0	0	0	0	0	1	0	0	0	0	0	0	0	0	0	2
72	0	0	1	0	0	0	0	0	0	0	0	0	0	0	0	0	0	0	0	0	0	0	1
73	1	0	0	1	0	0	0	0	0	0	0	0	0	0	0	0	0	0	0	0	0	0	2
74	0	0	0	0	0	0	0	1	1	0	0	0	0	0	0	1	0	0	0	0	1	0	3
75	1	0	0	0	0	0	0	0	0	0	0	0	0	0	0	0	0	0	0	0	0	0	1
76	3	0	0	0	0	0	0	0	0	0	0	0	0	0	0	0	0	0	0	0	3	0	3
77	1	0	0	0	0	0	0	0	0	0	0	0	0	0	0	0	0	1	0	0	0	0	2
79	0	0	0	0	2	0	0	1	0	0	0	0	0	0	0	0	0	0	0	0	3	0	3
80	1	0	0	0	0	0	0	0	0	0	0	0	0	0	0	1	0	0	0	0	0	0	2
81	0	0	0	0	0	0	0	0	5	0	1	0	0	0	0	0	0	0	0	0	4	0	6
82	0	0	0	0	0	0	0	0	1	1	0	0	0	0	1	0	0	0	0	0	2	0	3
83	0	0	0	0	0	0	0	0	0	0	0	0	0	0	0	0	0	1	0	1	0	0	2
84	0	0	1	0	0	0	0	0	0	0	0	0	0	0	0	0	0	0	0	0	1	0	1
85	1	0	0	0	0	0	0	0	0	0	2	0	0	0	0	0	0	0	0	0	2	0	3
86	1	0	0	0	0	0	0	1	0	0	0	0	0	0	0	0	0	0	1	0	0	0	3
87	0	0	0	0	0	0	0	0	0	0	0	0	0	0	0	0	2	1	0	0	0	0	3
88	0	0	0	0	0	1	0	0	0	0	0	0	0	0	0	0	0	0	0	0	1	0	1
89	0	0	0	0	0	1	0	0	0	0	1	0	0	0	0	0	0	0	0	0	0	0	2
91	0	0	0	0	0	1	0	0	0	0	0	0	0	0	0	0	0	0	0	0	0	0	1
92	1	0	0	0	0	0	0	0	0	0	0	0	0	0	0	0	0	0	0	0	0	0	1
94	0	0	0	1	0	0	0	0	0	0	1	0	0	0	0	0	0	0	0	0	2	0	2
95	1	0	0	0	0	0	0	0	0	0	0	0	0	0	0	0	0	1	0	0	0	0	2
96	1	0	0	0	0	0	0	0	0	0	1	0	0	0	1	0	0	0	0	0	0	0	3
97	0	0	0	0	0	0	0	0	0	0	0	0	1	0	0	0	0	0	0	0	0	0	1
100	0	0	0	0	0	0	0	0	2	0	0	0	0	0	0	0	0	0	0	0	2	0	2
101	0	0	0	0	0	0	0	0	0	0	0	0	0	1	1	0	0	1	0	0	1	1	3
104	0	0	0	0	0	0	0	1	1	0	0	0	0	0	0	0	0	0	0	0	1	0	2
105	1	0	0	0	0	0	0	0	0	0	0	0	0	0	0	0	0	1	0	0	2	0	2
107	1	0	0	0	0	1	0	0	0	0	0	0	0	0	0	0	0	0	0	0	1	0	2
108	0	0	0	1	0	0	0	2	0	0	0	0	0	0	0	0	0	0	0	0	0	0	3
110	0	0	0	0	0	0	0	0	0	0	0	0	0	0	0	0	0	0	0	1	1	0	1
111	0	0	0	0	0	1	0	0	0	0	1	0	0	0	0	1	0	0	0	0	2	0	3
114	0	0	0	0	0	1	0	0	0	0	0	0	0	0	0	0	0	0	0	0	0	0	1
115	0	0	0	1	1	0	0	0	0	0	0	0	0	0	0	0	0	0	0	0	1	0	2
119	1	0	0	0	0	0	0	0	0	0	0	0	0	1	0	0	0	0	0	0	0	0	2
120	0	0	0	0	0	0	0	0	0	0	0	0	0	0	0	1	0	0	0	0	0	0	1
121	0	0	0	0	0	0	0	0	1	0	0	0	0	0	0	0	0	0	0	0	0	0	1
123	1	0	0	0	0	0	0	0	0	1	0	0	0	0	0	0	1	0	0	0	0	0	3
124	0	0	0	2	0	0	0	2	0	5	3	0	0	1	0	1	0	1	0	0	12	0	15
125	0	0	0	2	0	0	0	2	0	4	1	1	0	0	0	0	0	1	0	0	9	0	11
126	0	0	0	0	0	0	0	0	0	1	0	0	0	0	1	0	1	0	0	0	2	1	3
127	1	0	0	1	0	0	0	0	0	0	0	0	1	0	0	0	0	0	0	0	2	0	3
128	15	0	1	2	2	5	0	4	8	3	3	0	6	0	2	3	1	2	0	1	17	9	58
129	0	0	0	8	2	0	0	0	0	1	0	0	1	0	0	2	0	0	0	0	2	6	14
130	0	0	0	3	1	0	0	0	0	0	0	0	0	0	0	0	0	0	0	0	1	3	4
133	0	0	0	0	0	0	0	0	0	0	0	0	0	0	0	0	0	0	0	1	0	0	1
135	0	0	0	0	0	0	0	0	0	0	0	0	1	2	0	0	0	0	0	0	2	0	3
136	0	0	0	0	0	0	0	0	0	0	0	0	0	1	0	0	0	0	0	0	1	0	1
140	0	0	0	0	0	0	0	2	0	0	0	0	0	0	0	0	0	0	0	0	2	0	2
141	0	0	0	0	0	0	0	1	0	0	0	0	0	0	0	0	0	0	0	0	1	0	1
142	1	0	0	0	1	0	0	1	0	0	0	0	0	0	0	0	0	1	0	0	1	0	4
144	0	0	0	0	0	0	0	0	0	0	1	0	1	0	0	0	0	1	0	0	1	0	3
145	0	0	0	0	0	0	0	0	1	0	0	0	0	0	0	0	0	1	0	0	1	0	2
146	0	0	1	1	0	0	0	0	0	0	0	1	0	0	0	0	0	0	0	0	2	0	3
147	0	0	0	0	0	0	0	0	0	1	1	0	0	0	0	0	0	0	0	0	0	0	2
148	0	0	0	0	0	0	0	0	0	0	0	0	0	0	0	0	0	0	1	0	1	0	1
149	0	0	0	0	0	0	0	0	0	0	0	0	0	0	0	0	0	0	2	0	2	0	2
150	0	0	0	0	0	0	0	1	0	0	0	0	0	0	0	0	0	0	0	0	0	0	1
151	0	0	0	0	0	0	0	0	0	0	0	0	0	0	0	1	0	0	0	0	0	0	1
152	0	4	0	0	0	0	0	0	0	0	0	0	0	0	0	0	0	0	0	0	0	0	4
153	0	0	0	0	0	0	0	0	0	0	0	0	0	0	0	2	0	0	0	0	0	0	2
154	0	0	0	0	3	0	0	4	2	1	5	0	0	0	1	0	0	1	0	0	14	2	17
155	0	0	0	0	0	0	0	0	0	0	2	0	0	0	0	0	0	0	0	0	2	0	2
156	7	0	0	4	0	2	0	8	15	7	5	1	1	1	1	4	2	5	0	3	26	16	66
157	0	0	0	0	1	0	0	0	0	1	0	1	0	0	0	0	0	1	0	0	1	0	4
159	0	0	0	0	0	0	0	0	0	0	0	0	0	0	0	0	0	3	0	0	0	0	3
160	0	0	0	0	0	0	0	0	0	0	0	0	1	0	0	0	0	0	0	0	1	0	1
161	0	0	0	0	0	0	1	0	0	0	0	0	0	0	0	0	0	1	0	0	0	0	2
167	0	0	0	0	0	0	0	0	0	0	0	0	0	0	0	0	0	1	0	0	0	0	1
169	0	0	0	0	0	0	0	2	1	0	0	0	0	0	0	0	0	0	0	0	3	0	3
173	0	0	0	0	0	0	0	0	0	0	0	0	0	0	0	0	1	0	0	0	1	0	1
177	0	0	0	0	0	0	0	0	0	0	0	1	0	0	0	0	0	0	0	0	0	0	1
178	0	0	0	0	0	0	0	0	0	0	0	0	0	0	0	0	0	1	0	0	0	0	1
180	0	0	0	0	0	0	0	0	0	0	0	0	0	0	0	0	0	2	0	0	2	0	2
181	0	0	0	0	0	0	0	2	3	0	0	0	0	0	0	0	0	0	1	0	5	0	6
182	0	0	0	0	0	0	0	1	2	0	0	0	0	0	0	0	0	0	0	0	2	0	3
183	0	0	0	0	0	0	0	1	0	0	0	0	0	0	0	0	0	0	0	0	1	0	1
185	0	0	0	0	1	0	0	0	0	0	0	0	0	0	0	0	0	0	0	0	0	0	1
187	0	0	0	0	0	0	0	1	0	0	0	0	0	0	0	0	1	0	0	0	0	0	2
188	0	0	0	0	0	1	0	0	0	0	0	0	0	0	0	0	0	0	0	0	1	0	1
191	0	0	0	0	0	0	0	0	0	0	1	0	0	0	0	0	0	0	0	0	0	0	1
194	0	0	0	1	0	0	0	0	0	0	0	0	0	0	0	0	0	0	0	0	0	0	1
195	0	0	0	0	4	0	0	0	0	0	0	0	0	0	0	0	0	1	0	0	5	0	5
