 	A	C	D	E	F	G	H	I	K	L	M	N	P	Q	R	S	T	V	W	Y	Nterm	Cterm	Sum
-112	0	0	0	0	0	0	0	0	0	0	0	0	0	0	0	0	0	0	1	0	0	0	1
-102	0	0	0	0	0	0	0	0	0	0	0	0	0	0	0	0	0	0	0	5	0	0	5
-100	0	0	0	0	0	0	0	0	0	0	0	0	0	0	0	0	0	0	0	1	0	0	1
-99	0	0	0	0	0	0	0	0	0	0	0	0	0	0	4	0	0	0	0	0	0	2	4
-98	0	0	0	0	0	0	0	0	0	0	0	0	0	0	1	0	0	0	0	0	0	0	1
-91	0	0	0	0	0	0	0	0	0	0	0	0	0	0	0	0	0	0	0	2	0	0	2
-90	0	0	0	0	0	0	0	0	0	0	0	0	0	0	0	0	0	0	1	0	0	0	1
-89	0	0	0	0	1	0	0	0	0	0	0	0	0	0	0	0	0	0	0	0	0	0	1
-87	0	0	0	0	0	0	0	0	0	0	0	0	0	0	1	0	0	0	0	0	0	0	1
-86	0	0	0	0	0	0	0	0	0	0	0	0	0	0	0	0	0	0	0	2	0	0	2
-85	0	0	0	0	0	0	0	0	0	0	0	0	0	0	1	0	0	0	0	0	0	0	1
-84	0	0	0	0	0	0	0	0	0	0	0	0	0	0	0	0	0	0	0	1	0	0	1
-76	0	0	0	0	0	0	0	0	0	0	0	0	0	0	1	0	0	0	0	0	0	1	1
-72	0	0	0	0	0	0	0	0	0	0	0	0	0	0	1	0	0	0	0	0	0	0	1
-71	0	0	0	0	0	0	1	0	0	0	0	0	0	0	1	0	0	0	0	0	0	0	2
-70	0	0	0	0	0	0	0	0	0	0	0	0	0	0	1	0	0	0	0	0	0	0	1
-69	0	0	0	0	1	0	0	0	0	0	0	0	0	0	0	0	0	0	0	0	0	0	1
-68	0	0	0	0	0	0	0	0	1	0	0	0	0	0	0	0	0	0	0	0	0	0	1
-67	0	0	0	1	0	0	0	0	1	0	0	0	0	0	0	0	0	0	0	0	0	0	2
-63	0	0	0	1	0	0	0	0	0	0	0	0	0	0	0	0	0	0	0	0	1	0	1
-62	0	0	0	0	0	0	0	0	0	0	0	0	0	0	1	0	0	0	0	0	0	0	1
-61	0	4	0	0	0	0	4	0	0	0	0	0	0	0	0	0	0	0	0	0	4	0	8
-58	0	0	0	0	1	0	0	0	0	0	0	0	0	0	0	0	0	0	0	0	0	0	1
-57	0	267	14	5	5	0	8	0	2	0	3	6	0	0	0	0	0	0	0	4	0	1	314
-56	0	34	0	3	0	0	2	1	1	7	0	2	0	1	0	0	0	0	0	3	1	0	54
-55	0	3	0	0	0	0	0	2	0	1	1	0	0	1	0	0	0	0	0	0	0	0	8
-54	0	0	0	0	0	0	0	0	1	0	0	0	0	0	0	0	0	0	0	0	0	0	1
-53	0	0	1	0	0	0	0	0	0	1	0	1	0	1	0	0	0	0	0	0	1	0	4
-52	0	0	0	0	0	0	0	0	0	0	0	1	0	0	0	0	0	0	0	0	0	0	1
-51	0	0	0	1	0	0	0	0	0	1	0	0	0	0	0	0	0	0	0	0	1	0	2
-50	0	0	1	0	4	0	0	0	0	0	0	1	0	0	0	0	0	0	0	0	3	0	6
-49	0	0	0	1	0	0	0	0	0	0	0	0	0	1	0	0	0	0	1	0	0	0	3
-48	0	0	0	1	0	0	0	0	0	0	2	0	0	0	0	0	0	0	0	0	2	0	3
-47	0	0	0	0	0	0	0	0	2	0	0	1	0	0	1	0	0	0	0	0	0	1	4
-46	0	0	1	0	0	0	0	0	0	0	0	0	0	0	0	0	0	0	0	0	1	0	1
-45	0	10	0	0	0	0	0	3	0	0	1	1	0	0	2	0	0	0	0	0	10	1	17
-44	0	2	0	1	0	0	0	1	0	0	0	0	0	0	0	0	0	0	0	0	2	0	4
-43	0	1	0	0	0	0	0	0	0	1	0	0	0	0	0	0	1	0	0	0	1	0	3
-42	0	0	0	1	0	0	0	1	0	1	0	0	0	0	0	0	0	0	1	0	0	0	4
-41	0	1	0	0	0	0	0	0	0	0	0	0	0	1	0	0	0	0	0	0	0	0	2
-40	0	0	0	0	0	0	0	0	0	1	0	0	0	0	0	0	0	0	0	0	0	0	1
-39	0	0	2	0	0	0	0	0	0	1	0	0	0	0	0	0	0	0	0	0	0	0	3
-38	0	0	0	0	0	0	1	0	0	2	0	0	0	0	0	0	0	0	0	0	2	0	3
-36	0	0	0	0	0	0	0	0	0	0	0	0	0	0	0	0	3	0	0	0	0	0	3
-35	0	2	0	0	0	0	0	0	0	0	0	0	0	1	0	0	1	0	0	0	0	0	4
-34	0	0	0	1	1	0	0	0	0	0	0	2	0	0	1	0	0	0	0	0	3	0	5
-33	0	0	0	1	1	0	0	0	0	0	0	0	0	0	0	0	0	0	0	0	1	0	2
-31	0	0	0	0	0	0	1	0	0	0	0	0	0	1	1	0	0	0	0	0	0	0	3
-29	0	0	0	2	0	0	0	0	2	2	0	0	0	1	0	0	1	0	0	0	0	1	8
-28	0	0	0	0	0	0	0	0	0	0	0	0	0	0	0	0	0	1	0	0	0	0	1
-27	0	0	0	0	0	0	0	0	0	0	0	0	1	0	0	0	0	0	0	0	0	0	1
-26	0	0	1	0	0	0	0	0	0	0	0	0	0	0	0	1	0	0	1	0	1	0	3
-25	0	2	1	2	0	0	0	0	0	0	0	0	0	0	0	0	0	0	0	0	0	0	5
-24	0	0	0	0	0	0	0	0	0	1	0	0	0	0	0	1	1	0	0	0	0	0	3
-23	0	0	1	0	0	0	0	0	0	0	0	0	0	1	0	0	0	0	0	0	0	0	2
-22	0	0	0	0	0	0	0	0	0	0	0	0	0	0	0	0	2	0	0	0	0	0	2
-21	0	0	1	0	0	0	0	0	0	0	0	0	0	0	0	0	0	0	1	0	0	0	2
-20	0	0	0	0	1	0	0	0	0	0	0	0	0	1	0	0	2	0	0	0	0	0	4
-19	0	0	0	1	0	0	0	0	0	1	0	0	0	0	0	0	0	2	0	0	0	0	4
-18	0	2	24	44	8	0	2	13	2	24	5	1	3	54	0	18	59	4	0	2	85	1	265
-17	0	32	12	16	5	0	6	23	14	15	4	46	6	150	2	6	26	10	4	12	166	1	389
-16	0	3	3	5	0	0	0	3	2	3	1	5	3	17	1	3	2	2	0	3	21	0	56
-15	0	1	1	1	0	0	1	0	0	1	0	2	1	2	0	0	0	2	1	0	4	0	13
-14	0	0	0	0	0	0	0	0	2	2	0	0	0	0	0	0	1	0	0	0	1	0	5
-13	0	0	0	0	0	0	0	0	0	0	0	0	0	0	1	0	0	0	0	0	0	0	1
-12	0	0	0	0	1	0	0	0	0	0	0	0	0	0	0	0	0	0	0	0	0	0	1
-11	0	0	0	1	0	0	0	0	0	0	0	0	0	0	0	0	0	0	0	0	0	0	1
-10	1	0	0	0	0	0	0	0	0	1	0	0	0	0	0	0	0	0	0	0	1	0	2
-9	2	2	0	0	0	0	2	0	0	0	0	0	0	0	0	0	0	0	0	0	0	0	6
-8	0	1	1	0	0	0	0	0	0	0	0	0	0	0	0	0	0	0	0	0	1	0	2
-7	0	0	0	0	0	0	0	1	0	0	0	0	0	0	0	0	0	0	0	0	0	0	1
-4	0	0	0	0	0	0	2	0	0	0	0	0	0	0	1	0	0	0	0	0	0	0	3
-3	0	0	0	0	0	0	0	0	0	1	0	0	0	1	0	1	0	0	0	0	0	0	3
-2	3	3	2	7	3	0	0	2	1	7	4	1	0	1	1	3	4	6	0	2	30	1	50
-1	18	4	4	12	5	0	3	19	4	22	11	8	2	13	4	7	12	22	2	8	101	6	180
1	395	37	209	273	127	283	126	282	161	389	125	312	228	228	59	173	218	373	33	125	904	106	4156
2	43	6	19	32	8	48	19	50	16	37	23	39	29	34	4	25	43	43	4	13	108	4	535
3	5	0	2	3	2	1	2	1	0	6	2	2	3	1	0	1	7	4	0	0	4	0	42
4	0	0	1	0	0	0	0	0	0	0	0	0	2	1	0	0	1	1	8	0	0	0	14
5	1	3	1	1	0	0	0	1	0	0	0	0	0	3	0	1	0	0	3	0	7	0	14
6	0	0	0	0	0	1	0	0	0	0	0	0	0	0	0	0	0	0	0	0	0	0	1
7	0	0	1	0	0	0	0	0	0	0	0	0	0	0	0	1	0	0	0	0	0	0	2
8	0	0	0	0	0	0	0	0	0	0	0	0	4	0	0	0	0	0	0	0	0	0	4
10	0	0	0	0	0	1	0	0	0	0	0	0	1	0	0	0	0	0	0	0	1	0	2
11	0	0	0	0	0	0	2	0	0	0	0	0	0	0	0	0	0	0	0	0	2	0	2
12	1	0	0	0	1	0	4	0	0	1	0	0	0	0	1	2	0	0	32	0	35	0	42
13	1	0	0	0	0	0	0	0	0	0	0	0	2	0	0	0	0	0	1	0	3	0	4
14	1	0	0	2	0	0	0	0	3	1	1	0	0	0	0	0	0	0	0	0	2	0	8
15	2	0	0	1	0	0	0	0	4	0	3	0	0	0	0	0	0	0	0	0	1	0	10
16	38	4	22	46	3	54	16	10	11	68	862	14	57	22	10	36	32	38	60	9	288	10	1412
17	8	2	3	7	1	18	5	1	1	14	90	7	9	4	0	5	7	4	14	8	47	0	208
18	0	1	1	0	1	1	0	0	1	8	7	1	2	1	0	1	1	0	4	0	12	0	30
19	0	0	0	0	0	2	0	0	1	2	0	0	0	0	0	0	0	0	0	0	5	0	5
20	0	0	0	0	0	0	0	0	0	0	0	0	0	0	2	0	0	0	0	0	2	0	2
21	0	0	2	0	0	0	0	0	0	0	0	0	0	0	0	0	0	0	0	0	0	0	2
22	63	12	57	47	17	52	5	39	1	36	13	40	40	30	0	28	30	44	5	13	19	0	572
23	14	1	9	5	4	16	1	7	0	6	2	9	15	5	0	7	5	12	1	3	0	0	122
24	0	0	2	4	0	5	0	5	1	0	5	3	5	3	1	7	1	6	1	1	1	1	50
25	0	0	0	1	0	1	0	0	1	0	0	0	0	1	0	0	0	1	0	0	0	0	5
26	0	0	0	0	1	0	0	0	0	0	0	0	0	0	1	0	0	0	0	0	0	0	2
28	0	0	0	2	0	0	0	0	0	0	0	0	0	0	1	0	0	1	0	0	1	0	4
29	0	0	0	1	0	0	0	0	1	0	0	0	1	0	4	0	0	0	0	0	0	4	7
30	0	0	0	0	0	0	0	0	0	0	0	0	0	0	1	0	0	2	0	0	3	0	3
31	0	0	0	0	0	0	0	0	0	0	1	0	0	0	0	0	0	0	0	0	0	0	1
32	1	7	0	0	0	1	0	1	0	0	4	2	0	0	0	0	0	3	16	0	0	0	35
33	2	0	0	0	0	0	0	2	0	1	0	0	0	0	0	0	0	1	0	0	1	0	6
35	0	0	0	0	0	0	3	1	0	1	0	0	0	0	0	0	0	0	0	0	1	0	5
37	0	0	0	0	0	0	0	0	0	1	0	0	0	0	0	0	0	0	0	0	0	0	1
38	18	2	13	11	5	18	0	16	2	13	7	3	21	4	0	7	15	8	2	3	2	0	168
39	8	0	2	3	1	4	0	2	0	2	1	2	2	2	0	1	1	3	0	3	0	0	37
40	0	2	0	1	0	0	0	1	0	0	0	0	1	2	0	0	0	0	0	0	4	0	7
41	0	0	0	1	0	0	0	1	0	0	0	0	0	0	0	0	0	0	0	0	0	0	2
42	9	0	2	0	0	0	0	1	1	2	5	1	0	3	0	34	0	0	0	0	47	0	58
43	1	0	0	0	0	0	0	0	0	0	0	2	0	1	0	2	0	0	0	0	4	0	6
44	0	0	0	0	0	0	0	0	0	0	1	0	0	0	0	0	0	0	0	0	1	0	1
45	0	0	0	0	1	0	0	0	0	0	0	0	1	1	1	0	0	1	0	0	1	0	5
46	0	0	0	0	0	1	0	0	0	0	0	0	0	0	0	0	0	0	0	0	0	0	1
49	0	0	0	0	0	0	0	0	0	0	0	0	0	1	0	1	0	0	0	0	0	0	2
50	0	0	0	0	0	0	0	0	0	1	0	0	0	0	0	0	0	0	0	0	0	0	1
51	0	0	0	1	0	0	0	1	0	0	1	0	3	0	0	0	0	0	0	0	0	0	6
52	0	0	0	0	0	0	0	0	0	0	0	0	0	0	1	0	0	0	0	0	0	1	1
53	0	0	0	0	0	0	0	1	0	0	0	0	0	1	0	0	0	0	0	0	0	0	2
54	0	0	0	0	0	2	0	0	0	0	1	0	0	0	0	0	0	0	0	0	1	0	3
56	1	0	0	0	0	0	0	0	0	0	0	0	0	0	0	0	0	0	0	0	0	0	1
57	0	0	1	0	0	0	0	0	0	0	0	0	0	0	0	0	0	0	0	0	0	0	1
58	0	0	0	0	1	2	0	0	0	1	0	1	0	0	0	1	0	0	0	0	0	0	6
59	0	0	0	0	1	1	0	0	0	0	0	1	0	1	0	0	0	0	0	0	0	0	4
61	0	0	0	0	1	0	0	0	0	0	0	0	0	0	0	0	0	0	0	0	0	0	1
62	0	0	1	0	0	0	0	0	0	0	0	0	0	0	0	0	0	0	0	0	0	0	1
63	0	0	0	0	0	0	0	0	0	0	1	0	0	0	0	0	0	0	0	0	0	0	1
64	3	0	0	0	0	0	0	0	0	0	0	0	0	0	0	3	0	0	0	0	4	0	6
65	0	0	0	0	0	0	0	0	0	0	0	0	0	0	1	0	0	0	0	0	0	0	1
66	0	0	0	0	0	0	0	0	0	0	0	0	0	0	1	0	0	0	0	0	0	0	1
67	0	0	0	0	0	0	0	1	0	0	0	0	0	1	0	0	0	0	0	0	0	0	2
68	0	0	0	0	0	0	0	0	0	0	0	1	0	0	0	0	0	0	0	0	0	0	1
71	1	0	0	0	0	0	0	0	0	0	0	0	0	0	0	0	0	0	0	0	0	0	1
73	0	0	0	0	0	0	0	0	0	0	0	0	0	0	0	0	1	0	0	0	0	0	1
74	0	0	0	0	0	2	0	0	0	0	0	0	0	0	0	2	0	0	0	0	2	0	4
75	0	0	0	0	0	0	0	0	0	0	0	0	0	0	0	0	0	0	0	2	0	0	2
77	0	0	0	0	0	1	0	0	1	0	0	0	0	0	0	0	0	0	0	0	0	0	2
78	0	0	0	0	0	0	0	0	0	0	0	0	0	1	0	0	0	0	0	0	0	0	1
79	0	0	0	0	0	1	0	0	0	0	0	0	0	0	0	0	0	0	0	0	0	0	1
80	0	0	0	0	0	0	0	0	0	0	0	0	0	0	0	1	1	0	0	0	0	0	2
81	0	0	0	0	0	1	0	0	0	0	0	0	1	0	0	0	0	0	0	0	0	0	2
82	0	0	0	0	0	1	0	0	0	0	0	0	0	0	0	0	0	0	0	0	0	0	1
83	1	0	0	0	0	0	0	0	0	0	0	0	0	0	0	0	0	0	0	0	0	0	1
84	0	0	0	1	0	0	0	0	0	2	0	0	0	0	0	0	0	0	0	0	0	0	3
85	0	0	0	0	0	1	0	0	0	1	0	0	0	0	0	0	0	0	0	0	0	0	2
86	0	0	1	0	0	0	0	0	1	0	0	0	0	0	0	0	0	0	1	0	0	0	3
87	0	0	2	0	0	0	0	0	0	0	0	0	0	0	0	0	0	0	0	0	0	0	2
88	0	0	0	0	0	0	0	0	0	0	0	0	1	0	0	0	0	0	0	0	0	0	1
90	0	0	1	0	0	0	0	0	0	0	0	0	0	0	0	0	0	0	0	0	0	0	1
92	0	0	0	0	0	0	0	1	0	0	0	0	0	0	0	0	0	1	0	0	0	0	2
93	0	0	0	0	0	0	0	0	0	0	0	1	0	0	0	0	0	0	0	0	0	0	1
97	0	0	0	0	0	0	0	0	0	0	0	0	0	0	1	0	0	0	0	0	0	1	1
100	0	0	0	0	0	0	0	0	2	0	1	0	1	0	0	0	0	0	0	0	2	0	4
102	0	0	0	0	0	0	0	0	0	0	0	0	0	0	0	0	0	1	0	0	0	0	1
103	0	0	0	0	0	0	0	0	0	0	0	0	0	0	0	0	1	0	0	0	0	0	1
104	0	0	0	0	0	0	0	0	1	0	0	0	0	0	0	0	0	0	0	0	0	0	1
105	0	0	0	0	0	0	0	0	0	0	0	0	0	1	0	1	0	0	0	0	0	0	2
107	0	0	0	1	0	0	0	0	0	0	0	0	0	0	0	0	0	0	0	0	0	0	1
108	0	0	0	0	0	1	0	0	0	0	0	0	0	0	0	0	0	0	0	0	0	0	1
109	0	0	0	1	0	0	0	0	0	0	0	0	0	0	0	0	0	0	0	0	0	0	1
111	0	0	0	0	0	0	0	0	0	0	0	0	0	0	0	2	0	0	0	1	0	0	3
114	0	0	0	0	0	0	0	0	0	1	0	0	0	0	0	0	0	0	0	0	1	0	1
115	1	0	0	0	0	0	0	0	0	0	0	0	0	0	0	0	0	0	0	0	0	0	1
116	0	0	0	0	0	0	0	0	0	0	0	0	0	0	0	0	2	0	0	0	0	0	2
119	0	0	0	0	0	0	0	0	0	0	0	1	0	0	0	0	0	0	0	0	0	0	1
121	0	0	0	0	0	0	0	0	0	0	0	1	0	0	0	0	0	0	0	0	0	0	1
123	0	0	0	0	0	0	0	0	0	1	0	0	0	0	0	0	0	0	0	2	0	0	3
127	0	0	0	0	0	0	0	0	0	0	0	0	0	0	1	0	0	0	0	0	0	0	1
128	5	0	0	0	2	0	0	3	4	4	1	1	1	2	1	0	0	0	0	0	6	5	24
129	0	0	0	9	0	0	0	0	0	0	0	0	0	2	0	9	0	1	0	0	0	8	21
130	0	0	1	1	0	0	0	0	0	0	0	0	0	0	0	1	0	0	0	0	0	1	3
132	0	0	0	1	0	0	0	0	0	0	0	0	0	0	0	0	0	0	0	0	0	0	1
138	0	0	0	0	0	1	0	0	0	0	0	0	0	0	0	0	0	0	0	0	0	0	1
143	0	0	0	0	0	0	0	0	0	0	0	1	0	0	0	0	0	0	0	0	1	0	1
144	0	0	0	0	0	0	0	0	0	0	1	0	0	0	0	1	0	0	0	0	0	0	2
145	0	0	0	0	0	0	0	0	0	0	0	0	0	1	0	0	0	0	0	0	1	0	1
146	0	0	0	0	0	1	0	0	0	0	0	0	0	0	0	0	0	0	0	0	0	0	1
147	0	0	0	0	2	0	0	0	0	0	0	0	0	0	0	0	0	0	0	1	2	0	3
151	0	0	0	1	0	0	0	0	0	0	0	0	0	0	0	5	0	0	0	0	0	1	6
152	10	57	3	1	1	1	2	2	0	1	0	0	2	2	0	8	0	2	0	2	19	0	94
153	1	8	0	1	1	2	0	0	0	0	0	0	1	0	0	2	1	1	0	0	4	0	18
154	2	0	0	0	0	0	0	0	0	2	0	0	0	0	0	0	0	0	0	0	4	0	4
156	8	0	1	5	0	9	2	7	3	5	2	0	1	2	0	6	1	4	0	2	10	3	58
157	6	0	0	0	0	0	0	0	0	1	0	0	0	1	0	0	0	0	0	0	3	0	8
158	1	0	0	0	0	0	0	0	0	0	0	0	0	0	0	0	0	0	0	0	1	0	1
166	0	0	0	0	1	0	0	0	0	0	0	0	0	0	0	0	0	0	0	0	0	0	1
167	1	0	2	0	0	0	0	0	0	0	0	0	0	0	0	2	0	0	0	0	0	0	5
168	1	0	0	0	0	0	0	0	0	0	0	0	0	0	0	0	0	0	0	0	0	0	1
172	1	0	2	0	0	0	0	1	0	0	1	0	0	0	0	0	0	0	0	0	2	0	5
181	0	0	0	0	0	0	0	3	0	0	0	0	0	0	0	0	0	0	0	0	3	0	3
184	0	0	0	0	0	0	0	0	1	0	0	1	0	0	0	0	0	1	0	0	0	0	3
188	0	0	2	0	0	0	0	0	5	0	0	1	0	0	0	0	1	0	0	0	1	0	9
189	0	0	0	0	0	1	0	0	3	0	0	0	0	0	0	0	0	0	0	0	0	0	4
190	0	0	1	0	0	0	0	0	0	0	0	0	0	0	0	0	0	0	0	0	0	0	1
195	0	1	0	0	0	0	0	0	0	0	0	0	0	0	0	0	0	0	0	0	0	0	1
196	0	0	0	0	0	0	0	0	1	0	0	0	0	0	0	0	0	0	0	0	0	1	1
198	0	0	0	0	0	1	0	0	0	0	0	0	0	0	0	0	0	0	0	0	0	0	1
