 	A	C	D	E	F	G	H	I	K	L	M	N	P	Q	R	S	T	V	W	Y	Nterm	Cterm	Sum
-122	0	0	0	0	0	0	0	0	0	0	0	0	0	0	0	0	0	0	1	0	0	0	1
-112	0	0	0	0	0	0	0	0	0	0	0	0	0	0	0	0	0	0	1	0	0	0	1
-103	0	1	0	0	0	0	0	0	0	0	0	0	0	0	0	0	0	0	0	1	0	0	2
-102	0	0	0	0	0	0	0	0	0	0	0	0	0	0	0	0	0	0	0	3	0	0	3
-101	0	0	0	0	0	0	0	0	0	0	0	0	0	0	0	0	0	0	1	0	0	0	1
-99	0	0	0	0	0	0	0	0	0	0	0	0	0	0	1	0	0	0	0	0	0	1	1
-96	0	0	0	0	0	0	0	0	0	0	0	0	0	0	0	0	0	0	0	1	0	0	1
-94	0	0	0	0	0	0	0	0	0	0	0	0	0	0	0	0	0	0	0	1	0	0	1
-92	0	2	0	0	0	0	0	0	0	0	0	0	0	0	0	0	0	0	1	0	0	0	3
-89	0	0	0	0	0	0	0	0	0	0	0	0	0	0	1	0	0	0	0	0	0	1	1
-88	0	0	0	0	0	0	0	0	0	0	0	0	0	0	1	0	0	0	0	0	0	0	1
-83	0	0	0	0	1	0	0	0	0	0	0	0	0	0	0	0	0	0	0	0	0	0	1
-80	0	0	0	0	0	0	0	0	0	0	0	0	0	0	0	0	0	0	0	1	0	0	1
-77	0	0	0	0	1	0	0	0	0	0	0	0	0	0	0	0	0	0	0	0	0	0	1
-75	0	0	0	0	0	0	0	0	0	0	0	0	0	0	1	0	0	0	0	0	0	1	1
-73	0	0	0	0	0	0	0	0	0	0	0	0	0	0	1	0	0	0	0	0	0	0	1
-71	0	0	0	1	0	0	0	0	0	0	0	0	0	0	0	0	0	0	1	0	0	0	2
-70	0	0	0	0	0	0	0	0	0	0	0	0	0	0	1	0	0	0	0	0	0	0	1
-69	0	0	0	1	0	0	0	0	0	0	0	0	0	0	0	0	0	0	0	0	0	0	1
-67	0	0	0	0	0	0	0	0	0	0	1	0	0	0	0	0	0	0	0	0	1	0	1
-63	0	0	0	0	0	0	0	0	1	0	0	0	0	0	0	0	0	0	0	0	0	0	1
-61	0	0	0	1	0	0	4	0	0	0	0	0	0	0	0	0	0	0	1	0	0	0	6
-60	0	0	0	0	0	0	0	0	0	0	0	0	0	2	0	0	0	0	0	0	0	0	2
-59	0	0	0	1	0	0	0	0	0	0	0	0	0	1	0	0	0	0	0	0	0	0	2
-58	0	0	0	0	0	0	0	0	0	0	0	0	0	1	0	0	0	0	0	0	0	0	1
-54	0	1	0	0	0	0	0	0	0	0	0	0	0	0	2	0	0	0	0	0	0	0	3
-52	0	1	0	0	0	0	0	0	0	0	0	0	0	0	0	0	0	0	0	0	0	0	1
-51	0	0	1	0	0	0	0	0	0	2	0	1	0	0	1	0	0	0	0	0	1	0	5
-50	0	0	0	0	3	0	0	2	0	1	1	0	0	0	0	0	0	0	0	0	4	0	7
-49	0	0	0	1	1	0	0	0	0	0	0	0	0	0	0	0	0	0	0	0	0	0	2
-48	0	0	1	1	0	0	0	1	0	1	20	0	0	2	0	0	0	0	0	0	8	0	26
-47	0	0	1	0	0	0	0	0	2	0	0	1	0	0	0	0	0	0	0	0	0	0	4
-46	0	0	0	0	0	0	0	0	1	1	0	0	0	0	0	0	0	0	1	0	0	0	3
-45	0	0	0	0	0	0	0	0	1	0	0	0	0	1	1	0	0	0	0	0	0	1	3
-44	0	0	0	1	0	0	0	0	0	0	0	0	0	0	0	0	0	0	0	0	0	0	1
-43	0	0	0	0	0	0	0	0	0	1	0	0	0	0	0	0	1	0	0	0	1	0	2
-42	0	0	1	0	0	0	0	1	0	1	0	0	0	0	0	0	1	0	0	0	0	0	4
-40	0	0	0	1	0	0	0	0	1	0	0	0	1	0	0	0	0	0	0	0	0	0	3
-39	0	0	2	0	0	0	0	0	0	0	0	0	0	0	2	0	0	0	0	0	0	2	4
-37	0	0	0	0	0	0	0	0	0	0	0	0	0	0	0	0	0	0	2	0	0	0	2
-36	0	0	1	0	0	0	0	0	0	1	0	1	0	0	0	0	4	0	2	0	0	0	9
-35	0	0	0	0	0	0	0	0	0	0	0	1	0	0	0	0	0	0	0	1	0	0	2
-34	0	0	0	0	0	0	0	0	0	0	0	1	0	0	1	0	0	0	0	0	1	0	2
-33	0	0	0	0	2	0	0	0	0	0	0	0	0	0	0	0	0	0	0	0	0	0	2
-32	0	0	0	0	0	0	0	0	0	1	0	0	1	0	0	0	0	0	0	0	0	0	2
-30	0	1	0	0	0	0	0	0	0	0	1	0	0	0	0	0	1	0	0	0	1	0	3
-29	0	0	0	0	0	0	0	0	0	0	2	0	0	0	0	0	1	0	0	0	2	0	3
-27	0	0	0	0	0	0	0	0	0	0	0	0	0	1	1	0	0	0	0	0	1	0	2
-26	0	0	0	1	0	0	0	0	0	0	0	0	0	0	0	0	0	0	0	0	0	0	1
-25	0	0	0	10	0	0	0	0	0	0	0	0	0	0	0	0	0	0	0	0	0	0	10
-24	0	0	0	0	0	0	0	0	0	0	0	0	1	0	0	0	0	0	0	0	0	0	1
-23	0	0	0	0	0	0	0	0	0	1	0	0	0	0	0	0	0	0	0	0	0	0	1
-22	0	0	0	0	0	0	1	0	0	0	0	0	0	0	0	0	3	0	0	0	0	0	4
-20	0	0	0	0	0	0	0	0	0	0	0	0	0	0	0	0	0	0	0	1	1	0	1
-18	0	0	40	27	9	0	3	3	1	29	5	4	11	34	3	27	38	10	2	4	54	2	250
-17	0	44	17	8	5	0	7	12	9	9	3	35	6	114	1	10	26	6	3	8	172	3	323
-16	0	5	3	2	0	0	2	1	2	2	1	2	0	15	0	1	1	0	2	1	18	0	40
-15	0	2	1	0	0	0	0	0	0	0	1	2	0	6	0	0	0	0	0	0	6	0	12
-14	0	0	0	0	0	0	0	1	2	0	0	0	0	0	0	0	0	0	0	0	0	0	3
-12	0	0	0	0	0	0	0	1	0	0	0	0	0	0	0	0	0	0	0	0	0	0	1
-11	1	0	0	0	0	0	0	0	0	0	0	0	0	0	0	0	0	0	0	0	0	0	1
-9	1	2	0	0	0	0	0	1	1	0	0	0	0	0	0	0	0	0	0	1	0	1	6
-8	0	0	0	0	0	0	0	0	1	0	0	0	0	0	0	0	0	0	0	0	0	0	1
-7	0	0	1	1	0	0	0	1	0	0	0	0	0	0	0	0	0	0	0	0	0	0	3
-6	0	0	0	0	0	0	0	1	0	0	0	0	0	0	1	0	0	0	0	0	0	1	2
-5	1	0	0	0	0	0	0	0	0	0	0	0	0	0	0	0	0	0	0	0	0	0	1
-4	0	0	1	0	0	0	0	0	0	0	0	0	0	1	0	1	1	0	0	0	1	0	4
-3	2	0	0	0	0	0	0	5	0	3	2	0	0	0	0	0	0	0	0	1	6	0	13
-2	19	1	5	10	11	0	2	12	7	19	271	14	7	7	3	7	10	10	2	3	321	5	420
-1	21	2	8	17	7	0	8	27	12	17	39	14	3	7	2	12	17	21	0	3	147	4	237
1	400	38	189	250	115	274	109	356	151	426	104	365	209	214	56	181	235	365	36	124	1032	90	4197
2	43	8	22	34	10	36	13	43	12	52	13	46	31	26	2	27	38	43	5	18	139	4	522
3	0	2	1	1	0	4	1	3	2	3	1	5	2	1	0	1	1	4	1	3	5	0	36
4	0	0	0	1	0	1	0	0	0	1	1	0	1	0	0	0	0	0	10	0	3	0	15
5	0	0	0	4	0	0	0	1	0	2	1	1	0	7	0	0	0	2	2	0	5	0	20
7	0	0	0	0	0	0	0	1	0	0	0	0	0	0	0	0	0	0	0	0	0	0	1
9	1	0	0	0	0	0	0	0	1	0	0	0	0	0	0	0	0	0	0	0	0	0	2
10	0	0	0	0	0	1	0	0	0	0	0	1	0	0	0	0	0	0	0	0	1	0	2
11	0	0	0	0	0	0	0	0	0	0	1	0	0	0	0	0	0	0	0	0	1	0	1
12	1	0	0	1	0	0	2	1	0	2	0	11	2	2	2	0	0	0	12	0	27	2	36
13	0	0	0	0	0	0	0	0	0	0	0	2	0	0	0	0	0	0	0	0	2	0	2
14	0	0	0	4	0	0	0	0	6	2	4	0	0	1	0	0	0	0	0	0	4	0	17
15	1	0	2	1	0	0	0	0	3	0	13	0	1	0	0	0	0	0	3	2	12	0	26
16	119	24	41	73	14	77	23	31	11	82	1600	43	71	30	8	60	64	90	122	15	544	13	2598
17	13	1	12	9	3	22	1	10	1	4	111	16	13	3	0	5	5	11	17	5	65	1	262
18	0	0	0	0	0	0	0	0	1	2	11	1	2	1	0	1	0	1	0	1	10	0	21
19	0	0	0	0	0	1	0	0	2	1	0	0	0	0	0	1	0	0	0	0	1	0	5
20	0	0	0	0	0	0	0	0	0	1	0	0	0	0	1	0	0	0	0	0	2	0	2
21	0	4	0	0	0	0	0	0	0	0	0	0	0	2	0	0	0	0	0	0	0	0	6
22	83	15	95	91	31	87	2	54	3	54	17	49	61	54	1	52	47	84	1	18	34	4	899
23	13	4	10	3	2	23	4	7	0	10	2	8	11	6	0	6	7	18	0	1	2	0	135
24	2	1	5	21	0	6	1	5	0	2	1	0	2	1	0	1	0	1	0	0	0	0	49
25	0	0	0	0	0	0	0	0	0	0	1	0	0	0	0	0	0	0	0	0	0	0	1
26	2	0	0	0	0	0	0	0	0	0	0	0	0	0	0	0	0	0	0	0	0	0	2
27	0	0	0	0	0	0	0	0	1	0	0	0	0	0	0	0	0	0	0	0	0	0	1
28	1	0	0	0	0	0	0	0	0	0	2	0	0	0	0	1	2	0	0	0	2	0	6
29	0	0	2	0	0	0	0	0	0	1	0	0	0	0	0	0	0	1	0	0	0	0	4
30	0	0	0	0	0	0	0	0	0	0	0	0	0	0	0	1	0	0	0	0	0	0	1
32	1	0	3	7	3	2	1	1	0	0	15	1	0	0	0	3	1	1	51	0	24	0	90
33	0	0	3	1	0	1	0	2	0	1	1	0	0	1	0	0	0	1	14	0	6	0	25
34	0	0	0	0	0	0	3	0	0	0	0	0	0	0	0	3	0	1	1	0	1	0	8
35	0	0	0	0	0	0	0	0	0	0	0	0	0	0	0	0	0	0	1	0	0	0	1
38	46	2	23	22	6	25	0	36	1	21	5	16	17	2	0	12	10	26	1	3	2	0	274
39	12	0	5	3	0	3	0	10	1	1	0	1	5	2	0	1	0	10	0	1	1	0	55
40	1	0	0	0	0	0	0	1	0	0	0	0	0	0	1	1	0	2	0	0	1	0	6
41	0	0	0	0	0	1	0	0	0	0	0	0	0	0	0	0	0	0	0	0	0	0	1
42	9	0	0	0	0	0	1	0	0	2	4	1	0	0	0	23	0	0	0	0	35	0	40
43	1	0	0	0	0	0	0	0	1	0	3	0	0	1	0	3	0	0	0	0	5	0	9
46	0	0	0	0	0	1	0	0	0	1	0	0	0	0	0	0	0	0	0	0	1	0	2
47	0	0	0	0	0	0	0	0	0	0	0	0	0	0	0	0	0	0	0	1	1	0	1
50	0	0	0	0	0	1	0	0	0	0	0	0	0	0	0	0	0	0	0	0	0	0	1
52	0	0	0	0	0	0	0	0	0	0	0	0	0	0	0	0	1	0	0	0	0	0	1
53	6	0	2	1	0	2	0	0	1	0	0	0	0	0	0	0	0	0	0	1	0	1	13
54	0	0	0	0	0	1	0	0	0	0	1	0	0	0	0	0	0	0	0	0	1	0	2
55	0	0	2	0	0	0	0	0	0	0	4	0	0	0	0	0	0	0	0	0	4	0	6
56	1	0	1	0	0	0	0	0	0	1	0	0	0	0	1	0	0	0	0	0	0	0	4
57	9	0	0	0	1	5	0	2	2	5	0	0	0	0	0	0	2	12	0	0	34	0	38
58	0	0	0	0	0	2	0	1	2	1	0	0	0	0	0	0	0	0	0	0	4	0	6
59	0	0	0	1	0	0	0	0	0	0	0	0	0	0	0	0	0	0	0	0	0	0	1
60	0	0	0	0	0	0	1	0	0	0	0	0	0	0	0	0	0	0	5	0	5	0	6
62	0	0	0	0	0	0	0	0	0	0	0	1	1	0	0	0	0	0	0	0	0	0	2
64	1	0	0	0	1	0	0	1	0	0	0	0	0	0	0	3	0	0	0	0	2	0	6
68	0	0	0	0	0	0	0	0	1	0	0	0	0	0	0	0	0	0	1	0	0	1	2
69	0	0	0	0	0	0	0	0	0	0	0	0	0	1	0	0	0	0	0	0	1	0	1
70	1	0	1	0	0	0	0	0	0	0	0	0	0	1	0	0	1	1	0	0	1	0	5
72	0	0	0	0	0	0	0	0	0	2	0	0	0	0	0	0	0	0	0	0	0	0	2
73	0	0	0	0	0	0	0	1	0	0	0	0	0	0	0	0	0	0	0	0	0	0	1
74	0	0	0	0	0	0	1	0	0	0	0	0	0	0	0	0	0	1	0	0	1	0	2
75	0	0	0	0	0	0	0	0	0	0	0	0	0	0	1	0	0	0	0	0	0	0	1
76	0	0	0	0	0	0	0	0	0	0	0	0	0	1	0	0	0	0	0	0	0	0	1
78	1	0	0	0	0	0	0	0	0	0	0	0	0	0	0	0	0	0	0	0	0	0	1
82	0	0	0	0	0	1	0	0	0	2	0	0	0	0	0	0	0	0	0	0	2	0	3
84	0	0	0	1	0	0	0	0	0	2	0	0	0	0	0	0	0	0	0	0	0	0	3
85	0	0	1	0	0	0	0	0	0	0	0	0	0	0	0	0	0	0	0	0	0	0	1
86	0	0	0	0	0	1	0	0	0	0	0	0	0	0	0	0	0	0	0	0	0	0	1
87	0	0	0	0	0	0	0	0	0	0	0	0	0	0	0	0	0	1	0	0	0	0	1
88	0	0	0	1	0	0	0	0	0	0	0	0	0	0	0	0	0	0	0	0	1	0	1
92	0	0	0	0	0	0	0	0	0	0	0	0	0	0	1	0	0	0	1	0	0	0	2
94	0	0	0	0	0	0	0	1	0	0	0	0	0	0	0	0	0	0	0	0	0	0	1
96	0	0	0	0	0	0	0	0	0	0	1	0	0	0	1	0	0	0	0	0	0	0	2
97	0	0	1	1	0	1	0	0	0	1	0	0	0	0	1	1	0	0	0	0	0	1	6
101	0	1	0	0	0	0	0	0	0	0	0	0	0	0	0	0	0	0	0	0	0	0	1
102	0	0	0	0	0	0	0	0	0	0	0	0	0	0	0	0	0	1	0	0	0	0	1
104	1	0	0	0	0	0	0	0	0	0	0	0	0	0	0	0	0	0	0	0	1	0	1
107	0	1	0	0	0	0	0	0	0	0	0	0	0	0	0	0	1	0	0	0	0	0	2
108	0	0	0	0	0	1	0	0	0	0	0	0	0	0	0	0	0	0	0	0	0	0	1
109	1	0	0	0	0	0	0	0	0	0	0	0	0	0	0	0	0	0	0	0	0	0	1
113	0	0	0	0	0	0	0	0	0	0	0	0	0	0	0	0	1	0	0	0	0	0	1
115	0	0	0	0	0	0	0	0	1	0	0	0	0	0	0	0	0	0	0	0	1	0	1
119	0	0	0	2	0	0	0	0	0	0	0	0	0	0	0	0	0	0	0	0	2	0	2
120	0	0	0	1	0	0	0	0	0	0	0	0	0	0	0	0	0	0	0	0	1	0	1
123	0	0	0	0	0	0	0	0	0	0	0	0	0	0	1	0	0	0	0	0	0	1	1
127	0	0	0	0	0	0	0	0	0	0	0	0	0	0	0	0	0	2	0	0	0	0	2
128	2	0	0	0	2	2	0	2	2	0	1	2	6	0	1	0	1	2	0	0	3	3	23
129	1	0	0	14	0	0	0	0	0	0	0	0	0	0	0	9	0	1	0	0	0	14	25
130	0	0	0	2	0	0	0	0	0	0	1	0	0	0	0	0	1	0	0	0	0	2	4
134	0	0	0	0	0	0	0	0	0	1	0	0	0	0	0	0	0	0	0	0	0	0	1
138	0	0	0	0	0	3	0	0	0	0	0	0	0	0	0	0	0	0	0	0	0	0	3
143	0	0	0	0	0	0	0	0	0	1	0	0	0	0	0	0	0	0	0	0	0	0	1
144	0	0	1	0	0	0	0	0	1	0	0	0	0	0	0	0	0	0	0	0	0	0	2
145	0	0	0	0	0	0	0	0	0	0	0	0	0	0	0	0	0	1	0	0	0	0	1
147	0	0	1	0	2	0	1	1	0	0	0	0	0	2	0	0	0	0	0	1	5	0	8
148	0	0	0	0	0	0	0	0	0	0	0	0	0	0	0	0	0	1	0	0	0	0	1
149	0	0	0	0	1	0	0	0	0	0	0	0	0	0	0	0	0	0	0	0	1	0	1
151	0	0	0	0	0	0	0	0	0	0	0	0	0	0	0	2	0	0	0	0	0	0	2
152	0	1	0	1	0	0	0	0	0	0	0	0	0	0	0	0	0	0	0	0	0	0	2
153	0	2	0	1	0	0	0	0	0	0	0	0	0	0	0	0	0	0	0	0	0	0	3
156	11	1	1	4	1	0	0	3	5	7	2	1	4	0	1	4	1	4	0	7	11	6	57
157	4	0	0	0	1	1	0	0	0	2	0	0	0	0	0	0	0	0	0	1	2	0	9
161	1	0	0	0	0	0	0	0	0	0	0	0	0	0	0	0	0	0	0	0	0	0	1
162	0	0	0	0	0	0	0	0	0	0	0	0	0	0	0	0	0	1	0	0	1	0	1
165	0	0	0	0	0	0	0	0	0	0	0	0	1	1	0	0	0	0	0	0	1	0	2
167	2	0	0	1	0	0	0	0	0	0	0	0	0	0	0	0	0	0	0	0	0	1	3
168	0	0	0	1	0	0	0	0	0	0	0	0	0	0	0	0	0	0	0	0	0	0	1
172	0	0	0	3	0	0	0	0	0	0	0	0	0	1	0	0	2	0	0	0	0	0	6
173	0	0	0	0	0	0	0	0	0	0	0	0	0	0	0	0	1	0	0	0	0	0	1
181	0	0	0	0	0	0	0	1	0	1	0	0	0	0	0	0	0	0	0	0	1	0	2
182	0	0	0	0	0	0	0	0	0	1	0	0	0	0	0	0	0	0	0	0	1	0	1
184	0	0	0	1	0	0	0	0	0	0	0	0	0	0	0	0	0	0	0	0	1	0	1
185	0	0	0	0	0	1	0	0	0	0	0	0	0	0	0	0	0	0	0	0	0	0	1
188	0	0	1	0	0	1	0	0	1	0	0	0	0	0	0	0	0	0	0	0	0	0	3
189	0	0	1	0	0	0	0	0	1	0	0	0	0	0	0	0	0	0	0	0	0	0	2
