 	A	C	D	E	F	G	H	I	K	L	M	N	P	Q	R	S	T	V	W	Y	Nterm	Cterm	Sum
-102	0	0	0	0	0	0	0	0	0	0	0	0	0	0	0	0	0	0	0	2	0	0	2
-99	0	0	0	0	0	0	0	0	0	0	0	0	0	0	3	0	0	0	0	0	0	2	3
-95	0	0	0	0	0	0	0	0	0	0	0	0	0	0	1	0	0	0	0	1	1	0	2
-94	0	0	0	0	0	0	0	0	0	0	0	0	0	0	1	0	0	0	0	0	0	0	1
-89	0	0	0	0	1	0	0	0	0	0	0	0	0	0	0	0	0	0	0	0	0	0	1
-81	0	0	0	0	0	0	0	0	0	0	0	0	0	0	2	0	0	0	0	0	0	0	2
-77	0	0	0	0	0	0	0	0	0	0	0	0	0	0	0	0	0	0	0	1	0	0	1
-74	0	0	0	0	1	0	0	0	0	0	0	0	0	0	0	0	0	0	0	0	0	0	1
-70	0	0	0	0	0	0	0	0	1	0	0	0	0	0	0	0	0	0	0	0	0	0	1
-69	0	0	0	1	0	0	0	0	1	0	0	0	0	3	0	0	0	0	0	0	0	0	5
-67	0	0	0	1	0	0	0	0	0	0	0	0	0	0	0	0	0	0	0	0	0	0	1
-64	0	1	0	0	0	0	0	0	0	0	0	0	0	0	0	0	0	0	0	0	0	0	1
-63	0	0	0	0	0	0	0	0	0	0	2	0	0	0	0	0	0	0	0	1	0	0	3
-62	0	0	0	1	0	0	0	0	0	0	0	0	0	0	0	0	0	0	0	0	0	0	1
-61	0	3	0	0	0	0	4	0	0	0	0	0	0	0	0	0	0	0	0	0	3	0	7
-59	0	0	0	1	0	0	0	0	0	0	0	0	0	0	0	0	0	0	0	0	0	0	1
-58	0	0	0	0	10	0	0	0	0	0	0	0	0	0	4	0	0	0	0	0	0	0	14
-57	0	0	1	0	0	0	0	0	0	0	0	0	0	0	0	0	0	0	0	0	0	0	1
-56	0	0	0	0	0	0	0	0	0	1	0	1	0	0	0	0	0	0	0	0	0	0	2
-55	0	0	0	0	0	0	0	0	0	2	0	0	0	0	0	0	0	0	0	0	0	0	2
-52	0	0	1	0	0	0	0	0	0	0	0	0	0	0	0	0	0	0	0	0	0	0	1
-50	0	0	0	0	1	0	0	0	0	0	0	0	0	0	0	0	0	0	0	0	1	0	1
-49	0	0	0	1	0	0	0	0	0	0	0	0	0	0	0	0	0	0	0	0	0	0	1
-48	0	0	0	1	0	0	0	0	0	0	20	0	0	0	0	0	0	0	0	0	6	0	21
-47	0	0	0	0	0	0	0	0	2	0	0	0	0	0	0	0	0	0	0	0	0	1	2
-46	0	0	0	1	0	0	0	0	0	0	0	1	0	0	1	0	0	0	0	0	0	0	3
-45	0	0	0	0	0	0	0	0	0	1	0	0	0	0	2	0	0	0	0	0	0	1	3
-43	0	0	0	0	1	0	0	0	0	1	0	0	0	0	1	0	1	0	0	0	1	0	4
-42	0	0	0	0	0	0	0	0	2	3	0	0	0	0	0	0	0	0	0	0	0	0	5
-40	0	0	0	1	0	0	0	0	0	0	0	0	0	0	0	0	0	0	0	0	0	0	1
-39	0	0	0	0	1	0	0	0	0	0	0	0	0	0	0	0	0	0	0	0	1	0	1
-38	0	1	0	0	0	0	0	0	0	2	0	1	0	0	0	0	0	0	0	0	1	0	4
-37	0	1	0	0	0	0	0	0	0	0	0	0	0	0	0	0	0	0	0	0	0	0	1
-36	0	0	0	0	0	0	0	0	0	0	0	0	0	0	1	0	5	0	1	0	0	0	7
-35	0	0	0	1	0	0	0	0	0	0	0	0	0	0	0	0	2	0	0	0	0	0	3
-34	0	0	0	0	0	0	0	0	0	1	0	0	0	0	0	0	0	0	0	1	0	0	2
-33	0	0	1	0	0	0	0	0	0	0	0	0	0	0	0	0	0	0	0	0	0	0	1
-32	0	0	0	1	0	0	0	0	0	0	0	0	0	0	0	0	0	0	0	2	0	0	3
-31	0	0	0	1	0	0	0	2	0	0	0	0	0	0	0	0	1	0	0	0	0	0	4
-30	0	0	0	1	0	0	0	0	0	0	1	0	0	0	0	0	0	0	0	0	0	0	2
-29	0	0	0	0	0	0	0	0	2	2	0	0	0	0	0	0	0	0	0	0	0	1	4
-28	0	0	0	0	0	0	0	0	2	0	0	0	0	0	0	1	0	0	0	0	0	2	3
-27	0	0	0	0	0	0	0	0	1	0	0	0	0	0	0	0	0	1	0	0	0	0	2
-26	0	0	1	1	0	0	0	0	0	0	0	0	0	0	0	1	0	0	0	0	0	0	3
-23	0	0	0	0	0	0	0	0	0	0	0	0	1	1	0	0	0	0	0	0	0	0	2
-22	0	0	0	0	0	0	0	2	0	0	0	0	0	0	0	0	0	1	0	1	0	0	4
-21	0	0	0	0	0	0	0	0	0	0	0	0	1	0	0	0	0	0	0	0	0	0	1
-20	0	0	0	0	0	0	0	0	0	0	0	0	0	0	0	0	2	0	0	0	0	0	2
-19	0	0	0	0	0	0	0	0	0	0	0	0	0	0	0	2	0	0	0	0	0	0	2
-18	0	3	13	36	6	0	4	11	2	29	4	3	7	50	0	25	35	11	0	3	76	1	242
-17	0	29	7	8	3	0	10	15	6	12	2	38	8	110	0	8	10	9	1	5	139	0	281
-16	0	6	1	5	1	0	1	1	2	4	0	3	0	25	0	1	2	5	0	1	29	0	58
-15	0	0	0	0	0	0	0	1	0	0	1	2	0	6	1	0	0	0	0	0	4	0	11
-14	0	0	0	1	0	0	0	0	1	0	0	0	0	0	1	0	0	0	1	0	0	0	4
-13	0	0	0	0	0	0	0	0	0	1	0	0	0	0	0	0	0	0	0	0	0	0	1
-12	0	1	0	0	2	0	0	0	0	1	0	0	0	0	0	1	0	0	0	0	1	0	5
-9	1	4	0	0	1	0	0	1	0	0	0	0	1	0	0	0	0	0	0	0	0	0	8
-8	0	0	0	0	0	0	0	0	2	0	0	0	0	0	0	0	0	0	0	0	0	1	2
-7	0	0	0	0	0	0	0	2	0	0	0	0	0	0	0	1	0	0	0	0	0	0	3
-6	0	0	1	0	0	0	0	0	0	0	0	0	0	0	0	1	0	0	0	0	0	0	2
-5	0	0	0	0	0	0	0	0	0	1	0	0	0	0	0	0	0	0	0	0	0	0	1
-4	0	0	0	0	0	0	0	0	0	0	1	0	0	0	0	0	0	0	0	0	1	0	1
-3	1	0	0	0	1	0	5	0	0	0	2	1	0	1	0	0	0	1	0	0	2	0	12
-2	19	3	10	15	5	0	6	13	3	18	622	14	6	9	0	12	12	13	25	5	675	2	810
-1	14	0	7	11	5	0	3	9	4	29	75	9	7	7	2	8	8	18	3	6	152	4	225
1	383	45	143	230	118	281	91	320	125	399	73	265	205	191	66	180	244	373	16	119	1026	116	3867
2	35	11	13	20	8	36	11	19	11	23	11	47	33	21	4	18	29	27	4	12	58	6	393
3	3	0	0	2	1	4	0	1	0	1	2	2	4	0	0	2	2	1	0	0	0	0	25
4	0	0	0	1	0	0	0	1	0	0	0	1	0	0	0	0	0	0	2	0	2	0	5
5	0	1	0	0	0	0	0	0	0	0	0	0	1	0	0	1	0	0	0	0	1	0	3
8	0	0	0	0	0	0	0	0	0	0	0	0	2	0	0	0	0	0	0	0	0	0	2
9	0	0	0	0	0	0	0	0	0	1	0	0	0	0	0	0	0	0	0	0	0	0	1
11	0	0	0	0	0	0	0	0	0	1	0	0	0	0	0	0	0	0	0	0	0	0	1
12	0	0	0	0	0	0	2	0	0	0	0	0	0	0	1	0	0	0	8	0	10	1	11
13	0	0	0	0	0	0	0	0	0	0	0	0	1	0	0	0	0	0	0	0	0	0	1
14	0	0	0	0	0	1	0	0	1	3	0	0	0	0	0	0	1	0	0	0	0	0	6
15	1	0	0	0	0	1	0	0	3	0	3	0	1	0	0	0	0	2	0	0	5	0	11
16	24	3	36	44	4	52	7	11	14	80	1059	27	46	20	7	40	22	23	41	11	445	13	1571
17	9	1	2	7	2	8	2	4	0	10	101	7	1	7	0	5	4	9	16	0	70	0	195
18	1	0	0	2	0	0	0	0	0	0	5	1	0	0	0	1	0	1	0	0	7	0	11
19	0	0	0	0	0	0	0	0	1	0	0	0	0	0	0	0	0	0	0	0	0	0	1
21	0	2	0	0	0	0	0	0	0	0	0	0	0	0	0	0	0	0	0	0	0	0	2
22	37	5	39	36	13	47	1	13	1	15	3	40	24	9	0	22	22	21	1	9	14	0	358
23	9	1	5	3	1	15	0	7	0	3	4	10	9	4	0	4	9	7	0	1	0	0	92
24	2	0	1	0	0	5	0	0	0	0	1	2	2	0	0	5	1	0	0	0	0	0	19
25	0	0	1	1	0	0	0	0	0	0	0	1	0	0	0	1	0	0	0	0	0	0	4
26	1	0	0	0	0	0	0	0	0	0	0	0	0	0	0	0	0	0	0	0	0	0	1
27	0	0	0	0	0	0	0	0	0	0	0	0	1	0	0	0	0	0	0	1	0	0	2
28	0	0	0	2	0	0	0	0	0	0	3	0	0	0	0	0	0	0	0	0	3	0	5
29	0	0	0	0	0	0	0	0	0	1	0	0	0	0	2	0	0	0	0	0	0	2	3
31	0	0	0	0	0	1	0	0	0	0	0	0	0	0	0	0	0	0	1	0	1	0	2
32	1	6	0	0	0	0	0	0	0	0	7	1	0	1	0	0	1	1	46	0	25	0	64
33	0	0	1	0	0	1	0	2	0	0	0	1	0	1	0	0	0	0	17	0	12	0	23
34	0	0	0	0	0	1	0	0	0	0	0	0	0	0	0	0	0	0	2	1	1	0	4
35	1	0	0	0	0	1	0	0	0	1	0	0	0	0	0	0	0	0	0	0	0	0	3
36	0	0	0	0	0	0	0	0	0	0	0	0	0	0	0	0	0	0	0	1	0	0	1
37	0	0	0	0	0	0	0	0	0	0	0	1	0	0	0	0	0	0	0	0	0	0	1
38	5	1	8	7	0	6	0	2	0	6	0	1	7	3	0	4	4	2	0	3	1	0	59
39	0	1	2	1	0	1	0	0	0	0	1	1	0	1	0	1	1	1	0	1	0	0	12
40	1	6	0	0	0	0	0	0	0	0	0	0	0	3	1	0	0	0	0	0	9	0	11
42	9	0	0	1	0	0	0	0	0	0	6	1	0	2	0	27	2	0	0	0	43	0	48
43	3	0	1	1	1	0	0	0	0	0	1	0	0	1	0	7	0	0	0	0	10	0	15
45	0	0	0	0	0	0	0	0	0	0	0	0	1	0	0	0	0	0	0	0	0	0	1
51	0	0	1	0	0	0	0	1	0	0	0	0	1	0	0	0	0	0	0	0	1	0	3
52	0	0	0	0	0	0	0	0	0	0	0	0	0	0	1	0	0	0	0	0	0	1	1
53	0	0	1	0	0	0	0	1	1	0	0	0	0	0	0	0	0	0	0	0	0	1	3
54	0	0	0	0	0	1	0	0	1	0	1	0	0	0	0	0	0	0	0	0	1	1	3
55	0	0	0	0	0	0	0	0	0	0	3	0	0	0	0	1	0	0	0	0	3	0	4
56	0	0	0	0	0	1	0	0	0	0	0	0	0	0	0	0	0	0	0	0	0	0	1
57	4	0	0	1	0	7	0	4	1	3	0	0	1	0	0	0	2	3	0	0	24	0	26
58	2	0	0	0	0	1	0	1	0	1	0	0	0	0	0	1	0	1	0	0	7	0	7
59	2	0	0	0	0	1	0	0	0	0	0	0	0	0	0	0	0	0	0	0	0	0	3
60	0	0	0	0	0	1	1	0	0	0	0	1	0	0	0	0	0	0	12	0	13	0	15
61	0	0	0	0	0	0	0	0	0	0	0	0	0	0	0	0	0	0	3	0	3	0	3
64	1	0	0	1	0	0	0	0	0	0	0	0	1	0	0	2	0	0	0	0	2	0	5
66	0	0	0	0	0	0	3	1	0	0	0	0	0	0	0	0	0	0	0	0	1	0	4
67	1	0	0	0	0	0	0	0	0	0	0	0	0	0	0	0	0	0	0	0	0	0	1
69	0	0	0	1	0	0	0	0	0	0	0	0	0	0	0	0	0	0	0	0	0	0	1
71	1	0	0	0	0	1	0	0	0	0	0	0	0	0	0	0	0	0	0	0	1	0	2
72	0	0	0	0	1	0	0	0	0	0	0	0	0	0	0	0	0	0	0	0	0	0	1
74	2	0	0	0	0	2	0	0	0	0	0	0	0	0	0	1	0	1	0	0	1	0	6
81	0	0	0	0	0	0	0	0	0	0	0	0	0	0	0	0	1	0	0	0	0	0	1
83	0	0	0	0	0	0	0	0	0	0	0	0	0	0	1	0	0	0	0	0	0	1	1
84	0	0	0	0	0	0	0	0	1	1	0	0	0	0	0	0	0	0	0	0	0	1	2
85	0	0	0	0	0	0	0	0	0	1	0	0	0	0	0	0	0	0	0	0	0	0	1
88	0	0	0	2	0	0	0	0	0	0	0	0	0	0	0	0	0	0	0	0	2	0	2
91	0	0	0	0	0	0	0	0	0	0	0	0	0	0	0	0	0	0	0	1	0	0	1
92	0	0	2	1	0	0	0	0	0	0	0	0	0	0	0	0	0	0	0	0	0	0	3
96	0	0	0	0	0	0	0	0	0	0	0	0	0	0	1	0	0	0	0	0	0	0	1
97	0	0	0	0	0	0	0	0	0	1	0	0	0	0	0	0	0	0	0	0	0	0	1
100	0	0	0	0	0	0	0	0	2	0	0	0	0	0	0	0	0	0	0	0	2	0	2
103	0	0	0	0	0	0	0	0	0	0	0	0	0	0	0	0	1	0	0	0	0	0	1
104	0	0	0	0	0	0	0	0	2	0	0	0	0	0	0	0	0	0	0	0	1	0	2
106	0	0	0	0	0	0	0	0	0	0	0	1	0	0	0	0	0	0	0	0	0	0	1
107	0	0	0	0	0	0	0	0	0	0	0	0	0	0	0	0	0	0	0	1	0	0	1
109	0	0	0	0	0	0	0	0	0	0	0	0	0	1	0	0	0	0	0	0	0	0	1
111	0	0	0	0	0	0	0	0	0	0	0	0	0	1	0	1	0	0	0	0	0	0	2
115	0	0	0	0	0	0	0	0	0	0	0	0	0	0	0	0	0	1	0	0	1	0	1
116	0	0	0	0	0	0	0	0	0	0	0	0	0	0	0	0	3	0	0	0	0	0	3
117	0	0	0	0	0	0	0	0	0	0	0	0	1	0	0	0	0	0	0	0	0	0	1
122	0	0	0	0	0	0	0	0	0	0	0	0	0	0	1	0	0	0	0	0	1	0	1
128	2	0	0	0	3	0	0	0	0	3	0	1	1	1	0	0	0	1	0	0	4	0	12
129	0	0	0	6	1	1	0	0	0	0	0	0	2	1	1	3	0	0	0	0	1	6	15
130	0	0	0	5	0	0	0	0	0	0	0	0	0	0	0	0	0	0	0	0	0	4	5
132	0	0	0	1	0	0	0	0	0	0	0	0	0	0	0	0	0	0	0	0	0	0	1
139	0	0	0	0	0	0	0	0	0	0	0	0	0	0	1	0	0	0	0	0	1	0	1
146	0	0	0	0	1	0	0	0	0	0	0	0	0	0	0	0	0	0	0	0	0	0	1
147	0	0	0	0	0	0	0	0	1	0	0	0	0	0	0	0	0	0	0	0	1	0	1
151	0	0	0	0	0	0	0	0	0	0	0	0	0	0	0	4	0	0	0	0	0	0	4
152	0	0	0	0	0	0	0	0	0	0	0	0	0	0	0	1	0	0	0	0	0	0	1
154	0	0	0	0	0	0	0	0	0	0	0	0	0	0	0	0	0	1	0	0	0	0	1
156	8	0	0	0	0	1	1	1	4	5	1	0	0	0	0	3	3	3	0	1	9	4	31
157	4	0	0	0	0	3	1	0	2	4	0	0	0	0	0	0	0	1	0	0	1	2	15
164	0	0	0	0	0	0	0	0	0	0	1	0	0	0	0	0	0	0	0	0	1	0	1
167	1	0	2	2	0	1	0	1	0	0	0	0	0	0	0	1	0	0	0	0	1	1	8
168	0	0	0	0	0	3	0	0	0	0	0	0	0	0	0	0	0	0	0	0	0	0	3
171	0	0	1	0	0	0	0	0	0	0	0	0	0	0	0	0	0	0	0	0	1	0	1
172	0	0	0	0	0	0	0	1	0	0	0	0	0	0	0	0	0	0	0	0	1	0	1
173	0	0	0	0	0	0	0	0	0	0	0	0	0	0	0	0	0	1	0	0	0	0	1
174	0	0	0	0	0	0	0	0	0	0	1	0	0	0	0	0	0	0	0	0	0	0	1
181	0	0	0	0	0	0	0	3	0	0	0	0	0	0	0	0	0	0	0	0	3	0	3
185	0	0	0	0	0	0	0	0	0	0	0	0	0	0	0	1	0	0	0	0	0	0	1
189	0	0	1	0	0	0	0	0	1	0	0	0	0	0	0	0	0	0	0	0	0	0	2
190	0	0	0	0	0	0	0	0	1	0	0	0	0	0	0	0	0	0	0	0	0	0	1
199	0	0	0	0	0	0	0	0	0	1	0	0	0	0	0	0	0	0	0	0	1	0	1
