 	A	C	D	E	F	G	H	I	K	L	M	N	P	Q	R	S	T	V	W	Y	Nterm	Cterm	Sum
-112	0	0	0	0	0	0	0	0	0	0	0	0	0	0	0	0	0	0	1	0	0	0	1
-103	0	1	0	0	0	0	0	0	0	0	0	0	0	0	0	0	0	0	0	1	0	0	2
-102	0	0	0	0	0	0	0	0	0	0	0	0	0	0	0	0	0	0	1	0	0	0	1
-101	0	0	0	0	0	0	0	0	0	0	0	0	0	0	0	0	0	0	2	0	0	0	2
-100	0	1	0	0	0	0	0	0	0	0	0	0	0	0	0	0	0	0	0	0	0	0	1
-99	0	0	0	0	0	0	0	0	0	0	0	0	0	0	2	0	0	0	0	0	0	2	2
-95	0	1	0	0	0	0	0	0	0	0	0	0	0	0	0	0	0	0	0	0	0	0	1
-92	0	4	0	0	0	0	0	0	0	0	0	0	0	0	1	0	0	0	0	0	0	0	5
-91	0	1	0	0	0	0	0	0	0	0	0	0	0	0	0	0	0	0	0	1	0	0	2
-90	0	1	0	0	0	0	0	0	0	0	0	0	0	0	0	0	0	0	0	0	0	0	1
-85	0	0	0	0	0	0	0	0	0	0	0	0	0	0	0	0	0	0	0	1	0	0	1
-83	0	0	0	0	0	0	0	0	0	0	0	0	0	0	1	0	0	0	0	1	0	0	2
-82	0	0	0	0	0	0	0	0	0	0	0	0	0	0	1	0	0	0	0	0	0	0	1
-79	0	0	0	0	0	0	1	0	0	0	0	0	0	0	0	0	0	0	0	0	0	0	1
-78	0	0	0	0	0	0	1	0	0	0	0	0	0	0	1	0	0	0	0	0	0	0	2
-77	0	0	0	0	1	0	0	0	0	0	0	0	0	0	0	0	0	0	0	0	0	0	1
-76	0	0	0	0	0	0	0	0	0	0	0	0	0	0	1	0	0	0	0	0	0	0	1
-74	0	0	0	0	0	0	0	0	0	0	2	0	0	0	0	0	0	0	0	0	2	0	2
-72	0	0	0	1	0	0	0	0	0	0	0	0	0	0	0	0	0	0	0	0	0	0	1
-71	0	0	0	0	0	0	0	0	2	0	0	0	0	0	1	0	0	0	0	0	2	1	3
-70	0	0	0	0	0	0	0	0	1	0	0	0	0	0	0	0	0	0	0	0	1	0	1
-68	0	0	0	0	0	0	0	0	1	0	0	0	0	0	0	0	0	0	0	0	0	0	1
-65	0	0	0	0	0	0	0	0	0	0	0	0	0	0	1	0	0	0	0	0	0	0	1
-64	0	0	0	2	0	0	0	0	0	0	0	0	0	0	0	0	0	0	0	0	0	0	2
-62	0	0	0	0	0	0	0	0	1	0	0	0	0	1	0	0	0	0	0	0	0	0	2
-61	0	1	0	0	0	0	4	0	0	0	0	0	0	0	0	0	0	0	0	0	0	0	5
-60	0	0	0	0	0	0	0	0	0	0	0	0	0	1	0	0	0	0	0	0	0	0	1
-59	0	0	0	0	1	0	0	0	0	0	0	0	0	0	0	0	0	0	2	0	0	0	3
-58	0	0	1	0	0	0	0	0	0	0	1	0	0	0	0	0	0	0	0	0	1	0	2
-57	0	0	0	0	0	0	0	0	0	0	1	0	0	0	0	0	0	0	0	0	0	0	1
-56	0	0	0	1	1	0	0	0	0	1	0	0	0	1	0	0	0	0	0	0	0	0	4
-55	0	0	0	0	0	0	0	0	0	1	0	0	0	0	2	0	0	0	0	0	0	0	3
-54	0	0	0	0	0	0	0	1	1	1	0	0	0	0	0	0	0	0	0	0	0	0	3
-53	0	0	0	0	0	0	0	0	0	0	0	0	0	0	1	0	0	0	0	0	0	0	1
-52	0	0	0	0	0	0	0	0	0	1	0	0	0	0	0	0	0	0	0	0	0	0	1
-51	0	0	0	0	0	0	0	0	0	0	0	1	0	0	0	0	0	0	0	0	0	0	1
-50	0	0	0	0	3	0	0	0	0	2	1	0	0	0	0	0	0	0	0	0	3	0	6
-48	0	0	1	2	0	0	0	1	1	3	31	1	0	0	0	0	0	0	0	0	14	1	40
-47	0	0	0	1	0	0	0	0	1	1	1	0	0	0	0	0	0	0	0	0	0	0	4
-46	0	0	0	0	0	0	0	0	0	1	0	0	0	0	0	0	0	0	0	0	0	0	1
-45	0	0	0	0	0	0	0	0	0	0	0	0	0	0	1	0	0	0	0	0	0	0	1
-44	0	0	0	1	0	0	0	0	0	0	0	0	0	0	0	0	0	0	0	0	0	0	1
-43	0	0	1	0	0	0	0	0	0	0	0	1	0	0	1	0	1	0	0	0	1	1	4
-42	0	0	0	1	0	0	0	2	1	0	0	0	0	0	0	0	0	0	0	0	0	0	4
-41	0	0	1	0	0	0	0	0	0	0	2	0	0	0	0	0	0	0	1	0	1	0	4
-39	0	0	0	0	0	0	0	0	0	0	0	0	0	0	4	0	0	1	0	0	0	4	5
-37	0	0	0	1	0	0	0	0	0	0	0	0	0	0	0	0	0	0	0	0	0	0	1
-36	0	0	0	0	0	0	0	0	0	1	0	1	0	0	0	0	2	0	1	0	1	0	5
-35	0	0	0	0	0	0	0	0	0	0	0	1	0	0	1	0	0	0	0	1	0	0	3
-34	0	1	1	0	0	0	0	0	0	0	0	0	0	0	0	0	0	0	0	0	0	0	2
-33	0	0	0	0	2	0	0	0	0	0	0	0	0	0	0	0	0	0	0	0	0	0	2
-32	0	0	1	0	0	0	0	0	0	0	1	0	1	0	0	0	0	0	0	1	0	0	4
-31	0	0	1	0	0	0	0	0	0	0	0	0	0	0	0	0	0	0	0	0	0	0	1
-30	0	0	1	0	0	0	0	0	0	0	0	0	0	0	0	0	0	0	0	0	0	0	1
-28	0	0	0	0	0	0	0	0	0	0	0	0	2	0	0	0	0	0	0	0	0	0	2
-27	0	0	0	0	0	0	0	0	1	0	0	0	0	0	0	0	0	0	0	0	0	0	1
-26	0	0	1	0	1	0	0	0	0	1	0	0	0	0	0	0	0	1	0	0	0	0	4
-25	0	0	0	12	0	0	0	1	0	0	0	0	0	0	0	0	0	0	0	0	0	0	13
-24	0	0	0	1	0	0	0	0	0	0	0	0	0	0	0	0	0	0	0	0	1	0	1
-22	0	0	0	0	0	0	0	0	1	0	0	0	0	0	0	0	0	1	0	0	0	0	2
-20	0	0	1	0	0	0	0	0	0	0	0	0	0	0	0	0	0	2	0	0	0	0	3
-19	0	0	0	1	0	0	0	0	0	0	0	1	0	0	0	0	0	0	0	0	1	0	2
-18	0	1	78	41	3	0	5	3	0	20	0	6	6	38	1	31	37	4	0	7	64	1	281
-17	0	38	24	11	3	0	8	12	14	20	3	59	9	131	1	11	54	10	9	6	181	2	423
-16	0	2	6	6	0	0	0	0	0	4	0	2	3	17	0	0	4	3	0	1	15	0	48
-15	0	0	6	1	0	0	0	0	0	2	1	2	2	3	0	0	1	0	1	1	6	0	20
-14	0	1	0	0	0	0	0	0	0	1	0	0	1	0	0	0	0	0	1	1	0	0	5
-13	0	0	0	0	0	0	0	0	0	0	0	0	0	1	0	0	0	0	0	0	0	0	1
-12	0	0	0	1	1	0	0	0	1	1	0	0	0	0	0	0	0	0	0	0	1	0	4
-11	0	0	0	0	0	0	0	1	0	0	0	0	1	0	0	0	0	0	0	0	0	0	2
-9	4	8	1	0	0	0	0	0	0	1	0	0	0	0	0	3	0	0	0	0	1	0	17
-8	0	0	0	0	0	0	0	0	0	0	0	0	0	0	0	0	0	1	0	0	1	0	1
-7	1	2	1	0	0	0	0	0	0	0	0	0	0	0	0	0	0	0	0	0	0	0	4
-5	1	0	0	0	0	0	0	0	0	1	0	0	0	1	0	0	0	0	0	0	1	0	3
-4	0	0	0	0	1	0	0	0	0	0	0	0	0	0	0	1	1	0	0	0	1	0	3
-3	0	0	0	0	2	0	0	3	2	2	1	2	2	0	0	0	0	0	0	0	4	2	14
-2	7	1	2	16	7	0	1	12	4	17	124	9	3	8	3	9	9	17	3	3	174	5	255
-1	26	5	10	23	16	0	6	36	4	16	23	12	3	5	5	15	27	19	1	6	131	6	258
1	395	45	183	227	130	304	95	350	143	418	110	376	204	256	63	180	250	370	34	121	966	92	4254
2	55	11	24	42	20	38	15	61	9	51	15	32	35	37	5	24	27	50	3	25	122	4	579
3	2	2	3	2	1	3	1	4	0	5	3	4	3	2	0	3	1	4	0	1	4	0	44
4	0	0	1	2	0	0	0	0	0	0	0	1	1	0	0	1	0	0	27	0	5	0	33
5	0	2	2	1	0	3	0	1	0	0	3	0	0	6	0	0	1	1	5	0	3	0	25
6	0	1	0	0	0	0	0	0	0	0	0	0	0	0	0	0	0	0	0	1	1	0	2
7	1	0	0	0	0	0	0	0	0	0	1	0	0	0	0	0	0	0	0	0	0	0	2
9	1	0	0	0	0	0	0	0	0	0	0	0	0	0	0	0	0	0	0	0	0	0	1
10	0	0	0	0	0	0	0	0	0	0	1	0	0	0	1	0	0	0	0	0	0	1	2
12	0	0	2	1	0	0	0	2	1	0	0	3	4	0	1	1	0	0	18	0	25	0	33
13	0	0	0	0	0	0	0	1	0	0	0	2	1	0	0	0	0	0	3	0	5	0	7
14	0	0	0	3	0	1	0	0	4	0	2	1	0	2	0	0	0	0	0	0	3	0	13
15	0	0	0	0	0	0	0	0	3	2	6	0	0	0	0	3	2	1	6	0	13	0	23
16	110	25	35	114	17	101	38	37	20	56	1641	47	72	51	12	62	81	93	242	15	592	17	2869
17	13	0	14	16	4	29	1	3	4	12	158	15	15	10	2	11	12	18	32	4	96	2	373
18	0	0	1	0	0	3	0	0	0	7	8	0	0	0	0	2	2	1	1	2	13	0	27
19	0	0	1	3	0	1	0	0	2	2	0	0	1	1	0	0	0	0	0	0	2	0	11
20	0	0	0	0	0	0	0	0	0	1	0	0	0	0	1	0	0	0	0	0	2	0	2
21	0	4	0	0	0	0	0	0	0	0	0	0	0	0	0	0	0	0	0	0	0	0	4
22	51	10	53	45	20	70	0	24	0	40	13	32	46	30	1	42	29	49	1	10	12	2	566
23	17	0	5	8	1	11	0	2	0	7	0	9	19	7	0	9	13	8	0	1	0	0	117
24	2	0	2	7	2	3	0	0	0	0	0	1	5	1	0	2	1	3	0	1	0	0	30
25	0	0	0	0	0	1	0	2	0	0	0	0	0	1	0	0	1	0	0	0	0	0	5
26	0	0	0	0	0	0	0	0	0	2	0	0	0	0	0	0	1	1	0	0	2	0	4
27	0	0	0	0	0	1	0	0	0	0	0	0	0	0	0	0	0	0	0	0	0	0	1
28	2	0	1	3	1	1	0	0	1	0	3	0	0	0	1	5	0	0	0	0	4	2	18
29	0	0	1	0	0	0	0	0	1	0	0	0	0	0	0	0	0	0	0	0	0	0	2
30	0	0	0	0	0	0	0	0	0	0	0	0	0	0	0	0	0	2	0	0	2	0	2
31	0	0	0	0	0	0	0	0	0	0	2	0	0	0	0	0	0	1	2	0	3	0	5
32	3	0	7	9	4	3	0	1	1	0	20	4	4	1	2	3	4	2	127	0	28	0	195
33	1	0	1	2	0	3	0	0	0	1	4	4	1	0	0	0	1	1	22	1	2	0	42
34	0	0	0	0	0	0	2	0	0	0	0	2	0	0	0	0	0	1	3	0	0	0	8
35	0	0	0	0	1	0	1	0	0	0	0	0	0	0	0	0	0	0	0	0	1	0	2
36	0	0	0	0	0	0	0	0	0	1	0	0	0	0	0	0	0	0	0	0	0	0	1
37	0	0	0	0	0	0	0	1	0	0	0	0	0	0	0	0	0	0	0	0	0	0	1
38	31	0	7	13	2	15	1	27	1	14	0	1	19	2	0	8	15	12	0	4	2	1	172
39	17	0	1	6	0	3	0	13	0	0	0	2	4	0	0	0	1	13	0	0	4	0	60
40	3	0	0	0	0	0	0	0	0	0	0	0	1	0	0	1	0	0	0	0	0	0	5
41	0	0	0	0	0	0	0	1	0	0	0	1	0	0	0	1	0	2	0	0	1	0	5
42	8	0	1	0	0	0	0	0	0	2	1	1	0	0	0	59	0	0	0	0	65	0	72
43	1	0	0	0	0	0	0	0	0	0	1	0	0	0	0	1	0	0	0	0	3	0	3
45	0	0	0	0	0	1	0	0	0	0	0	0	0	0	0	0	2	0	0	0	0	0	3
47	0	0	0	0	0	0	0	0	0	1	0	0	0	0	0	0	0	0	0	0	0	0	1
49	0	0	0	0	0	0	0	1	0	0	0	1	0	0	0	0	0	0	1	0	0	0	3
50	0	0	0	1	0	0	0	1	0	0	0	0	1	0	0	0	0	0	0	0	1	0	3
51	0	0	0	0	1	0	0	0	0	0	0	0	0	0	0	0	0	0	0	0	0	0	1
52	0	0	0	0	0	0	0	0	0	0	0	1	0	0	1	0	0	0	0	0	0	1	2
53	0	0	0	0	0	0	0	0	1	0	0	0	0	0	0	2	0	0	0	0	0	1	3
54	0	0	1	0	0	1	0	1	0	0	0	0	0	0	0	0	0	0	0	0	0	0	3
55	0	0	0	0	0	0	0	1	0	0	2	0	0	1	0	0	0	0	0	0	2	0	4
56	0	0	1	0	0	0	0	0	0	1	1	0	0	0	0	0	0	0	0	0	1	0	3
57	19	1	0	0	3	15	2	3	1	6	1	0	5	1	0	1	3	13	0	1	65	0	75
58	3	2	2	1	1	6	3	0	0	0	0	0	0	0	0	0	0	4	0	0	10	0	22
59	2	0	0	0	0	1	0	0	0	1	0	2	0	0	0	0	0	1	0	0	1	0	7
60	1	0	0	1	0	0	0	0	0	0	0	1	0	0	1	0	0	0	2	0	4	0	6
62	1	0	1	0	0	0	0	0	0	0	0	0	0	0	0	0	0	0	0	0	0	0	2
63	0	0	0	0	0	0	0	0	0	0	0	0	0	0	1	0	0	0	0	0	0	0	1
64	2	0	0	0	0	0	0	1	0	0	0	0	0	1	0	3	0	0	0	1	3	0	8
65	1	0	0	0	0	0	0	0	0	0	0	0	0	0	0	0	0	0	0	0	0	0	1
66	0	0	0	0	0	1	0	0	0	0	0	0	0	0	0	0	0	0	0	0	0	0	1
67	0	0	0	0	1	0	0	0	0	0	0	0	0	0	0	0	0	0	0	0	0	0	1
68	0	0	0	0	0	0	0	0	0	0	0	0	0	0	0	0	0	0	1	0	0	0	1
70	2	0	1	0	0	0	0	0	0	0	0	0	0	0	0	0	1	0	0	0	3	0	4
71	1	0	0	0	0	0	0	0	0	0	0	0	0	0	0	0	0	0	0	0	0	0	1
72	0	0	0	0	0	0	1	0	0	0	0	0	0	0	0	0	0	0	0	0	0	0	1
73	0	0	1	0	0	0	0	0	0	0	0	0	0	0	0	1	0	0	0	0	1	0	2
76	0	0	0	0	0	0	0	0	0	0	0	0	0	0	0	0	1	0	0	0	0	0	1
77	0	0	0	1	0	0	0	0	0	0	0	0	0	0	0	0	0	0	0	0	0	0	1
78	0	0	0	0	0	0	0	0	0	0	0	0	0	0	1	0	0	0	0	0	0	0	1
80	0	0	0	0	0	0	1	0	0	0	0	0	0	0	0	0	0	0	0	0	0	0	1
81	0	0	1	0	0	0	0	0	0	0	0	0	0	0	1	0	0	0	0	0	0	0	2
82	0	0	0	1	0	0	0	0	0	0	0	0	0	0	0	0	0	0	0	0	0	0	1
84	0	0	0	2	0	0	0	0	0	1	0	0	0	0	0	0	0	0	0	0	0	0	3
85	0	0	1	0	0	0	0	0	0	0	0	0	0	0	0	0	0	0	0	0	1	0	1
86	0	0	0	0	0	0	0	0	1	0	0	0	0	0	0	0	0	0	0	0	0	0	1
87	0	0	0	0	0	0	0	0	0	0	0	0	0	0	0	1	0	0	0	0	0	0	1
88	0	0	2	4	0	0	0	0	0	0	0	0	0	0	0	0	0	0	0	0	4	0	6
90	0	0	0	0	0	1	0	0	0	0	0	0	0	0	0	0	0	0	0	0	0	0	1
91	0	0	0	0	0	1	0	1	0	0	0	0	0	0	0	0	0	0	0	0	0	0	2
93	0	0	0	0	0	0	0	0	0	0	0	0	0	0	0	1	0	0	0	0	0	0	1
94	1	0	0	0	0	0	0	1	0	0	0	0	0	0	0	0	0	0	0	0	0	0	2
97	0	0	0	0	0	1	0	0	0	0	0	0	0	0	2	0	0	0	0	0	0	2	3
100	0	0	0	0	0	0	0	0	0	0	1	0	0	0	0	0	0	0	0	0	0	0	1
102	0	0	0	0	0	0	0	0	1	0	0	0	0	0	0	0	0	0	0	0	0	0	1
103	0	0	0	0	0	1	0	0	0	1	0	0	0	0	0	0	0	0	0	0	0	0	2
105	0	0	0	0	0	0	0	0	0	0	0	0	1	0	0	0	0	0	0	0	0	0	1
106	0	1	0	0	0	0	0	0	0	1	0	0	0	0	0	0	0	0	0	0	1	0	2
107	0	1	0	0	0	0	0	0	0	0	0	0	0	0	0	0	0	0	0	0	0	0	1
108	0	0	0	0	0	0	0	2	0	0	0	0	0	0	0	0	0	0	0	0	0	0	2
110	0	0	0	0	0	0	0	0	0	0	0	0	0	0	0	0	0	1	0	0	0	0	1
111	0	0	0	0	0	0	0	0	0	0	0	0	0	0	0	2	0	0	0	0	0	0	2
113	0	0	0	0	0	0	0	0	0	1	0	0	0	0	0	0	0	0	0	0	0	0	1
114	0	0	0	0	0	0	0	0	0	1	0	0	0	0	0	0	0	0	0	0	0	0	1
115	0	0	0	0	0	0	0	1	0	0	0	0	0	0	0	0	0	0	0	0	0	0	1
116	0	0	0	0	0	0	0	0	0	0	0	0	2	0	0	0	0	0	0	0	0	0	2
118	0	0	0	0	0	0	0	0	0	1	0	0	0	0	0	0	0	0	0	0	0	0	1
123	0	0	0	0	0	0	0	0	0	1	0	0	0	0	0	0	1	0	0	0	0	0	2
124	0	0	0	0	0	0	0	0	0	0	0	0	0	0	1	0	1	0	0	0	0	0	2
125	0	0	0	0	0	0	0	0	1	0	0	0	0	0	0	0	0	0	0	0	0	0	1
128	3	1	1	1	2	3	0	3	2	0	0	2	3	0	2	1	0	1	0	0	3	4	25
129	1	0	0	16	0	0	0	1	0	1	0	0	0	0	0	5	0	1	0	0	1	16	25
130	0	0	0	6	0	0	0	0	0	0	0	0	0	0	0	0	0	0	0	0	0	6	6
132	0	1	0	0	0	0	0	0	0	0	0	0	0	0	0	0	0	0	0	0	0	0	1
133	0	0	0	0	0	0	0	0	0	1	0	0	0	0	0	0	0	0	0	0	0	0	1
138	0	0	0	0	0	0	0	0	0	0	0	0	0	0	0	1	0	0	0	0	0	0	1
141	0	0	0	0	0	0	0	0	0	1	0	0	0	0	0	0	0	0	0	0	0	0	1
144	0	0	1	1	1	0	0	0	0	0	1	0	0	0	0	0	0	1	0	0	1	0	5
145	0	0	0	0	0	0	0	0	0	0	0	0	0	0	0	0	0	1	0	0	0	0	1
147	0	0	2	0	1	1	0	0	0	0	0	0	0	0	0	0	0	0	0	1	1	0	5
151	0	0	0	0	0	0	0	0	0	0	0	0	0	0	0	2	0	0	0	0	0	0	2
152	1	15	0	2	0	0	0	0	0	0	0	0	0	0	0	0	0	0	0	0	1	0	18
153	1	0	0	0	0	0	0	0	0	1	0	0	0	0	0	0	0	0	0	0	1	0	2
154	1	0	0	0	0	0	0	0	0	0	0	0	0	0	0	0	1	0	0	0	1	0	2
156	14	1	1	2	1	1	0	3	8	3	0	1	2	0	0	3	2	5	0	4	7	8	51
157	5	0	1	1	0	4	1	0	0	2	0	0	0	0	0	3	0	0	0	2	6	0	19
158	0	0	0	0	0	0	0	0	0	0	0	0	0	0	0	1	0	1	0	0	1	0	2
161	0	0	0	0	1	0	0	0	0	0	1	0	0	0	0	1	0	0	0	0	0	0	3
172	0	0	0	8	0	1	0	0	0	1	1	0	0	1	0	0	2	0	0	0	1	0	14
173	0	0	0	3	0	0	0	0	0	0	0	0	0	1	0	1	0	0	0	0	1	0	5
181	0	0	0	0	0	0	0	1	0	0	0	0	0	0	0	0	0	0	0	0	1	0	1
182	0	0	0	0	0	0	0	0	0	4	0	1	0	0	0	1	0	0	0	0	6	0	6
184	3	0	0	0	0	1	0	0	0	0	0	0	0	0	0	0	0	1	0	0	3	0	5
188	0	0	0	0	0	1	0	0	3	0	0	0	0	0	0	0	0	0	0	0	0	0	4
189	1	0	1	1	0	0	0	1	2	0	0	0	0	0	0	0	0	0	0	0	0	0	6
190	0	0	0	0	0	0	0	0	0	1	0	0	0	0	0	0	0	0	0	0	1	0	1
196	0	0	0	0	0	0	0	0	1	0	0	0	0	0	0	0	0	0	0	0	0	1	1
198	0	0	0	0	0	0	0	0	0	0	0	0	0	0	1	0	0	0	0	0	0	1	1
