 	A	C	D	E	F	G	H	I	K	L	M	N	P	Q	R	S	T	V	W	Y	Nterm	Cterm	Sum
-129	0	0	0	0	0	0	0	0	0	0	0	0	0	0	0	0	0	0	1	0	0	0	1
-99	0	0	0	0	0	0	0	0	0	0	0	0	0	0	5	0	0	0	0	0	0	2	5
-98	0	0	0	0	0	0	0	0	0	0	0	0	0	0	1	0	0	0	0	0	1	0	1
-94	0	1	0	0	0	0	0	0	0	0	0	0	0	0	1	0	0	0	0	0	0	0	2
-92	0	1	0	0	0	0	0	0	0	0	0	0	0	0	1	0	0	0	0	0	0	0	2
-91	0	0	0	0	0	0	0	0	0	0	0	0	0	0	0	0	0	0	0	1	0	0	1
-89	0	0	0	0	0	0	0	0	0	0	0	0	0	0	1	0	0	0	0	0	0	0	1
-83	0	0	0	0	0	0	0	0	0	0	0	0	0	0	0	0	0	0	1	0	0	0	1
-82	0	0	0	0	0	0	0	0	0	0	0	0	0	0	2	0	0	0	0	0	0	1	2
-80	0	0	0	0	1	0	0	0	0	0	0	0	0	0	0	0	0	0	0	0	0	0	1
-78	0	0	0	0	1	0	0	0	0	0	0	0	0	0	0	0	0	0	0	0	0	0	1
-76	0	0	0	0	1	0	0	0	0	0	0	0	0	0	0	0	0	0	0	0	0	0	1
-75	0	0	0	0	0	0	0	0	0	0	0	0	0	0	1	0	0	0	0	0	1	0	1
-71	0	0	0	0	0	0	0	0	2	0	0	0	0	0	1	0	0	0	0	0	2	0	3
-69	0	0	0	0	0	0	0	0	0	0	0	0	0	1	0	0	0	0	0	0	0	0	1
-68	0	0	0	0	0	0	0	0	1	0	0	0	0	0	0	0	0	0	0	0	0	0	1
-66	0	0	0	0	0	0	0	0	1	0	0	0	0	0	0	0	0	0	0	0	0	0	1
-65	0	0	0	0	0	0	0	0	0	0	0	0	0	2	0	0	0	0	0	0	0	0	2
-64	0	0	0	0	0	0	0	0	1	0	0	0	0	0	0	0	0	0	0	0	0	0	1
-63	0	0	0	0	0	0	0	0	0	0	0	0	0	0	1	0	0	0	0	0	0	0	1
-62	0	0	0	1	0	0	0	0	0	0	0	0	0	0	0	0	0	0	0	0	0	0	1
-61	0	0	0	0	0	0	4	0	0	0	0	0	0	0	0	0	0	0	0	0	0	0	4
-58	0	0	1	0	0	0	0	0	0	0	0	0	0	0	0	0	0	0	0	0	0	0	1
-56	0	0	0	0	0	0	0	1	0	3	0	0	0	0	1	0	0	0	0	0	0	0	5
-55	0	0	1	0	0	0	0	0	0	1	0	0	0	0	0	0	0	0	0	0	0	0	2
-54	0	0	0	0	0	0	1	1	0	0	0	0	0	0	0	0	0	0	0	0	1	0	2
-52	0	0	0	0	0	0	0	0	0	1	0	0	0	0	0	0	0	0	0	0	0	0	1
-51	0	0	0	0	0	0	0	0	0	2	0	2	0	0	0	0	0	0	0	0	1	0	4
-50	0	0	1	0	2	0	0	0	0	0	0	0	0	1	0	0	0	0	0	0	2	0	4
-49	0	0	0	0	0	0	0	0	1	0	0	0	0	0	0	0	0	0	0	0	0	1	1
-48	0	0	1	0	0	0	0	1	0	2	19	0	0	2	0	0	0	0	0	0	11	0	25
-47	0	0	0	0	0	0	1	1	4	1	3	0	0	0	0	0	0	0	0	0	0	2	10
-46	0	0	0	0	0	0	0	0	0	0	0	0	0	1	0	0	0	0	0	0	0	0	1
-43	0	0	1	0	0	0	0	0	0	2	0	1	0	0	1	0	0	0	0	0	0	0	5
-42	0	1	0	0	0	0	0	0	0	2	0	0	0	0	0	0	0	0	0	0	0	0	3
-41	0	0	0	0	0	0	0	0	0	0	0	0	0	0	0	0	0	1	0	0	0	0	1
-40	0	0	0	0	0	0	0	0	0	0	0	1	0	0	0	0	0	0	0	0	0	0	1
-39	0	0	0	0	0	0	0	0	0	0	0	0	0	0	1	0	0	0	0	0	0	1	1
-37	0	0	0	0	0	0	0	0	1	0	0	0	0	0	0	0	0	0	1	0	0	0	2
-36	0	0	0	1	0	0	0	0	0	1	0	0	0	0	0	0	2	0	0	0	0	0	4
-35	0	0	0	0	0	0	0	0	0	0	0	0	0	0	0	0	2	0	0	0	0	0	2
-34	0	0	0	0	0	0	0	1	0	0	0	1	0	0	0	0	0	0	0	0	1	0	2
-32	0	0	1	0	0	0	0	0	0	0	0	0	1	0	0	0	0	0	0	2	0	0	4
-31	0	0	0	0	0	0	0	0	0	0	0	0	0	0	1	0	0	0	0	0	0	0	1
-29	0	0	0	4	0	0	0	0	2	0	0	0	0	0	0	0	1	0	0	0	0	1	7
-28	0	0	0	0	0	0	1	0	0	0	0	0	1	0	0	0	0	1	0	0	1	0	3
-27	0	0	0	1	0	0	0	1	0	0	0	0	0	0	0	0	0	0	0	0	0	0	2
-26	0	0	0	1	0	0	0	0	0	0	0	0	0	0	0	0	1	0	0	0	1	0	2
-25	0	0	0	4	0	0	0	1	0	0	0	0	0	2	0	0	0	0	0	0	0	0	7
-24	0	0	0	0	0	0	0	0	0	1	0	0	0	0	0	0	0	0	0	0	0	0	1
-23	0	0	0	0	0	0	0	0	0	0	0	1	0	0	0	0	0	0	0	0	0	0	1
-22	0	0	0	0	1	0	0	0	0	0	0	0	0	0	0	0	0	1	0	0	0	0	2
-21	0	0	1	0	0	0	0	0	0	0	0	0	0	0	0	0	0	0	0	0	0	0	1
-20	0	0	0	0	0	0	0	1	0	0	0	0	0	0	0	2	1	0	0	0	0	0	4
-19	0	0	0	1	0	0	0	0	0	0	0	0	0	2	0	1	0	0	0	0	2	0	4
-18	0	0	64	49	3	0	4	12	2	25	5	1	3	58	1	26	37	8	2	5	92	2	305
-17	0	31	26	10	5	0	8	11	11	15	4	56	9	112	1	9	40	10	2	6	158	5	366
-16	0	3	8	8	1	0	0	4	0	2	0	6	5	21	0	1	3	1	0	1	25	0	64
-15	0	0	0	2	0	0	0	1	0	0	0	2	0	3	0	0	2	1	0	0	3	0	11
-14	0	0	0	0	0	0	0	0	3	0	0	0	0	0	0	0	0	0	0	0	0	0	3
-13	0	0	0	0	1	0	0	1	0	0	0	0	0	0	0	1	0	1	0	0	0	0	4
-12	0	0	0	0	0	0	0	0	1	0	0	0	0	0	0	0	0	0	0	0	1	0	1
-11	0	0	0	0	1	0	0	0	0	0	0	0	0	0	0	0	0	0	0	0	1	0	1
-10	0	0	0	0	0	0	1	0	1	0	0	0	0	0	0	0	1	0	0	0	0	0	3
-9	2	0	0	0	0	0	0	1	1	2	0	0	0	0	0	0	0	0	0	0	0	1	6
-7	1	0	0	0	0	0	0	0	0	0	0	0	0	0	0	0	0	0	0	0	0	0	1
-6	0	0	1	0	0	0	0	0	0	0	0	0	0	0	0	0	0	0	0	0	0	0	1
-5	0	0	0	0	0	0	0	0	1	0	0	0	0	0	0	1	0	0	0	0	0	0	2
-4	0	0	0	0	0	0	0	0	0	0	0	0	0	0	1	0	1	1	0	0	1	1	3
-3	1	0	0	2	0	0	0	0	1	0	5	0	0	1	1	0	0	1	0	0	6	2	12
-2	18	0	6	14	7	0	2	17	3	13	406	16	3	9	3	6	12	21	5	5	453	3	566
-1	22	4	18	20	13	0	3	25	12	25	61	5	1	11	6	17	18	25	1	5	210	9	292
1	492	38	216	342	148	337	115	422	239	545	132	379	232	275	73	274	297	508	40	162	1310	171	5266
2	61	10	31	34	14	47	19	45	20	73	19	41	25	40	3	17	29	47	5	10	88	7	590
3	7	0	2	3	1	2	4	1	1	4	1	2	2	3	0	1	3	2	0	1	5	0	40
4	0	0	0	0	0	0	1	0	0	3	0	0	0	1	0	0	0	0	7	0	2	0	12
5	2	1	2	1	0	0	0	1	0	1	0	2	0	1	0	1	0	0	3	0	2	0	15
6	0	0	0	0	1	0	0	0	0	0	0	0	0	0	0	0	0	0	0	0	0	0	1
7	1	0	0	0	0	0	0	1	0	0	0	0	0	0	0	0	0	0	0	0	0	0	2
8	0	0	0	0	0	0	0	0	0	1	0	0	0	0	0	0	0	0	0	0	0	0	1
9	0	1	0	0	0	0	0	0	0	0	0	0	0	0	0	0	0	0	0	0	0	0	1
10	0	0	0	0	0	0	0	0	0	0	0	1	0	0	0	0	0	0	0	0	1	0	1
11	0	0	0	0	0	0	0	0	0	1	0	0	0	0	1	0	0	0	0	0	0	1	2
12	0	0	0	0	0	0	1	0	0	0	0	1	2	0	4	0	0	0	6	0	10	4	14
13	2	0	0	0	0	0	0	0	0	0	0	3	0	0	0	0	0	0	0	0	3	0	5
14	1	0	0	2	0	0	0	0	3	1	1	2	0	1	1	0	0	0	0	0	1	0	12
15	0	0	0	1	0	0	0	1	5	1	2	0	0	0	0	1	0	0	2	0	5	0	13
16	53	10	26	53	11	71	8	16	8	30	1127	24	50	18	8	37	24	35	89	3	388	8	1701
17	12	0	1	12	2	27	1	4	2	7	147	9	7	7	1	7	5	10	14	2	87	0	277
18	1	0	0	2	0	2	0	0	1	0	7	0	1	1	1	0	1	0	0	0	7	1	17
19	0	0	0	0	0	0	0	0	2	0	0	0	1	0	0	0	0	0	0	0	0	0	3
20	0	0	0	0	0	0	0	0	0	0	1	0	1	0	1	0	0	0	0	0	2	0	3
21	0	4	0	0	0	0	0	0	0	0	0	0	0	0	0	1	0	0	0	0	0	0	5
22	39	11	37	39	14	37	2	12	0	27	8	32	29	25	0	31	26	28	1	7	6	2	405
23	3	2	2	4	0	10	0	1	0	7	1	12	11	7	0	6	3	7	0	1	0	0	77
24	1	0	5	23	1	4	0	2	0	1	1	3	0	3	0	1	1	2	0	0	0	0	48
25	0	0	0	0	0	0	0	0	1	0	0	0	0	1	0	0	0	0	0	0	0	0	2
26	0	0	0	0	0	1	0	0	0	0	0	0	0	0	0	0	0	0	0	0	0	0	1
28	1	0	0	0	0	0	0	0	1	0	4	0	0	0	0	2	0	0	0	0	6	0	8
29	0	0	0	0	0	0	0	0	0	0	0	0	0	0	2	0	0	1	0	0	0	2	3
31	0	0	0	1	0	0	0	0	0	0	0	0	0	0	0	0	0	0	0	0	1	0	1
32	0	0	1	9	0	0	0	0	0	0	6	0	3	1	0	5	0	4	66	0	23	0	95
33	5	0	0	2	0	0	0	1	0	0	2	1	0	1	0	0	2	0	11	0	7	0	25
34	0	0	0	0	0	0	0	0	0	0	1	0	0	0	0	1	0	0	2	0	1	0	4
35	0	0	0	0	0	0	1	0	0	0	0	0	0	0	0	0	0	0	0	0	0	0	1
38	19	0	7	10	1	9	0	1	0	10	2	2	8	1	0	6	6	5	0	6	0	0	93
39	10	1	1	2	0	0	0	2	0	2	1	0	2	0	0	2	1	2	0	0	1	0	26
40	1	0	0	1	1	0	0	1	0	0	0	0	0	1	1	0	0	0	0	0	1	0	6
42	11	0	0	0	0	1	0	0	0	0	2	1	0	2	0	30	0	1	0	0	45	0	48
43	2	0	0	0	0	0	0	0	0	0	0	0	0	0	0	4	0	0	0	0	6	0	6
44	0	0	0	0	0	0	0	0	0	0	1	0	0	0	0	0	0	0	0	0	1	0	1
45	0	0	0	0	0	0	0	0	0	1	0	0	0	0	0	0	0	0	0	0	1	0	1
46	0	0	0	0	0	0	0	0	0	2	0	0	0	0	0	0	0	0	0	0	2	0	2
47	0	0	0	0	0	0	0	0	0	1	0	0	0	0	0	0	0	0	0	0	0	0	1
48	0	0	0	0	0	1	0	0	0	0	1	0	0	0	0	0	1	0	1	0	0	0	4
49	0	0	0	0	0	0	1	0	0	0	1	0	0	0	0	0	0	0	2	0	1	0	4
53	4	0	1	1	0	0	0	0	0	0	0	0	0	0	0	0	0	0	0	0	0	0	6
54	0	0	0	0	0	0	0	0	0	0	0	1	0	0	0	0	0	0	0	1	0	0	2
55	0	0	0	0	0	1	0	0	0	0	6	0	0	0	1	0	0	0	0	0	6	0	8
57	14	0	1	1	0	10	4	2	0	8	0	1	3	1	0	1	2	15	0	1	53	0	64
58	2	0	0	0	0	3	2	0	0	0	1	0	1	0	2	0	0	4	0	1	13	0	16
59	0	0	0	0	0	0	0	0	0	0	0	1	0	0	0	0	0	1	0	0	1	0	2
60	0	0	0	0	0	0	0	0	0	0	0	0	0	0	0	0	0	0	5	0	5	0	5
62	1	0	0	0	0	0	1	0	0	0	0	0	0	0	0	0	0	0	0	0	1	0	2
63	1	0	0	0	0	0	0	0	0	0	0	0	0	0	0	0	0	1	0	0	0	0	2
64	0	0	0	0	0	0	0	1	0	0	0	0	0	0	0	3	0	0	0	1	3	0	5
65	0	0	2	0	0	0	0	0	0	0	0	0	0	0	0	0	0	0	0	0	0	0	2
66	2	0	0	0	0	0	0	0	0	0	0	0	0	0	0	1	0	0	0	1	1	0	4
68	0	0	0	0	0	0	0	0	1	0	0	0	0	0	0	0	0	0	0	0	0	1	1
70	1	0	0	0	0	0	0	0	0	0	0	0	0	0	0	0	0	0	0	0	1	0	1
72	1	0	0	0	0	0	0	0	0	0	0	0	0	0	0	0	0	0	0	0	0	0	1
74	0	0	0	0	0	0	0	0	0	0	0	0	2	0	0	0	0	0	0	0	0	0	2
75	0	0	0	0	0	0	0	0	0	1	0	0	0	0	0	0	0	0	0	0	0	0	1
77	0	0	0	0	0	0	0	0	0	0	0	0	0	0	0	0	0	1	0	0	0	0	1
79	0	0	0	0	1	0	0	0	0	0	0	0	0	0	1	0	0	0	0	0	1	1	2
81	0	0	0	0	0	0	0	0	0	0	1	0	1	0	0	0	0	0	0	0	0	0	2
83	0	0	0	0	1	0	0	0	0	0	0	0	0	0	0	0	0	0	0	0	1	0	1
84	0	0	0	0	0	0	0	0	0	3	0	0	0	0	0	0	0	0	0	0	0	0	3
87	0	0	1	0	0	0	0	0	0	0	0	0	0	0	0	0	0	0	0	0	0	0	1
88	0	0	0	1	0	0	0	0	0	0	0	0	0	0	0	0	0	0	0	0	0	0	1
93	0	0	0	0	0	0	0	0	0	0	0	0	0	0	0	0	1	0	0	0	0	0	1
95	0	0	0	0	0	0	0	0	0	0	0	0	0	0	0	0	0	1	0	0	0	0	1
96	0	0	0	0	0	0	0	0	0	0	0	0	0	0	1	0	0	0	0	0	0	0	1
98	0	0	0	0	0	0	0	0	0	0	0	0	0	0	0	0	1	0	0	0	0	0	1
101	0	0	0	0	0	0	0	0	1	0	0	0	0	0	0	0	0	0	0	0	0	1	1
105	0	0	0	0	0	0	0	0	0	1	0	0	0	0	0	0	0	0	0	0	0	0	1
108	0	0	0	0	0	1	0	0	0	0	0	0	0	0	0	0	1	0	0	0	1	0	2
111	0	0	0	1	0	0	0	0	0	0	0	0	0	0	0	0	0	0	0	0	0	1	1
112	0	0	0	2	0	0	0	0	0	0	0	0	0	0	0	0	0	0	0	0	0	1	2
115	0	0	0	1	0	1	0	0	0	1	0	0	0	0	0	0	0	0	0	0	1	0	3
116	0	0	0	0	0	0	0	0	0	0	0	0	0	0	0	0	2	0	0	0	0	0	2
117	0	0	0	0	0	0	0	0	0	1	0	0	0	0	0	0	0	0	0	0	0	0	1
119	0	0	0	0	1	0	0	0	0	0	0	0	0	0	1	0	0	0	0	0	0	1	2
120	0	0	0	0	0	1	0	0	0	0	0	0	0	0	0	0	0	0	0	0	0	0	1
123	0	0	0	0	0	0	0	0	0	0	0	0	0	1	0	0	1	0	0	0	1	0	2
127	0	0	0	0	0	0	0	0	0	1	0	0	0	0	0	0	0	0	0	0	0	0	1
128	4	0	0	0	2	0	1	3	0	2	2	3	1	0	0	1	0	0	0	1	6	0	20
129	0	0	0	20	0	2	0	0	0	0	0	0	1	0	0	5	0	0	0	0	0	20	28
130	0	0	0	6	0	0	0	0	0	0	0	0	0	0	0	1	0	0	0	0	0	6	7
131	0	0	1	0	0	0	0	0	0	0	0	0	0	0	0	1	0	0	0	0	0	0	2
132	0	0	0	0	0	0	0	0	0	0	0	1	0	0	0	0	0	0	0	0	0	0	1
134	0	0	0	0	0	0	0	0	0	0	1	0	0	0	0	0	0	0	0	0	0	0	1
138	0	0	0	0	0	1	0	0	0	0	0	0	0	0	0	0	0	0	0	0	0	0	1
144	0	0	0	0	0	0	0	0	0	0	0	0	0	0	0	0	1	0	0	0	1	0	1
147	0	0	0	0	1	0	0	1	0	0	0	2	0	0	0	0	0	0	0	0	3	0	4
148	0	0	0	0	0	0	1	0	0	0	0	0	0	0	0	0	0	0	0	0	1	0	1
151	0	0	0	0	0	0	0	0	0	0	0	0	0	0	0	6	0	0	0	0	0	0	6
152	0	2	1	0	0	0	0	0	0	0	0	0	0	0	0	0	0	0	0	0	0	0	3
156	4	0	1	1	0	1	0	4	4	6	3	1	0	0	0	5	1	9	0	4	15	4	44
157	4	0	0	1	0	0	1	1	0	2	0	0	0	0	0	0	1	0	0	0	0	0	10
164	0	0	0	0	0	0	0	1	0	0	0	0	0	0	0	0	0	0	0	0	1	0	1
165	0	0	0	0	0	0	0	0	0	0	0	0	0	1	0	0	0	0	0	0	0	0	1
167	4	0	1	1	0	2	0	0	0	0	0	0	0	0	0	0	0	0	0	0	0	1	8
168	1	0	0	2	0	0	0	0	0	0	0	0	0	0	0	1	0	0	0	0	0	0	4
172	0	0	0	0	0	0	0	0	0	0	0	1	0	0	0	0	0	0	0	0	0	0	1
174	0	0	0	1	0	0	0	0	0	0	1	0	0	0	0	0	0	0	0	0	0	0	2
176	0	0	0	0	0	0	0	0	0	0	0	0	1	0	0	0	0	0	0	0	1	0	1
180	1	0	0	0	0	0	0	0	0	0	0	0	0	0	0	0	0	0	0	0	0	0	1
181	0	0	0	0	0	0	0	1	0	0	0	0	0	0	0	0	0	0	0	0	1	0	1
182	0	0	0	0	0	0	0	0	0	2	0	0	0	0	0	1	0	0	0	0	2	0	3
188	0	0	0	0	0	0	0	0	1	0	0	0	0	0	0	0	0	0	0	0	0	0	1
189	0	0	0	0	0	1	0	0	0	0	0	0	0	0	0	0	0	0	0	0	0	0	1
192	0	0	0	0	0	1	0	0	0	0	0	0	0	0	0	0	0	0	0	0	0	0	1
