 	A	C	D	E	F	G	H	I	K	L	M	N	P	Q	R	S	T	V	W	Y	Nterm	Cterm	Sum
-101	0	0	0	0	0	0	0	0	0	0	0	0	0	0	0	0	0	0	1	0	0	0	1
-98	0	0	0	0	0	0	0	0	0	0	0	0	0	0	2	0	0	0	0	1	0	1	3
-93	0	0	0	0	0	0	0	0	0	0	0	0	0	0	0	0	0	0	0	1	0	0	1
-91	0	1	0	0	0	0	0	0	0	0	0	0	0	0	1	0	0	0	0	0	0	1	2
-89	0	0	0	0	1	0	0	0	0	0	0	0	0	0	1	0	0	0	0	0	0	0	2
-87	0	0	0	0	1	0	0	0	0	0	0	0	0	0	0	0	0	0	0	0	0	0	1
-85	0	1	0	0	0	0	0	0	0	0	0	0	0	0	1	0	0	0	0	0	0	0	2
-84	0	0	0	0	1	0	0	0	0	0	0	0	0	0	0	0	0	0	1	0	1	0	2
-83	0	0	0	0	0	0	0	0	0	0	0	0	0	0	1	0	0	0	0	0	0	0	1
-80	0	0	0	0	0	0	0	0	0	0	0	0	0	0	0	0	0	0	0	1	0	0	1
-77	0	1	0	0	0	0	0	0	0	0	0	0	0	0	0	0	0	0	0	0	0	0	1
-74	0	0	0	0	0	0	0	0	0	0	1	0	0	0	0	0	0	0	0	0	0	0	1
-73	0	0	0	0	0	0	0	0	0	0	1	0	0	0	0	0	0	0	0	0	0	0	1
-71	0	0	0	1	0	0	0	0	0	0	0	0	0	0	0	0	0	0	2	0	0	0	3
-68	0	0	0	1	0	0	0	0	1	0	0	0	0	0	0	0	0	0	0	0	0	1	2
-65	0	0	0	1	0	0	0	0	0	0	0	0	0	0	0	0	0	0	0	0	0	0	1
-62	0	0	0	0	0	0	0	0	1	0	0	0	0	0	0	0	0	0	0	0	0	0	1
-61	0	1	0	0	2	0	6	0	0	0	0	0	0	0	0	0	0	0	0	0	1	0	9
-59	0	1	0	0	0	0	0	0	0	0	0	0	0	0	0	0	0	0	0	0	0	0	1
-57	0	0	0	1	0	0	0	0	0	0	0	0	0	0	0	0	0	0	0	0	0	0	1
-55	0	0	0	0	0	0	0	0	1	0	0	0	0	0	0	0	0	0	0	0	0	0	1
-54	0	0	0	0	0	0	0	0	0	0	0	0	0	0	1	0	0	0	0	0	0	0	1
-53	0	0	0	0	0	0	0	1	0	0	0	0	0	0	0	0	0	0	0	0	0	0	1
-50	0	0	0	0	3	0	0	0	0	0	0	0	0	0	0	0	0	0	0	0	3	0	3
-48	0	0	4	1	1	0	0	0	2	0	22	0	0	4	0	0	0	0	0	0	9	2	34
-47	0	0	0	0	0	0	0	0	1	0	2	1	0	0	0	0	0	0	0	0	0	1	4
-46	0	0	0	0	0	0	0	0	0	0	0	0	0	1	0	0	0	0	0	0	0	0	1
-45	0	0	0	1	0	0	0	0	1	1	0	0	0	0	0	0	0	0	0	0	0	0	3
-44	0	0	0	0	2	0	0	0	0	0	0	0	0	0	0	0	0	0	0	0	0	0	2
-43	0	0	0	0	0	0	0	0	0	0	1	1	0	0	0	0	0	0	0	0	0	0	2
-42	0	0	0	1	0	0	0	0	0	1	0	1	0	0	0	0	0	0	0	0	0	0	3
-41	0	0	0	0	0	0	1	0	0	0	1	0	0	0	0	0	0	0	0	0	1	0	2
-40	0	0	0	0	0	0	0	0	0	0	0	0	0	0	0	0	0	1	0	0	0	0	1
-39	0	0	1	1	0	0	0	0	0	0	0	0	0	0	3	0	0	0	0	0	0	3	5
-38	0	0	0	0	0	0	0	0	0	2	0	0	0	0	0	0	0	1	0	0	0	0	3
-37	0	0	0	1	0	0	0	0	0	0	0	0	0	0	0	0	0	0	0	0	0	0	1
-36	0	0	0	0	0	0	0	0	0	0	1	0	0	0	0	0	6	1	0	0	0	0	8
-35	0	0	0	0	0	0	0	0	0	0	0	1	0	0	0	0	2	0	0	0	0	0	3
-34	0	0	0	1	0	0	0	0	0	1	1	0	0	0	0	0	0	0	0	0	0	0	3
-33	0	0	0	2	0	0	0	0	0	0	0	0	0	0	0	0	3	1	0	0	2	0	6
-31	0	0	0	0	0	0	0	0	0	0	0	0	0	0	0	0	0	1	0	0	0	0	1
-28	0	0	0	1	0	0	0	1	0	0	1	0	0	0	0	0	0	0	0	0	1	0	3
-27	0	1	0	1	0	0	0	0	0	0	0	0	0	0	0	0	0	0	0	0	0	0	2
-26	0	0	1	0	0	0	0	0	0	0	0	0	0	0	0	0	0	0	0	0	0	0	1
-25	0	0	0	11	0	0	0	0	0	1	0	1	0	0	0	0	0	0	0	0	0	0	13
-24	0	0	1	0	0	0	0	0	0	0	0	0	0	0	0	0	0	0	0	0	1	0	1
-23	0	0	0	0	0	0	0	0	0	1	0	0	0	0	0	0	0	0	1	0	1	0	2
-21	0	0	1	0	0	0	0	0	0	0	0	0	0	0	0	0	0	0	0	1	0	0	2
-20	0	0	0	0	0	0	0	0	0	0	0	0	0	0	1	0	0	0	0	0	0	0	1
-19	0	1	1	0	0	0	0	0	0	0	0	0	0	2	0	0	0	2	1	0	3	0	7
-18	0	0	40	47	1	0	4	3	1	24	1	3	11	44	1	28	27	4	1	6	70	1	246
-17	0	31	26	14	2	0	12	17	14	15	1	48	13	130	0	10	24	6	13	7	179	4	383
-16	0	4	13	4	0	0	1	2	2	3	0	2	6	24	0	2	1	2	0	1	27	0	67
-15	0	1	10	0	0	0	0	0	0	1	0	5	0	9	0	0	6	0	1	2	10	0	35
-14	0	0	1	0	0	0	0	0	0	3	0	0	0	0	0	0	0	0	0	0	0	0	4
-13	1	0	0	0	1	0	0	0	0	3	0	0	0	0	0	0	0	1	0	0	0	0	6
-12	0	0	0	1	0	0	0	0	0	0	0	0	0	0	0	0	0	0	0	0	0	0	1
-11	0	0	0	0	0	0	0	1	0	0	0	0	0	0	0	0	0	1	0	0	0	0	2
-10	1	0	1	0	0	0	0	1	0	0	0	0	0	0	0	0	0	0	0	0	0	0	3
-9	2	7	0	0	0	0	0	1	0	1	0	0	0	0	0	0	1	2	0	0	0	0	14
-8	0	1	1	0	0	0	0	0	0	0	0	0	0	0	0	0	0	0	0	0	0	0	2
-7	1	0	1	0	0	0	0	1	0	0	0	0	0	0	0	0	0	0	0	0	0	0	3
-6	0	0	0	0	0	0	0	1	0	1	0	0	0	0	0	0	0	0	0	0	0	0	2
-5	0	0	1	1	0	0	0	0	0	0	0	0	0	0	0	0	0	0	0	0	0	0	2
-4	0	0	0	0	0	0	0	0	0	0	0	0	1	0	0	1	3	0	0	0	3	0	5
-3	3	0	0	1	0	0	0	8	1	4	3	0	1	0	0	1	2	2	0	0	5	1	26
-2	15	5	8	19	3	0	1	8	6	14	161	6	0	9	4	9	4	16	3	7	203	7	298
-1	20	3	13	16	9	0	6	24	10	18	31	15	8	16	7	10	14	20	1	5	143	11	246
1	425	53	208	254	116	325	118	347	168	406	118	378	232	255	53	238	274	407	36	126	907	91	4537
2	60	9	23	41	13	40	19	39	22	59	23	51	37	37	6	32	48	57	7	21	138	5	644
3	3	1	3	4	2	3	0	4	2	1	0	1	3	3	1	2	2	10	2	4	13	0	51
4	1	0	1	3	0	0	0	1	1	1	0	0	0	0	0	1	0	2	10	1	6	0	22
5	2	2	2	2	0	2	0	1	0	1	0	1	0	10	0	0	1	2	4	2	9	0	32
6	0	0	0	0	0	0	0	0	0	0	0	1	0	0	0	0	0	0	0	0	0	0	1
7	1	9	1	0	0	4	0	0	0	1	0	0	0	0	0	0	0	0	0	0	0	0	16
8	0	3	0	0	0	0	1	0	0	0	3	1	0	0	0	0	0	0	0	0	0	0	8
9	2	0	0	0	0	0	0	0	0	0	0	0	0	0	0	0	0	0	0	0	0	0	2
10	0	0	0	0	0	0	0	0	1	0	0	0	0	0	0	1	0	0	0	0	0	1	2
11	0	0	0	0	0	0	0	0	0	0	0	0	0	1	0	0	0	0	0	0	1	0	1
12	0	0	0	0	0	0	0	3	2	0	0	5	2	0	1	0	1	1	18	0	25	1	33
13	0	0	0	0	0	0	0	1	0	1	0	1	0	0	0	1	0	0	1	0	2	0	5
14	0	0	1	3	0	1	0	0	3	4	2	1	0	0	0	0	0	0	0	0	2	0	15
15	1	0	0	0	0	0	0	0	6	1	4	0	0	1	0	2	0	1	2	0	7	0	18
16	51	9	37	75	10	75	23	17	13	42	1144	39	39	25	9	45	85	34	172	11	419	14	1955
17	8	0	9	11	3	22	2	6	2	6	116	15	7	6	0	10	10	14	20	7	64	1	274
18	1	0	2	0	0	1	0	1	3	3	5	0	1	1	0	0	1	3	0	2	5	0	24
19	0	0	0	0	0	0	0	0	1	2	0	0	1	2	0	0	0	0	1	0	2	0	7
20	0	0	0	0	0	2	0	0	0	0	0	0	0	0	0	0	0	0	0	0	2	0	2
21	0	5	0	0	0	0	0	1	0	0	0	0	0	0	0	0	0	0	1	0	1	0	7
22	91	8	66	58	15	113	0	24	3	45	13	30	43	50	1	38	35	55	2	2	14	1	692
23	19	2	8	15	1	19	0	4	0	8	0	13	14	3	1	6	10	13	2	2	2	0	140
24	2	0	3	5	0	13	0	5	0	2	0	2	3	0	0	3	1	2	0	1	0	0	42
25	1	0	0	0	1	0	0	0	0	0	2	0	0	0	0	0	1	0	0	0	2	0	5
27	0	0	1	0	0	0	0	0	0	0	0	0	0	0	0	0	0	0	0	0	1	0	1
28	2	0	1	2	0	1	0	0	0	0	2	0	0	0	0	7	1	0	0	0	2	0	16
29	0	0	2	0	0	0	0	0	0	0	0	0	0	1	0	1	1	0	1	0	0	0	6
31	0	0	0	0	0	0	0	0	0	1	0	0	0	0	0	0	0	0	2	0	2	0	3
32	2	1	6	3	0	2	0	1	0	1	3	1	0	1	0	2	3	0	81	0	10	0	107
33	0	0	0	1	0	4	0	2	0	2	0	4	0	0	0	0	2	1	16	0	1	0	32
34	0	0	0	0	0	0	2	0	0	0	0	2	0	0	0	0	0	0	2	0	0	0	6
35	0	0	0	0	0	0	1	0	0	0	0	0	0	0	0	1	0	0	0	0	1	0	2
38	32	0	12	16	6	15	0	39	0	22	1	10	10	2	0	7	9	10	1	5	3	0	197
39	20	0	5	10	0	5	0	12	1	0	1	2	3	2	0	2	2	9	0	0	4	0	74
40	1	0	0	0	0	1	0	0	0	0	0	1	0	1	0	0	0	0	0	0	0	0	4
41	0	0	0	0	0	0	0	1	0	0	0	0	0	0	0	0	0	0	0	0	0	0	1
42	9	0	3	0	0	0	0	0	0	1	6	2	1	3	0	61	8	0	0	0	84	0	94
43	0	0	0	0	0	0	0	0	0	0	1	0	0	0	0	1	2	0	0	0	3	0	4
44	1	0	0	0	0	1	0	0	0	0	0	0	0	0	0	0	1	0	0	0	1	0	3
45	0	0	0	5	0	0	0	1	0	0	0	0	0	0	1	0	0	2	0	0	1	0	9
46	0	0	0	0	0	0	0	0	0	0	0	0	0	0	0	0	1	0	0	0	0	0	1
47	0	0	0	0	0	0	0	0	0	0	0	0	0	1	0	0	0	0	0	0	0	0	1
48	1	0	0	0	0	0	0	0	0	0	0	0	0	0	0	0	0	0	0	0	0	0	1
49	0	0	1	0	0	1	0	0	0	0	0	1	0	0	0	0	0	0	0	0	0	0	3
50	0	0	0	0	0	0	0	1	0	0	0	0	0	0	0	0	0	0	0	0	1	0	1
51	0	0	0	0	1	0	0	0	0	0	0	0	0	0	0	0	0	0	0	0	0	0	1
53	1	0	1	1	0	0	1	0	0	0	0	0	0	0	0	0	0	0	0	0	1	0	4
54	0	0	1	0	0	0	0	0	0	0	0	0	0	0	0	0	0	0	0	0	0	0	1
55	0	0	0	0	0	0	0	0	0	0	4	0	1	0	0	0	0	0	0	0	4	0	5
56	0	0	0	0	0	0	0	0	0	0	2	0	1	0	0	0	0	0	0	0	2	0	3
57	16	0	1	0	0	13	1	1	0	10	0	0	6	0	0	0	1	9	0	0	50	0	58
58	3	1	0	0	0	3	1	0	0	2	0	1	2	0	0	0	0	1	1	2	9	0	17
59	1	0	1	1	0	0	0	0	0	0	1	0	0	1	0	2	0	1	1	0	4	0	9
60	0	0	0	0	0	0	1	2	0	0	0	0	0	2	0	0	0	0	6	1	7	0	12
61	0	0	0	1	0	0	0	0	0	0	0	0	0	0	0	0	0	0	0	0	1	0	1
62	2	0	0	0	0	1	2	0	2	0	0	0	0	0	0	0	0	0	0	0	2	0	7
63	1	1	0	0	1	1	0	0	0	0	0	0	2	0	0	5	0	0	0	0	1	0	11
64	2	0	0	2	0	0	0	1	0	0	1	0	0	0	0	3	0	0	0	1	5	0	10
66	3	0	0	0	0	0	0	0	0	0	0	0	0	0	0	1	0	0	0	1	0	0	5
68	1	0	0	0	0	0	0	0	0	0	0	1	0	0	0	0	0	0	0	0	0	0	2
69	0	0	0	0	0	0	0	0	0	0	0	1	0	0	0	0	0	0	0	0	0	0	1
70	2	0	1	0	0	0	0	0	0	0	0	0	0	1	0	0	1	0	0	0	3	0	5
71	0	0	1	0	0	0	0	0	0	0	0	0	0	1	0	0	0	1	0	0	1	0	3
72	0	0	0	0	0	0	0	1	0	0	0	0	0	0	0	0	0	0	0	0	0	0	1
75	0	0	0	2	0	0	0	0	2	0	0	0	0	0	0	0	0	0	0	0	1	0	4
77	0	0	0	0	0	5	0	2	0	0	0	0	0	0	0	0	0	0	0	0	0	0	7
79	1	0	0	0	0	0	0	0	0	0	0	0	0	0	1	0	0	0	0	0	0	1	2
80	0	0	0	0	0	1	0	0	0	0	0	0	0	0	0	1	0	0	0	0	0	0	2
81	0	0	0	0	0	1	1	0	0	0	0	0	0	0	0	0	0	0	0	0	0	0	2
82	0	0	0	0	0	0	0	0	0	1	0	0	0	0	2	0	0	0	0	0	1	1	3
84	0	0	0	0	0	0	0	0	0	3	0	0	0	0	1	0	0	2	0	0	0	0	6
86	0	0	0	0	0	0	0	0	0	0	0	0	0	0	0	0	0	1	0	0	0	0	1
87	0	0	0	0	0	0	0	0	0	1	0	0	0	0	0	0	0	0	0	0	1	0	1
88	0	0	0	0	0	0	0	0	0	0	0	0	1	0	0	0	0	0	0	0	0	0	1
89	0	0	0	0	0	0	0	0	0	0	0	0	0	0	1	1	0	0	0	0	0	0	2
90	0	0	0	0	0	1	0	0	0	0	0	0	0	0	0	0	0	0	0	0	0	0	1
91	0	0	0	0	0	0	0	0	0	0	0	0	0	0	0	1	0	0	0	0	0	0	1
92	0	0	0	1	0	0	0	0	0	0	0	0	0	0	0	0	0	0	0	1	0	0	2
93	2	0	0	0	0	0	0	0	1	0	0	0	0	0	0	0	0	0	0	0	2	1	3
95	0	0	0	0	0	0	0	0	0	0	0	0	0	0	0	0	0	1	0	0	0	0	1
97	0	0	1	0	0	0	0	0	0	0	0	0	0	0	2	0	0	0	0	0	0	2	3
98	0	0	0	0	0	0	0	0	0	0	0	0	0	0	0	0	0	0	0	3	3	0	3
99	0	0	1	0	0	0	0	0	0	0	0	0	0	0	0	0	0	0	0	0	0	0	1
101	0	0	0	0	0	0	0	1	0	0	0	0	0	0	0	0	0	0	0	0	0	0	1
103	0	0	4	0	0	0	0	0	0	0	0	0	0	0	0	0	0	0	0	0	0	0	4
104	0	0	0	0	0	0	0	0	0	0	0	0	0	0	0	1	0	0	0	0	0	0	1
105	0	0	0	0	0	1	0	0	0	0	0	0	0	0	0	0	0	0	0	0	0	0	1
108	0	0	0	0	0	1	0	0	0	0	0	0	0	0	1	0	0	0	0	0	0	1	2
109	1	0	0	0	2	0	0	0	0	0	0	0	0	0	0	0	0	0	0	0	0	0	3
111	0	0	0	0	0	0	0	0	0	0	0	0	0	0	0	2	0	0	0	0	0	0	2
116	0	0	0	0	0	1	0	0	0	0	0	0	0	0	0	0	0	0	0	0	0	0	1
117	0	0	0	0	0	0	0	0	0	0	1	0	0	0	0	0	0	0	0	0	1	0	1
121	0	0	0	0	0	0	0	0	0	1	0	0	0	0	0	0	0	0	0	0	1	0	1
125	0	0	0	0	0	0	0	0	0	0	0	0	0	0	1	0	0	0	0	0	0	0	1
127	0	0	0	0	2	0	0	0	0	0	0	0	1	0	0	0	0	0	0	0	0	0	3
128	2	0	0	0	1	2	0	1	1	1	1	0	7	0	1	0	0	5	0	0	4	2	22
129	1	0	0	11	0	4	0	1	0	0	0	1	0	0	0	2	0	1	0	0	1	10	21
130	0	0	0	7	0	0	0	1	0	0	0	0	0	1	0	0	0	0	0	0	0	7	9
132	0	0	0	0	0	1	0	0	0	0	0	0	0	0	0	0	0	0	0	0	0	0	1
137	0	0	0	0	0	1	0	0	0	0	0	0	0	0	0	0	0	0	0	0	0	0	1
138	0	0	0	0	0	0	0	1	0	0	0	0	0	0	1	0	0	0	0	0	0	0	2
139	0	0	0	0	0	0	0	0	1	0	0	0	0	0	0	0	0	0	0	0	0	1	1
144	0	0	0	0	0	0	0	0	1	0	0	0	0	0	0	0	0	0	0	0	0	1	1
145	0	0	0	0	1	0	0	0	0	0	1	0	0	1	0	0	0	0	0	0	1	0	3
146	0	0	0	0	0	0	0	0	0	0	1	0	0	0	0	0	0	0	0	0	0	0	1
147	0	0	0	0	2	0	0	0	0	0	0	0	0	1	0	0	0	0	0	1	3	0	4
152	0	6	0	0	0	0	0	0	0	0	0	0	0	0	0	0	0	0	0	0	0	0	6
156	13	0	0	2	0	2	0	0	3	0	0	1	1	0	0	0	5	3	0	4	7	3	34
157	2	0	1	0	1	0	0	0	0	0	0	0	1	0	0	0	0	0	0	2	2	0	7
158	0	0	0	0	0	0	0	0	0	0	0	0	0	0	1	0	0	0	0	0	0	0	1
163	0	0	0	0	0	0	0	0	0	0	0	0	0	1	0	0	0	0	0	0	1	0	1
168	0	0	0	0	0	0	0	0	0	0	0	0	0	0	0	0	1	0	0	0	1	0	1
171	0	0	0	0	0	0	0	0	0	0	0	0	0	0	1	0	0	0	0	0	0	0	1
172	0	0	0	0	0	0	0	0	0	0	2	0	2	0	0	0	0	0	0	0	4	0	4
173	0	0	0	1	0	0	0	0	0	0	0	0	0	0	0	0	0	1	0	0	0	0	2
174	0	0	0	0	0	0	0	0	0	0	0	1	0	0	0	0	0	0	0	0	0	0	1
184	0	0	0	0	0	0	0	0	1	0	0	0	0	0	0	0	0	0	0	0	0	0	1
188	0	0	2	0	0	1	0	0	0	0	0	0	0	0	0	0	0	0	0	0	0	0	3
189	0	0	0	0	0	2	0	0	2	0	0	0	0	0	0	0	0	0	0	0	0	0	4
190	0	0	0	1	0	0	0	0	0	0	0	0	0	0	0	0	0	0	0	0	0	0	1
196	0	0	0	0	0	0	0	0	1	0	0	0	0	0	0	0	0	0	0	0	0	1	1
197	1	0	0	0	0	0	0	0	0	0	0	0	0	0	0	0	0	0	0	0	0	0	1
