 	A	C	D	E	F	G	H	I	K	L	M	N	P	Q	R	S	T	V	W	Y	Nterm	Cterm	Sum
-113	0	0	0	0	0	0	0	0	0	0	0	0	0	0	0	0	0	0	1	0	0	0	1
-101	0	0	0	0	0	0	0	0	0	0	0	0	0	0	0	0	0	0	0	1	0	0	1
-99	0	0	0	0	0	0	0	0	0	0	0	0	0	0	1	0	0	0	0	0	0	0	1
-98	0	0	0	0	0	0	0	0	0	0	0	0	0	0	1	0	0	0	0	0	0	0	1
-94	0	1	0	0	0	0	0	0	0	0	0	0	0	0	0	0	0	0	0	0	0	0	1
-93	0	0	0	0	0	0	0	0	0	0	0	0	0	0	1	0	0	0	0	0	0	1	1
-91	0	1	0	0	0	0	0	0	0	0	0	0	0	0	0	0	0	0	0	0	0	0	1
-87	0	0	0	0	1	0	0	0	0	0	0	0	0	0	0	0	0	0	0	0	0	0	1
-85	0	0	0	0	0	0	0	0	0	0	0	0	0	0	2	0	0	0	0	0	0	0	2
-84	0	0	0	0	1	0	0	0	0	0	0	0	0	0	0	0	0	0	0	0	1	0	1
-83	0	0	0	0	0	0	0	0	0	0	0	0	0	0	0	0	0	0	0	1	0	0	1
-80	0	0	0	0	0	0	0	0	0	0	0	0	0	0	1	0	0	0	0	0	0	0	1
-79	0	0	0	0	0	0	0	0	0	0	0	0	0	0	0	0	0	0	0	1	0	0	1
-75	0	0	0	0	0	0	0	0	0	0	0	0	0	0	1	0	0	0	0	0	0	1	1
-72	0	0	0	0	0	0	0	0	0	0	0	0	0	0	1	0	0	0	0	0	0	0	1
-70	0	0	0	0	0	0	0	0	0	0	0	0	0	0	0	0	0	0	0	1	0	0	1
-69	0	0	0	0	0	0	0	0	0	0	0	0	0	1	0	0	0	0	0	0	0	0	1
-67	0	0	0	0	1	0	0	0	0	0	1	0	0	1	0	0	0	0	1	0	0	0	4
-66	0	0	0	1	0	0	0	0	0	0	0	0	0	0	0	0	0	0	0	0	0	0	1
-65	0	0	0	0	0	0	0	0	0	0	0	0	0	1	0	0	0	0	0	0	0	0	1
-62	0	0	0	2	0	0	0	0	0	0	0	0	0	0	0	0	0	0	0	0	0	0	2
-61	0	1	0	0	0	0	4	0	0	0	0	0	0	1	0	0	0	0	0	0	0	0	6
-59	0	0	0	0	0	0	1	0	0	0	0	0	0	1	0	0	0	0	0	0	1	0	2
-58	0	0	0	1	1	0	0	0	0	0	0	0	0	1	1	0	0	0	1	0	0	0	5
-57	0	0	0	0	0	0	0	0	0	0	0	1	0	0	0	0	0	0	0	0	1	0	1
-56	0	0	1	0	0	0	0	0	0	2	0	0	0	0	0	0	0	0	0	0	0	0	3
-55	0	0	0	0	0	0	0	1	0	2	0	0	0	0	0	0	0	0	0	0	0	0	3
-53	0	0	1	0	0	0	0	0	0	0	0	0	0	0	0	0	0	0	0	0	0	0	1
-51	0	0	0	0	0	0	0	0	0	0	0	2	0	0	0	0	0	0	0	0	0	0	2
-50	0	0	0	0	1	0	0	0	0	1	0	0	0	0	0	0	0	0	0	0	1	0	2
-48	0	0	0	0	0	0	0	1	0	0	9	0	0	2	0	0	0	0	0	0	6	0	12
-47	0	0	0	0	0	0	0	0	1	0	0	1	0	0	0	0	0	0	0	0	0	1	2
-46	0	0	0	0	0	0	0	0	0	1	1	0	0	0	0	0	0	0	0	2	2	0	4
-44	0	0	0	0	0	0	0	0	0	0	0	0	0	0	0	0	2	0	0	0	2	0	2
-43	0	0	0	0	0	0	0	0	0	0	1	1	0	0	0	0	0	0	0	1	0	0	3
-42	0	0	0	0	0	0	0	0	1	2	0	0	0	0	0	0	0	0	1	0	0	0	4
-40	0	0	0	0	0	0	1	0	0	0	0	0	2	0	1	0	0	0	0	0	0	0	4
-39	0	0	0	0	0	0	0	0	0	0	0	0	0	1	0	0	0	1	0	0	0	0	2
-38	0	0	0	0	0	0	0	1	0	0	0	0	0	0	0	0	0	0	0	0	0	0	1
-36	0	0	0	0	0	0	0	0	0	1	0	0	0	0	0	0	2	0	0	1	0	0	4
-35	0	0	1	1	0	0	0	0	0	0	0	0	0	2	0	0	1	0	0	0	0	0	5
-34	0	0	0	0	0	0	0	0	0	0	0	2	0	0	0	0	0	0	0	0	2	0	2
-33	0	0	0	0	0	0	0	0	0	0	0	1	0	0	0	0	1	0	0	0	0	0	2
-32	0	0	0	0	0	0	0	0	0	1	0	0	0	0	0	0	0	0	0	0	0	0	1
-31	0	0	0	0	0	0	0	0	0	0	0	0	0	0	0	0	0	1	0	0	0	0	1
-30	0	1	1	0	0	0	0	0	0	0	0	0	0	0	0	0	0	0	0	0	0	0	2
-29	0	0	0	4	0	0	0	1	0	0	1	0	1	0	0	0	0	0	0	0	1	0	7
-28	0	0	0	0	0	0	0	0	0	1	1	0	0	0	0	0	0	0	0	0	0	0	2
-25	0	0	0	3	0	0	0	0	0	0	1	0	0	1	0	0	1	0	0	1	1	0	7
-24	0	0	0	2	0	0	0	0	0	2	0	0	0	0	0	0	0	0	0	0	1	0	4
-23	0	0	0	0	0	0	0	0	0	0	0	0	0	0	0	0	0	0	0	1	0	0	1
-22	0	0	0	0	0	0	0	0	0	0	0	0	1	0	0	0	0	0	0	0	0	0	1
-21	0	0	0	0	1	0	0	0	0	0	0	0	0	0	0	0	0	0	0	0	0	0	1
-20	0	0	0	0	0	0	0	0	0	0	0	0	0	0	0	0	0	0	0	1	1	0	1
-19	0	0	0	0	0	0	0	0	0	0	0	0	0	0	0	0	0	1	0	1	0	0	2
-18	0	1	65	45	7	0	3	11	1	26	3	4	10	68	0	23	33	11	1	4	91	0	316
-17	0	19	15	7	4	0	1	14	8	18	4	54	13	103	0	14	43	12	13	16	144	1	358
-16	0	7	7	6	0	0	2	1	3	3	0	9	2	23	1	0	7	3	2	0	28	0	76
-15	0	0	1	0	0	0	0	0	0	1	1	4	0	6	0	0	0	2	0	0	6	0	15
-14	0	0	1	0	0	0	1	1	4	1	0	0	0	1	0	0	0	0	0	0	1	0	9
-13	1	0	0	0	2	0	0	0	0	1	0	0	0	0	0	0	0	0	0	0	1	0	4
-12	0	0	0	0	0	0	1	0	0	0	0	0	0	1	0	0	0	0	0	0	0	0	2
-9	1	7	0	0	0	0	0	0	0	1	0	0	0	0	0	0	0	0	0	0	1	0	9
-7	0	0	0	0	0	0	0	0	0	0	0	1	0	0	0	0	0	0	0	0	0	0	1
-6	1	0	0	0	0	0	0	0	0	0	0	0	0	0	0	1	0	0	0	0	0	0	2
-5	0	0	0	2	0	0	0	0	0	0	0	0	0	0	0	0	0	1	0	0	0	0	3
-4	0	0	0	0	0	0	0	0	0	0	0	0	0	0	2	0	0	0	0	0	0	2	2
-3	0	0	0	1	1	0	0	1	1	0	0	0	0	0	0	0	0	0	0	0	1	0	4
-2	16	1	10	13	3	0	0	16	5	15	270	11	0	16	7	4	15	29	6	9	312	5	446
-1	25	1	11	19	7	0	4	26	11	29	65	14	2	12	9	9	20	24	2	10	165	13	300
1	549	54	246	340	162	410	104	384	217	517	134	523	252	334	82	285	315	509	47	210	1299	129	5674
2	67	6	41	37	22	64	8	64	19	77	18	78	48	46	2	33	48	65	3	17	127	2	763
3	5	0	1	3	3	11	1	1	2	2	1	4	4	4	0	3	4	5	1	3	2	0	58
4	1	0	0	1	0	0	0	1	0	0	1	0	1	0	0	0	2	0	0	0	2	0	7
5	0	0	0	0	0	0	0	1	0	1	1	0	0	1	0	0	0	1	0	0	1	0	5
6	0	0	0	0	0	1	0	0	0	0	0	0	0	0	0	0	0	0	0	0	0	0	1
7	0	2	2	0	0	2	0	0	0	0	0	0	0	0	0	0	0	0	0	0	0	0	6
8	0	1	1	0	0	1	0	0	0	0	0	0	0	0	0	0	0	0	0	0	0	0	3
10	1	0	0	0	0	0	0	0	0	0	0	0	0	0	0	1	0	0	0	0	0	0	2
12	0	0	0	0	1	0	0	0	0	0	0	9	0	0	1	2	0	0	14	0	23	1	27
13	0	0	0	0	0	0	0	0	0	1	0	3	0	0	0	0	0	0	0	0	3	0	4
14	1	0	0	4	0	0	0	0	5	1	1	1	0	2	0	0	0	1	1	0	3	0	17
15	1	0	0	0	0	1	0	0	3	1	1	0	0	0	0	0	0	0	0	0	2	0	7
16	19	1	19	34	1	15	1	12	3	17	512	12	28	8	3	10	15	15	35	1	188	2	761
17	8	1	2	2	0	15	1	3	1	3	71	4	3	3	1	7	8	4	12	1	52	0	150
18	0	0	1	1	0	0	0	0	0	7	3	0	0	0	0	2	0	0	0	0	7	0	14
19	0	0	0	0	0	0	0	0	2	1	0	0	1	0	0	0	0	0	0	0	0	0	4
20	0	0	2	0	0	2	0	0	0	1	0	0	0	0	0	0	0	0	0	0	4	0	5
22	43	1	36	27	9	76	0	16	3	29	12	28	29	29	0	23	21	35	1	7	14	1	425
23	14	2	2	21	2	28	0	4	0	14	3	17	8	4	0	11	9	14	2	3	2	0	158
24	5	0	1	8	1	6	0	0	0	2	0	4	4	1	0	3	2	2	0	0	0	0	39
25	0	0	0	0	0	0	0	0	0	0	1	0	0	1	0	0	0	0	0	0	0	0	2
26	1	0	0	2	0	0	0	0	0	0	0	0	0	0	1	0	0	0	0	0	0	1	4
28	0	0	0	0	0	0	0	0	0	0	1	1	0	0	0	0	0	0	0	0	1	0	2
29	0	0	0	0	0	0	0	0	0	0	0	0	1	0	3	0	0	0	0	0	0	3	4
30	0	0	0	0	0	0	0	0	0	0	0	0	1	0	1	0	0	0	0	0	1	0	2
31	0	0	0	0	0	0	0	0	0	0	0	1	0	0	0	0	0	0	0	0	0	0	1
32	0	0	0	1	0	0	0	0	0	0	1	0	0	0	0	1	0	1	12	0	6	0	16
33	1	0	0	0	0	0	0	2	1	0	0	0	0	0	0	1	0	0	2	0	1	0	7
34	0	0	0	1	0	0	0	1	1	0	0	0	0	0	0	0	0	0	0	0	0	0	3
36	0	0	0	0	1	0	0	0	0	0	0	0	0	0	1	0	0	0	0	0	0	1	2
37	0	0	0	0	0	0	0	0	0	0	0	0	0	1	0	0	0	0	0	0	0	0	1
38	10	0	5	4	5	9	0	7	0	6	1	2	6	0	0	5	4	7	0	0	2	0	71
39	4	0	2	5	0	2	0	2	0	4	1	2	0	0	0	1	0	2	0	0	2	0	25
40	0	0	0	2	0	0	0	1	0	2	0	0	0	0	0	1	0	0	0	0	1	0	6
41	0	0	0	0	0	0	0	0	0	0	0	0	0	0	0	1	0	0	0	0	1	0	1
42	11	0	0	1	0	0	1	0	3	2	6	1	4	3	0	56	11	0	0	0	84	0	99
43	1	0	0	0	0	0	0	0	0	0	0	1	1	2	0	9	3	0	0	0	12	0	17
44	0	0	0	0	0	0	0	0	1	0	0	0	0	0	0	5	0	0	0	0	5	1	6
45	0	0	0	0	0	0	0	0	0	0	0	0	0	0	0	1	0	0	0	0	0	0	1
47	0	0	0	0	0	0	0	0	0	0	0	0	0	0	0	0	0	1	0	0	1	0	1
48	0	1	0	0	0	0	0	0	0	0	0	0	0	0	0	0	0	0	0	0	0	0	1
51	0	0	0	0	0	0	0	0	0	0	0	0	0	0	2	0	0	0	0	0	0	0	2
52	0	0	2	0	0	0	0	0	1	0	1	0	0	0	1	0	0	1	0	0	2	2	6
53	0	0	1	0	0	0	0	0	0	0	0	0	0	0	0	0	0	0	0	0	0	0	1
54	0	0	0	0	0	0	0	0	0	1	2	0	0	0	0	0	0	0	0	0	2	0	3
55	0	0	0	0	0	0	0	0	0	0	4	0	0	0	0	0	0	0	0	0	4	0	4
56	1	0	0	0	0	0	0	0	0	0	0	0	1	0	0	1	3	0	1	0	3	0	7
57	4	0	1	0	0	5	0	0	0	2	0	0	0	1	1	1	3	2	0	0	17	0	20
58	4	0	0	1	0	3	0	0	0	1	0	1	1	0	0	1	1	1	0	0	9	0	14
59	0	0	0	0	0	0	0	0	0	0	0	1	0	0	0	0	0	0	0	0	0	0	1
60	0	0	0	0	0	0	0	0	0	1	0	0	0	3	0	1	0	0	4	0	5	0	9
61	0	0	0	0	0	0	0	0	0	0	0	0	0	0	0	0	0	0	0	1	1	0	1
63	3	0	0	0	8	3	0	0	0	0	0	0	0	0	0	4	0	1	0	0	8	0	19
64	1	0	0	0	0	0	0	3	0	0	0	0	0	1	0	1	0	1	0	0	1	0	7
65	0	0	0	0	0	0	0	0	0	0	0	0	0	0	0	0	0	1	0	0	0	0	1
66	1	0	0	1	0	1	0	0	0	0	0	0	0	0	0	0	1	1	0	0	0	0	5
71	0	0	0	0	0	1	0	0	0	0	1	0	0	0	0	0	0	1	0	0	1	0	3
72	0	0	0	0	0	2	0	1	0	0	0	0	0	0	0	0	0	0	0	0	0	0	3
75	0	0	0	0	0	0	0	0	0	0	0	0	0	0	0	0	0	0	0	2	0	0	2
76	0	0	0	0	0	0	0	0	1	0	0	0	0	0	0	0	1	0	0	0	0	0	2
77	0	0	0	0	0	0	0	0	0	0	0	0	0	1	0	0	0	0	0	0	0	0	1
80	0	0	0	0	0	0	0	0	0	0	0	0	1	0	0	1	0	0	0	0	0	0	2
81	1	0	0	0	0	0	0	0	0	0	0	0	0	0	0	0	0	0	0	0	0	0	1
82	0	0	0	0	0	0	0	0	0	0	0	0	1	0	0	0	0	0	0	0	0	0	1
84	0	0	0	2	0	0	0	0	1	2	0	0	0	0	0	0	0	2	0	0	0	1	7
86	0	0	0	1	0	0	0	0	0	0	0	0	0	0	0	0	0	0	0	0	1	0	1
87	0	0	4	0	0	0	0	0	0	0	0	0	0	0	0	0	0	0	0	0	0	0	4
89	0	0	0	0	0	0	0	0	0	0	0	0	0	1	0	0	0	0	0	0	0	0	1
90	0	0	1	0	0	0	0	0	0	0	0	0	0	0	0	0	0	0	0	0	0	0	1
93	0	0	0	0	0	0	0	0	0	0	0	0	0	1	0	0	0	0	0	0	0	0	1
96	0	0	0	0	0	0	0	0	0	0	0	1	0	0	0	0	0	0	0	0	0	0	1
99	0	0	0	0	0	0	0	0	0	0	1	0	0	0	0	0	0	0	0	0	0	0	1
100	0	0	0	0	0	0	0	0	0	0	1	0	0	0	1	0	0	0	0	0	0	0	2
101	0	0	0	0	0	0	0	0	0	1	0	0	0	0	0	0	0	0	0	0	0	0	1
103	0	0	0	0	0	0	0	0	0	0	0	1	0	0	0	0	0	0	0	0	0	0	1
105	0	0	0	0	0	0	0	0	0	1	0	0	0	0	0	0	0	0	0	0	0	0	1
109	0	0	0	0	0	0	0	0	0	0	0	0	0	0	0	1	0	0	0	0	1	0	1
110	0	0	0	0	0	0	0	0	1	0	0	0	0	0	0	0	1	0	0	0	0	0	2
111	0	1	0	0	0	0	0	0	0	0	0	0	0	0	0	0	0	0	0	0	0	0	1
113	1	0	0	0	0	0	0	0	0	0	1	0	0	0	0	0	0	0	0	0	2	0	2
114	0	0	1	0	0	0	0	0	0	1	0	0	0	0	0	0	0	0	0	0	0	0	2
115	0	0	0	3	0	0	0	0	0	0	0	0	0	0	0	0	0	0	0	0	0	2	3
116	0	0	0	1	0	0	0	0	0	0	0	0	1	0	0	0	3	0	0	0	0	1	5
117	0	0	0	1	0	0	0	0	0	0	0	0	0	0	0	0	0	0	0	0	0	1	1
119	0	0	0	0	0	0	0	0	0	0	0	0	1	0	0	0	0	0	0	0	0	0	1
120	0	0	1	0	0	0	0	0	0	0	0	0	0	0	0	0	0	0	0	0	1	0	1
121	0	0	0	1	0	0	0	0	0	0	0	0	0	0	0	0	0	0	0	0	1	0	1
122	0	0	0	1	0	0	0	0	0	0	0	0	0	1	0	0	0	0	0	0	2	0	2
123	2	0	0	0	0	0	0	0	0	0	0	0	0	0	0	0	0	0	0	0	2	0	2
126	0	0	0	0	0	0	0	0	0	0	0	0	0	0	0	0	0	0	0	1	0	0	1
128	1	0	0	0	0	0	1	2	0	0	0	1	1	0	2	2	2	1	0	2	4	2	15
129	0	0	2	12	0	0	0	0	0	0	0	3	0	0	0	0	0	1	0	0	0	13	18
130	0	0	0	1	0	0	0	0	0	0	0	0	0	0	0	0	0	0	0	0	0	1	1
133	0	0	0	0	0	0	0	0	0	0	0	0	0	0	1	0	0	0	0	0	0	0	1
137	0	0	0	1	0	0	0	0	0	0	0	0	0	0	0	0	0	0	0	0	0	0	1
138	0	0	0	1	0	1	0	0	0	0	0	0	0	0	0	0	0	0	0	0	0	0	2
139	0	0	0	0	0	0	0	0	0	0	0	0	0	0	1	0	0	0	0	0	1	0	1
140	0	0	0	1	0	0	0	0	0	0	0	0	0	0	0	0	0	0	0	0	1	0	1
147	0	0	1	0	1	0	0	0	0	2	0	3	0	0	0	1	0	0	0	0	5	0	8
153	0	0	0	0	1	0	0	0	0	0	0	0	0	0	0	0	0	0	0	0	1	0	1
156	3	0	2	2	1	3	0	4	1	3	1	2	0	2	1	3	0	1	0	3	6	2	32
157	2	0	0	0	0	0	0	0	0	0	0	0	1	1	0	0	1	0	0	1	3	0	6
159	0	1	0	0	0	0	0	0	0	0	0	0	0	0	0	0	0	0	0	0	0	0	1
163	0	0	0	0	0	0	0	0	0	0	0	0	0	1	0	0	0	0	0	0	1	0	1
164	0	0	0	0	0	0	0	0	1	0	0	0	0	0	0	0	0	0	0	0	1	0	1
171	0	0	0	1	0	0	0	0	0	0	0	0	0	0	0	0	0	0	0	0	0	0	1
172	0	0	0	0	0	0	0	0	0	0	2	0	0	0	0	0	0	0	0	0	2	0	2
173	0	0	1	0	0	0	0	0	0	0	1	0	0	0	0	0	0	0	0	0	1	0	2
177	0	0	1	0	0	0	0	0	0	0	0	0	0	0	0	0	0	0	0	0	0	0	1
181	0	0	0	0	0	0	0	1	0	0	0	0	0	0	0	0	0	0	0	0	1	0	1
182	0	0	0	0	0	0	0	0	0	2	0	0	0	0	0	0	0	0	0	1	3	0	3
183	0	0	0	0	0	0	0	1	0	0	0	0	0	0	0	0	0	0	0	0	0	0	1
184	0	0	0	0	0	0	0	0	2	0	0	0	0	0	0	0	0	0	0	0	0	0	2
185	0	0	0	0	0	0	0	0	1	0	0	0	0	0	0	0	1	0	0	0	0	1	2
186	0	0	0	0	0	0	0	0	0	0	0	0	0	0	0	0	1	0	0	0	0	0	1
189	2	0	0	0	0	0	0	0	1	0	0	0	0	0	0	0	0	0	0	0	0	0	3
192	0	0	0	0	0	1	0	0	0	0	0	0	0	0	0	0	0	0	0	0	0	0	1
196	0	0	0	0	0	1	0	0	0	0	0	0	0	0	0	0	0	0	0	0	0	0	1
198	0	0	0	0	0	0	0	0	0	0	1	0	0	0	0	0	0	0	0	0	0	0	1
