 	A	C	D	E	F	G	H	I	K	L	M	N	P	Q	R	S	T	V	W	Y	Nterm	Cterm	Sum
-111	0	0	0	0	0	0	0	0	0	0	0	0	0	0	0	0	0	0	2	0	0	0	2
-102	0	0	0	0	0	0	0	0	0	0	0	0	0	0	0	0	0	0	0	3	0	0	3
-101	0	0	0	0	0	0	0	0	0	0	0	0	0	0	0	0	0	0	1	0	0	0	1
-99	0	0	0	0	0	0	0	0	0	0	0	0	0	0	1	0	0	0	0	0	0	1	1
-98	0	0	0	0	0	0	0	0	0	0	0	0	0	0	1	0	0	0	0	0	0	0	1
-97	0	0	0	0	0	0	0	0	0	0	0	0	0	0	1	0	0	0	0	0	0	1	1
-94	0	0	0	0	0	0	0	0	0	0	0	0	0	0	0	0	0	0	1	0	0	0	1
-92	0	2	0	0	0	0	0	0	0	0	0	0	0	0	0	0	0	0	0	1	1	0	3
-89	0	0	0	0	0	0	0	0	0	0	0	0	0	0	1	0	0	0	0	0	0	0	1
-78	0	0	0	0	0	0	1	0	0	0	0	0	0	0	0	0	0	0	0	0	0	0	1
-74	0	1	0	0	0	0	0	0	0	0	0	0	0	0	0	0	0	0	0	0	0	0	1
-71	0	0	0	1	0	0	0	0	0	0	0	0	0	0	0	0	0	0	0	0	0	0	1
-70	0	0	0	0	0	0	0	0	0	0	0	0	0	0	2	0	0	0	0	0	0	0	2
-69	0	0	0	1	0	0	0	0	0	0	0	0	0	0	0	0	0	0	0	0	0	0	1
-68	0	0	0	0	0	0	0	0	0	0	0	0	0	0	1	0	0	0	0	0	0	0	1
-67	0	0	0	0	1	0	0	0	1	0	0	0	0	0	0	0	0	0	0	0	0	0	2
-66	0	0	0	0	0	0	0	0	1	0	0	0	0	0	0	0	0	0	0	0	0	1	1
-63	0	1	0	1	1	0	0	0	0	0	0	0	0	0	0	0	0	0	0	0	1	0	3
-61	0	0	0	0	0	0	4	0	0	0	0	0	0	0	0	0	0	0	0	0	0	0	4
-60	0	0	0	1	0	0	0	0	0	0	0	0	0	1	0	0	0	0	0	0	0	0	2
-59	0	0	0	0	0	0	0	0	0	0	0	0	0	0	2	0	0	0	0	0	0	0	2
-57	0	236	15	6	3	0	6	0	2	0	2	3	0	2	2	0	0	0	1	4	1	2	282
-56	0	30	2	2	3	0	0	6	1	8	0	1	0	2	0	0	0	0	0	1	0	1	56
-55	0	2	1	0	0	0	0	3	0	1	0	0	0	1	0	0	0	0	0	1	0	0	9
-53	0	0	0	0	0	0	0	0	0	1	0	1	0	0	0	0	0	0	0	0	1	0	2
-52	0	0	0	0	0	0	0	0	0	1	0	0	0	1	0	0	0	0	0	0	1	0	2
-51	0	0	0	1	1	0	0	0	0	0	0	1	0	0	0	0	0	0	0	0	0	0	3
-50	0	0	0	0	2	0	0	0	0	1	0	0	0	0	0	0	0	0	0	0	3	0	3
-48	0	0	0	0	0	0	0	0	0	2	6	0	0	0	0	0	0	0	0	0	4	0	8
-47	0	0	0	0	0	0	0	0	3	0	1	0	0	0	0	0	0	0	0	0	0	0	4
-46	0	0	0	0	0	0	0	0	0	1	0	0	0	0	0	0	0	0	0	0	0	0	1
-45	0	5	0	0	0	0	0	0	0	1	0	0	0	0	0	0	0	0	0	0	5	0	6
-43	0	2	1	0	0	0	0	0	0	1	0	3	0	0	0	0	0	0	0	0	0	0	7
-42	0	0	0	1	0	0	0	0	2	3	0	1	0	0	0	0	1	0	0	0	0	0	8
-41	0	2	0	0	0	0	0	0	0	0	0	1	0	0	0	0	0	0	0	0	0	0	3
-40	0	1	0	0	0	0	0	0	0	0	0	0	0	0	0	0	0	0	0	0	0	0	1
-39	0	0	0	0	0	0	0	0	0	0	0	0	1	0	1	0	0	0	0	0	0	1	2
-38	0	0	0	0	0	0	0	0	0	0	0	0	1	0	0	0	0	0	0	0	0	0	1
-37	0	0	0	0	0	0	0	0	0	4	0	0	0	0	0	0	0	0	0	0	0	0	4
-36	0	0	0	2	0	0	0	0	0	4	0	0	0	0	0	0	2	0	0	0	0	0	8
-35	0	0	0	0	0	0	0	0	0	0	0	0	0	0	0	0	1	0	0	2	0	0	3
-34	0	0	0	1	0	0	0	3	0	1	0	0	0	0	0	0	0	0	0	0	0	0	5
-33	0	0	0	0	0	0	0	0	0	0	0	0	0	1	0	0	0	0	0	0	0	0	1
-32	0	0	0	0	0	0	0	0	0	1	0	0	0	0	0	0	0	0	0	1	0	0	2
-30	0	0	1	0	0	0	0	0	0	0	0	1	0	0	0	0	0	0	0	0	0	0	2
-29	0	0	0	1	1	0	0	0	1	0	0	1	0	1	0	0	2	0	0	0	1	0	7
-28	0	0	0	0	0	0	0	0	0	0	0	0	2	0	0	0	0	2	0	0	0	0	4
-27	0	0	0	0	0	0	0	0	0	1	0	0	1	0	1	0	0	0	0	1	1	0	4
-26	0	0	0	0	0	0	0	0	0	0	0	0	0	1	0	1	0	1	0	0	0	0	3
-25	0	1	0	8	0	0	1	0	0	0	0	0	0	0	0	0	0	0	0	0	1	0	10
-24	0	0	0	0	0	0	0	2	0	2	0	0	0	0	0	0	0	1	0	0	0	0	5
-23	0	0	0	0	1	0	0	0	0	2	0	0	0	1	0	0	0	0	0	1	0	0	5
-22	0	0	0	0	0	0	0	0	0	0	1	2	1	0	0	0	4	1	0	0	0	0	9
-21	0	0	0	0	0	0	0	0	0	0	0	0	0	0	0	0	0	0	0	2	0	0	2
-20	0	0	0	0	0	0	0	1	0	0	0	0	0	0	0	1	0	0	0	0	0	0	2
-19	0	0	0	1	0	0	0	0	0	0	0	0	0	3	0	1	0	0	0	0	2	0	5
-18	0	1	58	46	6	0	4	10	1	26	1	5	12	42	0	23	37	5	0	4	76	1	281
-17	0	37	12	10	3	0	4	14	9	12	2	55	13	151	4	7	30	10	2	8	191	3	383
-16	0	4	3	2	1	0	1	0	3	8	2	5	3	20	1	2	7	1	0	1	17	1	64
-15	0	0	3	1	0	0	0	1	0	0	1	4	1	5	0	0	2	1	0	0	3	0	19
-14	0	0	0	1	0	0	0	0	0	0	0	1	0	2	0	1	0	0	0	0	2	0	5
-13	0	0	0	0	0	0	0	0	0	0	0	0	0	0	0	1	0	0	0	0	1	0	1
-12	0	0	0	0	1	0	0	0	0	0	0	0	0	0	0	0	0	0	0	0	1	0	1
-9	0	2	0	0	0	0	0	0	0	0	0	0	0	0	0	0	0	2	0	0	0	0	4
-8	0	0	2	1	0	0	0	0	0	0	0	0	2	1	0	0	0	1	0	0	1	0	7
-7	0	0	0	0	0	0	0	0	0	1	0	0	0	0	0	0	0	0	0	0	0	0	1
-6	0	0	1	0	0	0	0	1	0	0	0	0	0	0	0	0	0	0	0	0	0	0	2
-5	0	0	0	0	0	0	0	0	0	1	0	0	0	0	0	1	0	0	0	0	0	0	2
-4	1	0	0	0	0	0	0	0	0	0	0	0	1	1	0	0	0	0	0	0	0	0	3
-3	0	0	0	0	1	0	0	7	0	2	0	0	0	1	0	1	0	1	0	1	4	0	14
-2	4	0	5	9	4	0	1	9	6	5	4	0	0	7	1	4	4	7	0	4	48	4	74
-1	26	4	10	19	9	0	6	25	8	21	8	14	9	7	7	10	13	23	0	4	121	7	223
1	404	33	202	278	130	312	101	314	174	397	86	346	225	259	46	207	249	379	35	123	965	94	4300
2	51	10	25	29	18	31	11	49	12	57	11	43	43	26	5	24	22	48	2	11	116	4	528
3	2	1	3	2	2	6	1	0	2	3	1	1	3	3	0	3	2	3	0	2	9	0	40
4	0	0	0	0	0	0	0	0	0	0	0	1	0	0	0	0	1	0	5	0	0	0	7
5	0	0	2	0	0	0	0	0	0	1	0	1	0	1	0	0	1	1	5	0	1	0	12
6	0	0	0	0	0	0	0	0	0	1	0	0	0	0	0	0	0	0	0	0	0	0	1
10	0	0	0	0	0	0	0	0	0	0	0	0	1	0	1	0	0	0	1	0	2	1	3
12	1	0	0	0	1	1	0	1	0	3	1	0	2	0	0	0	0	1	25	0	26	0	36
13	0	0	0	0	0	1	0	0	0	0	1	0	1	0	0	0	0	0	0	0	2	0	3
14	0	0	0	3	0	0	0	0	5	1	1	0	0	0	0	0	0	0	0	0	2	0	10
15	0	0	0	0	0	0	0	0	3	1	7	1	0	0	0	0	1	0	0	0	7	0	13
16	91	22	30	55	2	57	21	34	15	110	1430	33	72	24	7	43	73	75	69	11	487	7	2274
17	8	0	5	5	1	18	5	2	3	10	104	12	5	4	0	4	5	11	20	3	56	1	225
18	3	0	0	1	1	1	1	1	0	7	6	2	1	0	0	1	2	1	0	0	5	0	28
19	0	0	0	0	0	0	0	0	2	3	0	1	0	0	0	0	0	0	0	0	3	0	6
20	0	0	0	0	0	0	0	0	0	1	0	0	0	0	1	0	0	0	0	0	2	0	2
21	0	0	1	0	0	0	0	0	0	0	0	0	0	0	0	0	0	0	0	0	0	0	1
22	67	15	72	40	16	71	4	27	1	35	19	41	46	25	0	40	41	33	3	12	19	1	608
23	12	2	4	5	0	16	1	2	1	4	3	12	6	6	0	5	9	7	1	0	2	0	96
24	1	0	1	12	0	6	0	1	0	4	1	1	2	5	0	1	5	0	0	3	0	0	43
25	0	0	1	0	0	0	0	0	1	0	0	0	0	0	0	1	0	0	0	0	0	0	3
26	0	0	0	1	0	0	0	0	0	0	1	0	0	0	0	0	1	0	0	0	1	0	3
28	0	0	1	0	0	0	0	0	0	0	4	0	0	0	0	0	0	0	0	0	4	0	5
29	0	0	0	0	0	0	0	0	1	0	0	1	0	0	2	0	0	0	0	0	0	2	4
30	0	0	0	0	0	0	0	0	1	1	0	0	0	0	2	0	0	1	0	0	4	0	5
32	0	0	0	0	0	0	0	0	0	1	10	1	0	0	0	0	0	1	5	0	7	0	18
33	0	0	0	0	0	0	0	1	0	0	0	0	0	0	0	0	0	2	0	0	0	0	3
34	1	0	0	0	0	0	1	0	0	0	0	0	0	0	0	3	0	1	0	0	0	0	6
35	0	0	0	0	0	0	0	0	0	0	0	0	0	0	0	0	1	0	0	0	0	0	1
36	0	0	0	0	0	0	0	0	0	1	0	0	0	0	0	0	0	0	0	0	0	0	1
38	27	1	16	18	6	15	0	21	1	14	6	9	19	3	0	5	8	11	0	4	2	0	184
39	8	0	2	2	0	0	0	4	0	0	0	3	3	3	0	0	0	1	0	1	0	0	27
40	0	0	0	1	2	0	0	1	0	0	0	0	0	0	0	0	0	2	0	0	0	0	6
41	1	0	0	0	1	0	0	0	0	0	0	0	0	0	0	0	0	0	0	0	0	0	2
42	8	0	1	0	0	0	0	2	0	0	3	0	0	3	0	30	0	0	0	0	41	0	47
43	0	0	0	0	1	0	0	2	0	0	0	3	0	0	0	1	0	1	0	0	2	0	8
45	1	0	0	0	0	0	0	0	0	0	0	0	1	0	0	0	0	0	0	1	1	0	3
46	0	0	0	0	0	0	0	0	0	0	0	0	0	0	0	1	0	0	0	0	0	0	1
49	0	0	0	0	0	0	0	0	0	0	1	0	0	0	0	0	0	0	0	0	0	0	1
50	0	0	0	0	0	0	0	2	0	0	0	0	0	0	0	0	0	0	0	0	2	0	2
51	0	0	0	0	0	0	0	1	0	0	0	0	0	0	0	0	0	0	0	0	0	0	1
52	0	0	0	0	0	0	0	1	0	0	0	0	0	0	0	0	0	0	0	0	0	0	1
53	0	0	0	1	0	0	0	0	0	0	0	0	0	0	0	1	0	0	0	0	0	0	2
54	0	0	0	0	0	0	0	0	0	1	0	0	0	0	0	0	0	0	0	0	0	0	1
56	2	0	0	0	0	0	0	1	0	0	0	0	0	0	0	0	0	0	0	0	0	0	3
57	0	0	0	0	0	0	0	0	0	1	0	0	0	0	0	0	0	0	0	0	0	0	1
58	0	0	0	0	0	0	0	0	0	0	1	0	0	1	0	0	0	0	0	1	0	0	3
59	0	0	0	0	1	0	0	0	0	0	0	0	0	0	0	0	0	0	0	0	0	0	1
60	0	0	0	0	0	0	0	0	0	1	0	0	0	0	0	1	0	0	0	0	1	0	2
62	0	0	0	0	0	0	1	0	0	0	0	0	0	0	0	0	0	0	0	0	1	0	1
64	2	0	0	0	0	0	0	0	0	0	0	0	0	0	1	3	0	0	0	0	3	0	6
65	0	0	1	0	0	0	0	0	0	0	0	0	0	0	0	0	0	0	0	0	0	0	1
68	0	0	0	0	0	0	0	0	0	0	0	0	0	0	0	0	1	0	0	0	0	0	1
69	1	0	0	0	0	0	0	0	0	0	0	0	0	0	0	0	0	0	0	0	0	0	1
70	2	0	0	0	0	0	0	0	0	0	0	0	0	0	0	0	0	0	0	0	2	0	2
72	0	0	0	0	0	1	0	0	0	0	0	0	0	0	0	0	0	0	0	0	0	0	1
73	0	0	0	0	0	0	0	0	2	0	0	0	1	0	0	0	0	0	0	1	0	0	4
74	0	0	0	0	0	2	0	0	0	0	0	0	0	0	0	1	0	0	0	0	3	0	3
80	0	0	0	0	0	0	0	0	0	0	0	0	1	0	0	0	0	0	0	0	0	0	1
81	0	0	1	0	0	0	0	0	0	0	0	0	0	0	0	0	1	0	0	0	0	0	2
82	0	0	0	0	0	0	0	0	0	1	0	0	0	0	0	0	0	0	0	0	1	0	1
84	0	0	0	1	0	0	0	0	0	1	0	0	0	0	0	0	0	1	0	0	0	0	3
86	0	0	0	0	0	0	0	1	0	0	0	0	0	0	0	0	1	0	0	0	0	0	2
87	0	0	0	0	0	0	0	0	0	1	0	0	0	0	0	0	0	0	0	0	0	0	1
88	0	0	0	1	0	0	0	0	0	0	0	0	0	0	0	0	0	0	0	0	1	0	1
89	0	0	0	0	0	0	0	0	0	0	0	0	0	1	1	0	0	0	0	0	0	0	2
90	0	0	0	0	0	0	0	0	0	1	0	0	1	0	0	0	0	0	0	0	2	0	2
91	0	0	0	0	0	0	0	0	0	0	0	0	0	0	0	0	0	0	0	1	0	0	1
92	0	0	0	0	0	0	0	0	0	0	0	0	0	0	0	0	0	0	1	0	0	0	1
93	0	0	0	0	0	0	0	0	0	0	0	0	0	0	0	1	0	0	0	1	1	0	2
96	0	0	0	0	0	0	0	0	0	0	0	0	0	0	2	1	0	0	0	0	0	0	3
97	0	0	1	0	0	0	0	0	0	0	0	0	0	0	1	0	0	0	0	0	0	1	2
99	0	0	0	0	0	0	0	0	0	0	0	0	0	0	0	0	0	0	1	0	1	0	1
100	1	0	0	0	0	0	0	0	0	0	1	0	1	0	0	0	0	0	0	0	0	0	3
102	0	0	0	1	0	0	0	0	0	0	0	0	0	0	0	0	0	0	0	0	0	0	1
105	0	0	0	0	0	0	0	0	0	0	0	0	1	0	0	0	0	0	0	0	0	0	1
107	0	1	0	0	0	0	0	0	0	0	0	0	0	0	0	0	0	0	0	0	0	0	1
108	0	0	0	0	1	0	0	0	0	0	0	0	0	0	0	0	0	0	0	0	0	0	1
110	0	0	1	0	0	0	0	0	0	0	0	0	0	0	0	0	0	0	0	0	1	0	1
111	0	0	0	0	0	0	0	0	0	0	0	0	0	0	0	2	0	0	0	0	0	0	2
114	0	0	0	0	0	0	0	0	0	1	0	0	0	0	0	0	0	0	0	0	0	0	1
116	0	0	0	0	0	0	0	0	0	0	0	1	0	0	0	0	0	0	0	0	0	0	1
118	0	0	0	0	0	0	0	0	0	0	0	0	0	0	0	0	1	0	0	0	0	0	1
119	0	0	0	1	0	0	0	0	0	0	0	0	0	0	0	0	0	0	0	0	1	0	1
123	0	0	0	0	0	0	0	0	1	0	0	0	0	3	0	0	0	0	0	0	0	0	4
128	5	0	0	0	2	1	0	0	3	2	0	1	4	2	3	0	1	2	0	0	4	5	26
129	0	0	0	13	0	0	0	0	0	0	0	1	0	0	0	7	0	0	0	0	0	13	21
130	0	0	0	5	0	0	0	0	0	0	0	0	0	0	1	0	0	0	0	0	0	5	6
132	0	0	0	0	0	0	0	0	0	0	0	0	0	1	0	0	0	0	0	0	0	1	1
133	0	0	0	0	0	0	0	0	0	0	0	0	0	0	0	0	0	1	0	0	0	0	1
137	0	0	1	0	0	0	0	0	0	0	0	0	0	0	0	0	0	0	0	0	0	0	1
141	0	0	0	0	0	0	0	0	1	0	0	0	0	0	0	0	1	0	0	0	0	1	2
144	0	0	1	0	0	0	0	0	0	0	1	0	0	0	0	1	0	0	0	0	0	0	3
145	0	0	0	0	0	0	0	0	0	0	0	0	0	0	0	0	0	1	0	0	0	0	1
146	0	0	0	0	1	0	0	0	0	0	0	0	0	0	0	0	0	0	0	0	0	0	1
147	0	0	0	0	1	0	0	3	0	0	0	0	0	0	0	0	1	0	0	0	4	0	5
149	0	0	0	0	0	0	0	0	0	0	0	0	0	0	0	0	1	0	0	0	1	0	1
151	0	0	1	0	0	0	0	0	0	0	0	0	0	0	0	3	0	0	0	0	0	0	4
152	9	54	3	2	2	0	2	1	0	3	0	0	3	0	0	6	0	4	0	0	20	0	89
153	1	7	0	2	0	2	0	0	0	0	0	0	1	0	0	2	0	0	0	0	1	0	15
156	11	0	1	4	2	1	0	3	5	7	2	0	2	0	0	1	2	8	0	2	13	5	51
157	1	0	0	0	0	0	0	0	0	1	0	0	0	0	0	1	0	1	0	0	1	0	4
161	0	0	0	0	0	0	0	0	0	0	0	0	0	0	0	1	0	0	0	0	0	0	1
163	0	0	0	0	0	0	0	1	0	0	0	0	0	0	0	0	0	0	0	0	0	0	1
164	0	0	0	0	0	0	0	0	0	1	0	0	0	0	0	0	0	0	0	0	1	0	1
171	0	0	0	0	0	0	0	0	0	0	0	0	0	0	0	1	0	0	0	0	0	0	1
172	0	0	0	0	0	0	0	0	0	0	1	0	0	0	0	0	2	0	0	0	0	0	3
174	0	0	0	0	0	0	0	0	1	0	0	0	0	0	0	0	0	0	0	0	0	0	1
176	0	0	0	0	0	0	0	0	0	0	0	0	0	0	0	1	0	0	0	0	0	0	1
178	0	0	0	1	0	0	0	0	0	0	0	0	0	0	0	0	0	0	0	0	0	0	1
179	0	0	0	0	0	0	0	0	0	1	0	0	0	0	0	0	0	0	0	0	1	0	1
180	0	0	0	1	0	0	0	0	0	0	0	0	0	0	0	0	0	0	0	0	0	0	1
181	0	0	0	0	0	0	0	2	0	0	0	0	0	0	0	0	0	0	0	0	2	0	2
183	0	0	0	0	0	0	0	0	0	0	0	0	0	0	0	0	0	0	0	1	1	0	1
184	0	0	0	0	0	1	0	0	0	0	0	0	0	0	0	0	0	0	0	0	1	0	1
185	0	0	0	0	0	1	0	0	0	1	0	0	0	0	0	0	0	0	0	0	1	0	2
188	0	0	1	0	0	2	0	0	4	0	0	0	0	0	0	0	0	0	0	0	0	0	7
189	0	0	1	1	0	0	0	0	5	0	0	0	0	0	0	0	0	0	0	0	0	0	7
190	0	0	0	0	0	0	0	0	0	0	0	0	0	0	0	1	0	0	0	0	0	0	1
195	0	0	0	0	0	0	0	0	0	1	0	0	0	0	0	0	0	0	0	0	1	0	1
