 	A	C	D	E	F	G	H	I	K	L	M	N	P	Q	R	S	T	V	W	Y	Nterm	Cterm	Sum
-109	0	0	0	0	0	0	0	0	0	0	0	0	0	0	0	0	0	0	1	0	0	0	1
-104	0	0	0	0	0	0	0	0	0	0	0	0	0	0	0	0	0	0	0	1	0	0	1
-103	0	1	0	0	0	0	0	0	0	0	0	0	0	0	0	0	0	0	0	0	0	0	1
-102	0	0	0	0	0	0	0	0	0	0	0	0	0	0	0	0	0	0	0	1	0	0	1
-100	0	1	0	0	0	0	0	0	0	0	0	0	0	0	0	0	0	0	0	1	0	0	2
-99	0	0	0	0	0	0	0	0	0	0	0	0	0	0	3	0	0	0	0	0	0	2	3
-98	0	0	0	0	0	0	0	0	0	0	0	0	0	0	0	0	0	0	0	2	0	0	2
-96	0	0	0	0	0	0	0	0	0	0	0	0	0	0	0	0	0	0	1	0	0	0	1
-95	0	0	0	0	0	0	0	0	0	0	0	0	0	0	0	0	0	0	0	1	0	0	1
-94	0	1	0	0	0	0	0	0	0	0	0	0	0	0	0	0	0	0	0	0	0	0	1
-93	0	2	0	0	0	0	0	0	0	0	0	0	0	0	0	0	0	0	0	1	0	0	3
-91	0	0	0	0	0	0	0	0	0	0	0	0	0	0	1	0	0	0	0	0	0	0	1
-90	0	0	0	0	0	0	0	0	0	0	0	0	0	0	1	0	0	0	0	0	0	0	1
-88	0	0	0	0	0	0	0	0	0	0	0	0	0	0	1	0	0	0	0	0	0	0	1
-87	0	0	0	0	0	0	0	0	0	0	0	0	0	0	0	0	0	0	0	1	0	0	1
-86	0	0	0	0	0	0	0	0	0	0	0	0	0	0	5	0	0	0	0	1	0	5	6
-85	0	0	0	0	0	0	0	0	0	0	0	0	0	0	3	0	0	0	0	1	0	2	4
-83	0	1	0	0	0	0	0	0	0	0	0	0	0	0	0	0	0	0	0	1	0	0	2
-81	0	0	0	0	1	0	0	0	0	0	0	0	0	0	0	0	0	0	0	0	1	0	1
-80	0	0	0	0	2	0	2	0	0	0	0	0	0	0	0	0	0	0	0	1	0	0	5
-77	0	0	0	0	0	0	0	0	0	0	0	0	0	0	2	0	0	0	0	0	0	2	2
-76	0	0	0	0	0	0	0	0	0	0	0	0	0	0	0	0	0	0	1	0	0	0	1
-75	0	0	0	0	1	0	0	0	0	0	0	0	0	0	3	0	0	0	0	0	0	0	4
-74	0	0	0	0	1	0	0	0	0	0	0	0	0	0	4	0	0	0	0	0	0	0	5
-73	0	0	0	0	0	0	0	0	0	0	1	0	0	0	1	0	0	0	0	0	1	0	2
-71	0	0	0	0	0	0	0	0	0	0	0	0	0	0	0	0	0	0	1	0	0	0	1
-70	0	0	0	0	0	0	1	0	1	0	0	0	0	0	1	0	0	0	0	0	0	1	3
-69	0	0	0	0	1	0	1	0	0	0	0	0	0	0	0	0	0	0	0	0	0	0	2
-68	0	0	0	0	0	0	0	0	0	0	0	0	0	0	1	0	0	0	0	1	0	0	2
-67	0	0	0	0	0	0	0	0	0	0	0	0	0	1	0	0	0	0	0	0	0	0	1
-66	0	1	0	0	0	0	1	0	0	0	0	0	0	0	0	0	0	0	1	0	0	0	3
-65	0	0	0	0	0	0	0	0	0	0	1	0	0	0	0	0	0	0	0	0	0	0	1
-64	0	0	0	0	1	0	0	0	0	0	0	0	0	0	0	0	0	0	0	0	0	0	1
-62	0	0	0	0	0	0	0	0	2	0	1	0	0	0	0	0	0	0	0	2	0	0	5
-61	0	0	0	0	0	0	4	0	3	0	0	0	0	0	0	0	0	0	0	0	0	0	7
-60	0	0	0	0	0	0	0	0	2	0	0	0	0	0	0	0	0	0	0	0	0	0	2
-59	0	3	0	0	0	0	0	0	0	0	0	0	0	0	0	0	0	0	0	0	0	0	3
-58	0	2	0	1	0	0	0	0	0	0	0	0	0	0	1	0	0	0	0	0	0	0	4
-57	0	0	0	0	0	0	0	0	3	0	0	0	0	0	1	0	0	0	0	0	0	0	4
-56	0	0	0	0	0	0	0	0	0	0	0	1	0	0	0	0	0	0	0	0	0	0	1
-55	0	0	0	1	1	0	0	0	0	3	0	0	0	0	0	0	0	0	0	0	0	0	5
-54	0	1	0	0	0	0	0	0	0	0	0	0	0	1	0	0	0	0	0	0	0	0	2
-53	0	0	0	0	0	0	0	1	0	0	0	0	0	0	0	0	0	0	0	0	0	0	1
-51	0	0	2	1	0	0	0	1	0	2	1	1	0	0	1	0	0	0	0	0	1	0	9
-50	0	0	1	0	2	0	0	0	0	2	0	0	0	1	0	0	0	0	0	0	3	0	6
-49	0	0	0	1	0	0	0	1	1	0	2	1	0	1	0	0	0	0	0	1	2	1	8
-48	0	0	0	1	2	0	3	0	0	0	8	0	0	1	0	0	0	0	0	2	7	0	17
-47	0	0	1	0	0	0	0	0	0	3	0	0	0	0	1	0	0	0	0	0	0	0	5
-46	0	0	1	1	0	0	0	0	0	2	0	1	0	1	0	0	0	0	0	1	2	0	7
-45	0	0	2	0	0	0	0	0	2	0	0	0	0	0	0	0	0	0	0	0	2	0	4
-44	0	0	1	0	0	0	0	0	0	4	0	1	0	0	0	0	2	0	0	1	3	0	9
-43	0	0	0	0	1	0	0	1	0	1	0	0	0	1	0	0	0	0	0	2	1	0	6
-42	0	0	0	1	1	0	2	0	0	3	0	1	0	0	0	0	0	2	0	0	2	0	10
-41	0	0	0	0	0	0	0	1	0	2	0	0	0	0	0	0	0	0	0	0	0	0	3
-40	0	0	1	1	0	0	0	0	0	1	0	1	0	0	0	0	0	0	0	0	1	0	4
-39	0	0	0	0	0	0	0	0	0	4	0	0	0	0	0	0	0	4	0	0	2	0	8
-38	0	0	1	0	0	0	0	0	0	1	1	0	2	0	0	0	0	0	0	0	0	0	5
-37	0	0	0	0	0	0	0	0	0	0	0	0	0	1	0	0	0	0	0	0	0	0	1
-36	0	0	0	0	0	0	0	0	1	0	2	1	0	0	0	0	0	0	0	0	2	0	4
-35	0	0	0	0	0	0	0	0	0	2	1	0	0	0	0	0	0	0	0	0	0	0	3
-34	0	0	0	1	0	0	0	0	0	0	0	0	0	0	0	0	0	1	1	0	0	0	3
-33	0	0	0	0	0	0	0	0	0	0	0	1	1	0	0	0	0	0	0	0	0	0	2
-32	0	2	0	0	0	0	0	0	1	1	0	0	0	0	2	0	1	1	0	1	3	1	9
-31	0	2	0	0	0	0	0	1	0	0	0	0	0	0	1	0	1	0	0	1	0	0	6
-30	0	0	0	4	1	0	0	0	0	0	4	0	0	0	1	1	0	0	0	1	1	1	12
-29	0	0	0	2	0	0	0	2	0	0	0	1	0	0	0	0	0	0	0	0	1	0	5
-28	0	0	0	0	0	0	0	0	0	0	0	0	0	0	1	1	1	1	0	0	3	0	4
-27	0	0	0	0	0	0	0	0	0	1	1	0	0	1	0	0	0	0	0	0	1	0	3
-26	0	0	0	1	0	0	0	0	0	0	0	0	0	0	0	0	1	1	0	0	2	0	3
-25	0	2	1	0	0	0	0	0	1	1	0	0	0	0	0	0	0	2	0	0	1	0	7
-24	0	0	0	1	0	0	0	1	0	0	0	0	0	0	0	0	0	0	0	0	1	0	2
-23	0	0	0	0	0	0	0	0	0	0	1	0	0	0	0	1	0	0	0	0	1	0	2
-22	0	0	0	0	0	0	0	0	0	0	1	0	0	0	0	0	0	0	0	0	1	0	1
-21	0	0	1	0	0	0	0	0	0	2	0	0	0	0	0	1	0	0	1	0	0	0	5
-20	0	0	0	0	0	0	0	1	0	0	0	1	0	0	1	0	1	3	0	0	1	0	7
-19	0	0	1	1	0	0	0	0	0	0	0	0	1	6	0	0	2	1	0	0	7	0	12
-18	0	0	11	22	3	0	2	2	4	6	6	3	2	15	1	7	33	4	0	0	40	3	121
-17	0	25	7	6	5	0	6	18	8	17	5	40	6	147	1	8	14	6	11	4	174	2	334
-16	0	5	10	7	2	0	3	3	3	5	1	5	5	20	1	4	4	0	0	0	26	1	78
-15	0	1	2	0	0	0	0	1	0	5	1	2	0	9	0	1	1	3	0	2	15	0	28
-14	0	1	0	0	1	0	0	0	1	0	1	0	0	0	0	2	5	0	0	0	1	0	11
-13	1	0	0	2	0	0	0	0	1	0	0	0	0	0	0	0	1	0	0	0	0	0	5
-12	0	0	0	0	1	0	0	0	1	0	0	1	1	0	0	0	0	0	0	0	0	0	4
-11	0	0	0	2	0	0	0	0	1	0	0	1	0	0	0	2	0	0	0	0	1	0	6
-10	0	0	0	1	0	0	0	0	0	1	0	0	0	0	1	0	0	0	0	1	1	0	4
-9	0	10	0	1	0	0	0	0	0	2	0	0	1	0	0	0	0	0	0	0	2	0	14
-8	2	1	0	1	1	0	0	1	0	2	0	0	0	0	1	0	0	0	1	0	3	0	10
-7	0	0	2	0	0	0	0	3	0	1	0	0	0	0	0	2	2	0	0	0	0	0	10
-6	0	0	0	0	1	0	0	0	0	0	0	0	0	0	0	2	0	0	0	1	2	0	4
-5	0	0	2	0	0	0	0	0	0	0	0	1	0	0	0	3	0	0	0	0	3	0	6
-4	1	0	0	1	0	0	0	1	5	1	2	0	0	0	1	0	1	0	0	0	7	0	13
-3	0	0	0	0	0	0	0	3	1	2	1	1	0	3	0	2	0	1	0	0	3	0	14
-2	16	3	6	17	3	0	7	21	15	31	11	5	6	12	10	13	11	22	0	3	125	12	212
-1	33	3	11	21	7	0	4	34	12	51	17	17	12	15	13	15	13	31	2	6	179	18	317
1	337	48	137	220	106	220	93	230	180	354	61	493	227	243	80	141	197	339	27	88	771	117	3821
2	50	17	17	32	16	51	14	46	21	53	11	63	36	43	12	23	39	43	5	12	128	14	604
3	9	5	4	7	4	9	2	2	2	11	3	6	5	5	3	2	12	9	2	3	17	0	105
4	1	0	0	1	1	3	0	0	0	0	1	1	0	1	0	0	0	2	1	0	0	0	12
5	1	1	1	2	1	0	0	5	0	0	0	0	0	4	0	0	0	1	0	0	1	0	16
6	0	0	0	0	0	0	0	0	0	0	0	0	0	1	0	0	0	0	0	0	1	0	1
7	0	2	0	0	0	1	0	0	0	0	2	0	0	0	0	0	0	0	0	0	0	0	5
8	0	0	0	0	0	2	0	0	0	1	0	0	0	1	0	0	0	0	0	0	1	0	4
9	1	0	0	0	0	0	0	0	0	0	0	0	0	1	0	0	0	0	0	0	0	0	2
10	0	0	1	0	0	0	0	0	0	0	0	0	0	0	0	1	0	0	0	0	0	0	2
11	0	0	0	1	0	0	0	0	0	0	1	0	0	0	0	2	0	0	0	0	0	0	4
12	0	0	0	1	0	0	0	0	1	1	0	0	0	0	2	0	0	0	1	0	1	1	6
13	1	0	0	0	0	0	0	0	0	1	0	0	0	0	0	0	1	0	0	0	0	0	3
14	11	1	5	4	0	3	0	2	27	25	6	2	5	4	1	2	3	7	4	55	30	6	167
15	5	0	4	3	2	3	0	1	4	3	4	3	4	1	1	2	0	4	0	8	14	3	52
16	106	5	46	98	31	132	21	32	25	82	1647	54	181	40	20	72	52	83	48	26	572	24	2801
17	32	4	22	33	12	35	10	8	7	27	196	10	44	13	1	15	23	31	7	11	97	1	541
18	6	0	4	3	0	8	3	2	0	9	18	3	10	1	0	6	0	2	3	1	11	0	79
19	0	0	0	1	0	0	1	1	0	1	3	0	3	0	0	0	0	0	1	0	2	0	11
20	1	0	0	0	0	0	0	0	1	1	0	0	0	0	0	1	0	1	0	0	1	0	5
21	0	0	0	0	0	0	0	0	0	0	0	0	0	0	0	0	1	0	0	0	1	0	1
22	93	6	192	130	20	88	7	32	9	65	14	63	84	32	0	55	68	62	2	16	81	0	1038
23	13	1	17	14	3	21	0	5	9	7	2	9	15	5	0	11	11	12	0	3	3	0	158
24	5	1	12	10	4	11	1	4	2	6	0	3	8	5	1	9	8	5	0	0	1	0	95
25	0	0	1	0	0	2	1	0	0	0	0	1	0	0	0	0	2	0	0	0	0	0	7
26	1	0	0	0	0	0	1	0	1	0	0	0	0	0	0	0	0	0	0	0	0	1	3
27	0	0	0	0	0	0	0	0	0	0	0	1	0	0	0	1	0	0	0	0	0	0	2
28	6	0	2	8	5	3	1	3	10	5	2	1	0	1	0	3	1	6	0	2	34	0	59
29	6	0	3	2	0	0	1	4	0	4	0	0	0	0	0	2	2	2	0	0	16	0	26
30	0	0	0	3	1	0	0	1	1	0	0	0	0	0	0	1	0	0	0	0	3	0	7
31	0	0	0	1	0	0	0	0	0	0	0	1	0	0	0	0	0	1	0	1	3	0	4
32	6	1	14	5	0	7	1	3	0	6	18	7	1	2	0	4	4	5	42	11	13	0	137
33	0	0	1	1	1	3	1	1	0	2	5	1	1	0	0	2	4	1	4	4	4	0	32
34	1	2	0	0	0	0	4	0	0	0	0	0	0	0	0	0	1	1	0	0	3	0	9
35	0	0	0	0	0	0	0	0	1	0	0	0	0	0	0	0	0	0	0	0	0	0	1
36	0	0	0	1	0	0	0	0	0	0	0	0	0	0	0	0	0	1	0	0	1	0	2
38	42	1	55	37	10	26	5	19	2	34	7	24	30	18	0	27	26	36	1	12	15	1	412
39	6	2	9	11	2	9	2	7	2	5	1	6	4	2	0	8	8	2	1	1	4	0	88
40	2	0	2	1	1	2	0	0	0	0	1	0	1	3	0	1	1	0	0	0	4	0	15
41	1	0	0	0	0	0	0	0	1	0	0	0	0	1	0	0	0	0	0	0	1	0	3
42	12	0	1	4	0	0	1	2	2	0	6	0	0	1	0	50	15	0	1	0	83	0	95
43	0	1	0	1	0	0	0	3	1	0	0	0	1	1	0	5	2	0	0	0	9	0	15
44	0	0	1	2	0	0	0	0	1	0	3	0	0	0	0	1	0	0	0	0	7	0	8
45	0	0	0	2	0	0	0	0	1	0	3	0	0	0	0	0	0	0	0	0	6	0	6
46	0	0	0	1	0	0	0	0	0	0	0	0	0	0	0	0	1	1	0	0	0	0	3
47	0	0	0	0	0	0	0	0	0	1	0	0	0	0	0	0	0	1	0	0	1	0	2
48	0	0	0	2	0	0	0	0	0	0	0	0	0	1	0	0	0	0	0	0	1	0	3
49	0	0	0	0	0	1	0	0	0	0	0	0	0	0	0	0	0	0	0	0	0	0	1
50	1	1	0	0	0	0	0	2	0	0	0	0	0	0	0	0	0	0	0	0	2	0	4
52	0	0	0	0	0	0	0	0	1	1	0	0	0	0	0	0	0	1	0	0	0	1	3
53	13	0	16	26	0	14	2	3	2	4	2	4	4	5	4	7	11	7	0	3	10	0	127
54	2	0	4	6	1	6	1	2	0	2	4	2	3	2	1	2	3	2	0	0	7	0	43
55	1	0	1	3	0	0	0	1	0	0	1	0	1	0	1	0	0	0	0	0	4	0	9
56	0	0	0	0	0	0	0	0	0	0	1	1	0	0	0	0	2	0	0	0	4	0	4
57	2	0	1	0	0	3	4	1	0	2	6	0	1	2	1	2	3	7	0	0	24	1	35
58	1	0	0	2	0	1	0	3	3	0	7	1	0	1	0	1	0	0	0	0	11	0	20
59	0	0	0	0	2	0	0	0	1	1	0	0	0	0	1	0	0	0	0	0	2	0	5
60	2	0	0	0	0	0	0	0	0	0	0	0	0	0	0	0	0	0	0	0	2	0	2
61	0	0	0	0	1	0	0	0	0	0	0	0	0	0	0	0	0	0	0	0	0	0	1
62	0	0	2	2	0	0	0	0	0	1	0	0	0	0	0	0	0	0	0	0	4	0	5
63	0	0	0	0	0	0	0	0	0	0	0	0	0	0	2	0	0	0	0	0	0	0	2
64	3	0	0	0	0	0	0	0	1	0	0	0	0	2	1	1	0	0	0	0	0	0	8
65	0	0	0	0	0	0	0	0	0	0	0	0	0	0	0	0	0	0	1	0	0	0	1
66	2	0	0	0	0	0	1	1	0	0	0	0	0	0	0	0	0	0	0	0	2	0	4
67	0	0	0	0	0	0	0	0	0	0	1	0	0	0	1	0	0	1	0	0	1	1	3
68	0	0	0	0	0	0	0	0	0	0	0	0	0	0	1	0	0	0	0	0	1	0	1
69	0	0	0	3	0	2	0	0	0	0	0	0	0	0	0	0	0	0	0	0	3	0	5
70	1	0	0	1	0	1	0	0	0	0	1	0	1	0	0	0	0	0	0	0	0	0	5
71	0	0	0	0	0	0	0	0	0	0	0	1	0	0	0	0	0	0	0	1	0	0	2
72	0	0	0	0	0	0	0	0	0	1	0	0	0	0	0	0	0	0	0	0	0	0	1
73	0	0	0	0	0	0	0	1	0	0	0	0	0	0	0	0	1	0	0	0	0	0	2
74	0	0	0	0	0	1	0	0	0	0	0	0	0	0	0	0	0	0	0	0	0	0	1
75	0	0	2	0	0	1	0	0	0	0	0	0	3	0	0	0	0	0	0	0	0	0	6
76	0	0	0	2	0	0	0	0	0	2	0	1	0	0	0	0	0	0	0	0	0	0	5
77	0	0	0	0	0	0	0	0	0	1	0	0	0	0	0	0	0	1	0	0	0	0	2
79	0	0	0	0	1	0	0	0	0	0	0	0	0	0	0	0	0	0	0	0	1	0	1
80	1	0	0	0	0	1	0	0	0	0	0	0	3	0	0	7	2	0	0	0	0	0	14
81	1	0	0	0	0	0	1	0	0	0	0	0	0	0	0	1	0	0	0	0	0	0	3
82	1	0	1	0	0	0	0	0	1	0	0	0	0	1	1	0	2	0	0	0	3	0	7
83	1	0	0	1	0	1	0	0	1	0	0	0	1	0	0	0	0	0	1	0	2	0	6
84	0	0	0	1	0	0	0	0	1	1	0	0	0	0	0	1	0	0	1	0	0	1	5
85	2	0	0	1	0	0	0	1	0	0	0	0	0	0	0	0	0	0	0	0	0	0	4
87	0	0	0	0	0	0	0	0	0	0	0	0	0	0	1	0	0	0	0	0	0	1	1
90	0	0	0	1	0	1	0	0	0	0	0	0	0	0	0	0	0	0	0	0	0	0	2
91	0	0	0	0	0	0	0	0	1	0	0	0	0	0	0	0	0	0	0	1	0	0	2
92	0	0	0	0	0	0	0	1	0	0	0	0	0	1	0	0	0	0	0	0	1	0	2
93	0	0	0	0	0	0	0	0	0	0	0	0	1	0	0	0	0	0	0	0	0	0	1
94	0	0	1	0	0	0	0	0	0	0	0	0	0	0	0	0	0	0	0	0	0	0	1
95	0	0	0	0	0	0	0	0	5	0	0	0	0	0	0	0	1	0	0	0	6	0	6
96	1	0	0	0	0	0	0	0	0	0	0	1	0	0	0	0	0	0	0	0	0	0	2
97	0	0	1	0	0	0	0	0	1	0	0	0	0	0	0	0	0	0	0	0	1	0	2
98	0	0	0	0	0	0	0	0	1	0	0	0	0	0	0	0	0	0	0	0	0	1	1
100	0	0	0	2	0	0	0	0	0	0	0	0	1	0	0	1	1	0	0	0	0	0	5
101	0	0	0	0	0	0	0	0	0	0	0	0	0	0	0	0	0	1	0	0	1	0	1
102	0	0	0	0	0	0	0	1	1	0	0	0	0	0	0	0	0	0	0	0	1	0	2
103	1	0	0	1	0	0	0	0	0	0	0	0	0	0	0	0	0	0	0	0	1	0	2
104	0	0	0	0	0	1	0	0	0	0	0	0	0	0	0	0	0	0	0	0	0	0	1
105	0	0	0	0	0	0	0	0	0	0	0	0	0	0	0	1	0	1	0	0	1	0	2
106	0	0	0	0	0	0	0	0	0	0	0	0	0	0	0	1	0	0	0	0	0	0	1
107	0	0	0	0	0	0	0	0	0	0	0	0	0	0	0	0	0	1	0	0	0	0	1
108	0	0	0	0	0	0	1	0	0	0	0	0	0	0	0	0	0	0	0	0	0	0	1
109	0	1	0	2	0	1	0	0	0	0	0	0	0	0	0	0	0	0	0	0	0	0	4
110	0	0	0	0	1	0	0	0	0	0	2	0	0	0	0	0	0	0	0	0	3	0	3
111	0	0	0	0	0	0	0	0	0	0	1	0	0	0	0	2	0	1	0	0	1	0	4
112	0	0	0	0	0	0	0	0	0	0	0	0	0	0	0	0	1	0	0	0	0	0	1
115	0	0	0	1	0	0	0	0	0	0	0	0	0	0	0	0	0	0	0	0	0	0	1
116	0	0	0	0	0	0	0	0	0	1	0	0	0	0	0	0	0	0	0	0	0	0	1
117	0	0	0	0	0	0	0	0	0	0	0	0	1	0	0	0	0	0	0	0	0	0	1
119	0	0	0	0	0	0	0	0	0	0	0	0	1	0	1	0	0	0	0	0	0	1	2
121	0	0	0	0	0	0	0	1	1	0	0	0	0	0	1	0	0	0	0	0	1	0	3
122	0	0	1	0	0	0	0	0	0	0	0	0	0	0	0	0	0	0	0	0	0	0	1
124	4	0	0	3	3	2	0	3	0	14	5	5	0	0	0	0	0	8	2	0	41	0	49
125	2	0	1	1	0	1	0	1	0	7	2	2	0	1	0	0	0	2	4	1	15	0	25
126	1	0	1	0	0	0	1	0	0	0	1	0	0	0	0	1	0	0	3	0	6	0	8
127	2	0	0	0	0	0	0	0	0	0	0	0	0	0	0	0	0	0	0	0	2	0	2
128	3	0	1	1	1	1	1	6	6	1	0	2	2	0	1	4	1	1	0	0	6	7	32
129	2	0	0	4	0	0	0	0	0	1	0	0	0	0	1	1	0	1	0	0	3	4	10
130	0	0	0	1	0	0	0	0	0	0	0	0	0	0	0	0	0	1	0	0	0	1	2
131	0	0	0	0	0	0	0	0	0	0	0	0	0	0	0	0	0	1	0	0	1	0	1
133	0	0	0	0	0	0	0	0	0	0	0	0	0	0	0	0	0	1	0	1	0	0	2
134	0	0	0	1	0	0	0	0	0	0	0	0	0	0	0	0	0	0	0	0	0	0	1
135	0	0	0	0	0	0	0	0	0	0	0	2	0	0	0	0	0	0	1	0	3	0	3
138	0	0	1	0	0	0	0	0	0	0	0	0	0	0	0	0	0	0	0	0	0	0	1
140	0	0	0	0	0	0	0	2	0	0	2	0	0	0	0	0	1	0	0	0	4	0	5
141	2	0	0	1	0	0	0	0	0	0	2	0	0	0	0	0	0	0	0	0	4	0	5
142	0	0	0	0	0	0	0	1	0	0	2	0	0	1	0	1	0	1	0	0	4	0	6
143	0	0	0	0	0	0	0	1	0	0	0	0	0	0	0	1	0	1	0	0	1	0	3
144	0	0	0	0	0	0	0	0	0	0	0	0	2	1	0	1	0	0	0	0	0	0	4
147	0	0	0	0	0	0	0	2	0	2	1	0	0	0	0	0	2	1	0	0	1	0	8
148	0	0	0	0	1	0	0	0	0	0	0	0	0	0	0	0	0	0	1	0	1	0	2
150	0	0	1	0	0	0	0	0	0	0	0	0	0	0	0	0	0	0	0	0	0	0	1
152	0	14	0	0	0	0	0	0	0	1	0	0	0	0	0	0	0	2	0	0	0	0	17
153	0	0	0	0	0	0	0	0	0	0	0	1	0	0	1	0	0	1	1	0	2	0	4
154	0	0	0	0	2	0	0	5	2	0	4	1	0	0	0	0	1	8	0	0	19	2	23
155	0	0	0	0	0	0	0	5	0	0	1	0	0	0	0	0	0	0	0	0	6	0	6
156	10	0	1	3	0	1	0	7	7	5	5	0	1	1	0	3	0	5	0	1	25	7	50
157	1	0	0	0	0	0	0	1	0	1	1	0	0	0	0	0	0	0	0	0	3	0	4
165	0	0	0	0	0	1	0	0	0	0	0	0	0	0	1	0	0	0	0	0	0	0	2
166	0	0	0	0	0	0	0	0	0	0	0	1	0	0	0	0	0	0	0	0	0	0	1
169	3	0	0	3	0	0	0	0	0	2	0	0	0	0	0	0	0	1	0	0	9	0	9
170	2	0	0	0	0	1	1	0	0	0	0	0	0	0	0	0	0	0	0	0	3	0	4
171	0	0	0	1	0	1	0	0	0	0	0	0	0	0	0	0	0	0	1	0	1	0	3
172	0	0	2	1	0	0	0	0	1	0	3	1	0	1	0	0	0	0	0	0	2	0	9
173	1	0	0	0	0	0	1	0	0	0	0	0	1	0	0	0	0	0	0	0	1	0	3
174	0	0	0	2	0	0	0	0	0	0	0	0	0	1	0	0	0	0	0	0	0	0	3
175	0	0	1	0	0	0	0	1	0	0	0	0	0	0	0	0	0	0	0	0	0	0	2
178	0	0	0	0	0	0	0	0	1	0	1	0	0	0	0	0	0	0	0	0	0	0	2
181	0	0	0	0	0	0	0	0	1	0	0	0	0	0	0	0	0	0	0	0	1	0	1
182	0	0	0	0	1	0	0	1	2	0	0	0	0	0	0	0	0	0	0	0	3	0	4
183	0	0	2	0	0	0	0	1	1	0	0	0	0	0	0	0	0	0	0	0	2	0	4
185	0	0	0	3	1	0	0	0	0	1	0	0	0	1	0	0	0	0	0	1	2	0	7
186	0	0	0	2	0	1	0	0	0	0	0	0	0	1	0	0	0	0	0	0	2	0	4
187	0	0	0	0	0	0	0	0	0	2	0	0	0	0	0	0	0	0	0	0	2	0	2
188	0	0	0	0	0	1	0	0	0	0	0	0	0	0	0	0	0	0	0	0	1	0	1
190	0	0	0	0	0	0	0	1	0	0	0	0	0	0	0	0	0	1	0	0	0	0	2
191	0	0	0	0	0	0	0	1	1	0	0	0	0	0	0	0	0	0	0	0	2	0	2
194	0	0	0	0	0	0	0	0	0	1	0	0	0	0	0	0	0	0	0	0	1	0	1
195	0	0	0	0	1	0	0	0	0	0	0	0	0	2	0	0	0	0	0	0	1	1	3
196	0	0	0	0	2	0	0	0	1	1	0	0	0	0	0	1	0	0	0	0	3	1	5
