 	A	C	D	E	F	G	H	I	K	L	M	N	P	Q	R	S	T	V	W	Y	Nterm	Cterm	Sum
-126	0	0	0	0	0	0	0	0	0	0	0	0	0	0	0	0	0	0	1	0	0	0	1
-112	0	0	0	0	0	0	0	0	0	0	0	0	0	0	0	0	0	0	1	0	0	0	1
-106	0	0	0	0	0	0	0	0	0	0	0	0	0	0	0	0	0	0	1	0	0	0	1
-105	0	0	0	0	0	0	0	0	0	0	0	0	0	0	0	0	0	0	0	1	0	0	1
-103	0	0	0	0	0	0	0	0	0	0	0	0	0	0	0	0	0	0	1	0	0	0	1
-101	0	0	0	0	0	0	0	0	0	0	0	0	0	0	0	0	0	0	1	0	0	0	1
-99	0	0	0	0	0	0	0	0	0	0	0	0	0	0	5	0	0	0	1	0	1	2	6
-98	0	0	0	0	0	0	0	0	0	0	0	0	0	0	1	0	0	0	0	0	0	1	1
-96	0	0	0	0	0	0	0	0	0	0	0	0	0	0	1	0	0	0	0	0	0	0	1
-95	0	0	0	0	0	0	0	0	0	0	0	0	0	0	1	0	0	0	0	0	0	0	1
-93	0	0	0	0	0	0	0	0	0	0	0	0	0	0	0	0	0	0	0	1	0	0	1
-92	0	1	0	0	0	0	0	0	0	0	0	0	0	0	1	0	0	0	0	0	0	0	2
-90	0	1	0	0	1	0	0	0	0	0	0	0	0	0	0	0	0	0	0	0	0	0	2
-87	0	0	0	0	1	0	0	0	0	0	0	0	0	0	0	0	0	0	0	0	0	0	1
-80	0	0	0	0	0	0	0	0	0	0	0	0	0	0	1	0	0	0	0	0	0	0	1
-79	0	0	0	0	0	0	1	0	0	0	0	0	0	0	0	0	0	0	0	0	0	0	1
-74	0	0	0	0	1	0	0	0	0	0	2	0	0	0	0	0	0	0	0	0	2	0	3
-71	0	0	0	0	0	0	0	0	1	0	0	0	0	1	0	0	0	0	0	0	0	0	2
-69	0	0	0	0	1	0	0	0	0	0	0	0	0	0	0	0	0	0	0	0	0	0	1
-68	0	0	0	0	0	0	0	0	0	0	0	0	0	0	1	0	0	0	0	0	0	0	1
-67	0	0	0	0	1	0	0	0	0	0	0	0	0	1	0	0	0	0	0	0	0	0	2
-65	0	0	0	0	0	0	0	0	0	0	1	0	0	0	0	0	0	0	0	0	0	0	1
-64	0	0	0	2	0	0	0	0	0	0	0	0	0	0	0	0	0	0	0	0	0	0	2
-62	0	0	0	1	0	0	0	0	0	0	0	0	0	0	0	0	0	0	0	0	0	0	1
-61	0	2	0	1	0	0	4	0	0	0	1	0	0	0	0	0	0	0	0	0	2	0	8
-60	0	0	0	0	0	0	0	0	1	0	0	0	0	1	1	0	0	0	0	0	0	1	3
-59	0	0	0	0	0	0	0	0	0	0	0	0	0	0	0	0	0	0	1	0	0	0	1
-58	0	0	0	0	1	0	0	0	1	0	0	0	0	0	0	0	0	0	0	0	1	0	2
-55	0	0	0	0	0	0	0	0	0	2	0	0	0	0	0	0	0	0	0	0	0	0	2
-53	0	0	0	0	0	0	0	0	0	0	0	0	0	0	1	0	0	0	0	0	0	0	1
-51	0	0	0	0	0	0	0	0	0	2	0	0	0	0	0	0	0	0	0	0	2	0	2
-50	0	0	1	0	4	0	0	0	0	0	0	0	0	0	0	0	0	0	0	0	3	0	5
-48	0	0	1	1	1	0	0	1	1	2	17	0	0	0	0	0	0	0	0	0	8	1	24
-47	0	0	0	0	0	0	2	0	1	0	0	0	0	0	0	0	0	0	0	1	0	0	4
-46	0	0	1	0	0	0	0	0	0	0	0	0	0	0	0	0	0	0	0	0	0	0	1
-44	0	0	0	0	0	0	0	0	0	1	0	0	0	0	0	0	0	0	0	0	0	0	1
-43	0	2	1	0	0	0	0	1	2	1	0	0	0	0	0	0	0	0	0	0	1	0	7
-42	0	1	0	0	0	0	0	0	1	1	0	0	0	0	1	0	0	0	0	0	0	0	4
-40	0	0	0	0	0	0	0	0	0	1	0	0	0	0	1	0	0	0	0	0	0	0	2
-39	0	0	1	0	1	0	0	0	0	0	0	0	0	0	0	0	0	0	0	0	1	0	2
-38	0	0	0	1	0	0	0	0	0	0	0	0	0	0	0	0	0	0	0	0	0	0	1
-37	0	1	0	0	0	0	0	0	0	0	0	0	0	0	0	0	0	0	0	0	0	0	1
-36	0	0	0	1	0	0	0	0	0	0	0	0	0	0	0	0	2	0	1	0	0	0	4
-35	0	0	0	0	0	0	0	0	0	0	0	0	0	0	1	0	2	0	0	0	0	0	3
-34	0	0	0	0	1	0	0	0	0	1	0	0	0	0	0	0	0	0	0	0	0	0	2
-33	0	0	0	1	1	0	0	0	0	0	0	0	0	0	0	0	0	0	0	0	1	0	2
-32	0	0	0	0	0	0	0	0	0	1	0	0	0	0	0	0	0	0	0	1	0	0	2
-31	0	0	0	0	0	0	0	0	0	1	0	0	0	0	0	0	0	0	0	0	0	0	1
-30	0	0	0	0	0	0	0	0	0	0	1	0	0	0	0	0	1	0	0	0	0	0	2
-29	0	0	0	0	0	0	0	0	2	0	0	0	0	1	0	0	1	0	0	0	0	1	4
-28	0	0	0	0	0	0	1	1	0	0	0	0	0	0	0	0	0	0	0	0	1	0	2
-27	0	0	1	0	0	0	0	0	0	0	0	0	0	0	1	1	0	1	0	0	0	0	4
-26	0	0	0	2	0	0	0	1	0	0	0	0	0	0	0	0	0	0	0	0	1	0	3
-25	0	0	0	1	1	0	0	1	0	0	0	0	0	0	0	0	2	0	0	0	0	0	5
-24	0	0	0	0	0	0	0	0	0	0	0	0	0	0	0	0	0	0	1	0	1	0	1
-23	0	0	0	0	0	0	0	0	0	0	0	0	0	0	0	0	0	0	3	0	3	0	3
-22	0	0	0	0	0	0	0	2	0	0	0	0	0	0	0	0	0	1	0	0	0	0	3
-21	0	0	0	0	1	0	0	1	1	0	0	0	0	0	0	0	1	0	0	0	0	0	4
-19	0	0	0	0	0	0	0	0	0	0	0	0	0	3	0	0	0	2	0	0	4	0	5
-18	0	0	34	47	6	0	3	10	1	33	3	2	5	45	1	23	40	8	0	4	70	2	265
-17	0	52	19	14	4	0	9	13	14	19	6	52	6	169	3	18	23	9	2	5	231	1	437
-16	0	8	3	4	1	0	3	0	0	5	1	11	2	22	1	1	4	5	0	1	25	0	72
-15	0	1	1	0	1	0	1	1	0	1	0	1	1	3	0	0	0	1	0	0	2	0	12
-14	0	0	0	1	0	0	0	0	3	1	0	0	0	1	0	0	0	0	0	0	1	0	6
-13	0	0	0	0	0	0	0	0	0	0	0	0	0	0	0	2	0	0	0	0	2	0	2
-12	0	0	1	0	0	0	0	0	1	0	0	0	0	1	0	0	0	0	0	0	1	0	3
-11	0	0	1	0	0	0	0	0	0	0	0	0	0	0	0	0	0	0	0	0	0	0	1
-10	0	0	1	0	0	0	0	0	0	0	0	0	0	0	0	0	0	0	0	0	0	0	1
-9	0	3	0	0	0	0	0	0	2	1	0	0	0	0	0	0	0	0	0	0	0	2	6
-8	0	0	0	1	0	0	0	0	0	0	0	0	0	0	0	0	0	0	0	0	1	0	1
-6	0	0	0	0	0	0	0	0	0	0	0	0	0	0	1	0	0	0	0	0	0	0	1
-5	0	0	0	0	1	0	0	0	0	0	0	0	0	0	0	0	0	1	0	0	1	0	2
-4	0	0	0	0	0	0	0	0	0	1	1	0	0	1	0	0	0	0	0	0	1	0	3
-3	0	0	0	0	0	0	1	0	0	2	0	0	1	0	0	0	1	0	0	0	0	0	5
-2	19	3	3	20	5	0	6	16	3	18	407	15	6	12	2	3	4	13	11	7	442	5	573
-1	11	2	10	21	9	0	9	14	9	20	66	12	2	10	6	14	16	20	1	6	155	8	258
1	446	47	220	304	137	284	106	415	174	506	103	316	234	232	66	242	264	487	29	130	1203	132	4742
2	43	4	25	37	9	46	19	52	12	50	19	45	39	32	0	24	37	42	4	19	113	2	558
3	4	0	4	1	0	3	1	2	1	2	2	6	2	1	2	3	2	0	0	1	2	0	37
4	0	0	0	0	0	0	0	0	0	0	0	0	0	0	0	0	1	0	9	0	0	0	10
5	1	2	2	1	1	0	0	0	0	0	0	0	0	1	0	0	0	2	4	0	3	0	14
6	1	0	0	1	0	0	0	0	0	0	0	0	0	0	1	0	0	0	0	0	0	0	3
7	0	0	0	0	0	0	0	1	0	0	0	0	0	0	0	0	0	0	0	0	0	0	1
8	0	0	0	0	0	0	0	0	0	0	1	0	0	0	0	0	0	0	0	0	0	0	1
11	0	0	0	0	0	0	0	0	0	0	0	0	0	1	0	0	0	0	0	0	0	0	1
12	1	0	0	0	0	0	0	0	0	1	0	1	1	0	1	0	0	0	3	0	5	1	8
13	0	0	0	0	0	0	0	0	0	0	0	1	2	0	0	0	0	0	0	0	3	0	3
14	1	0	0	3	0	0	0	1	0	2	0	0	0	0	0	0	0	1	0	0	1	0	8
15	1	0	0	1	0	0	0	0	2	1	6	0	1	0	0	5	0	0	5	0	11	0	22
16	40	7	18	54	3	65	8	17	12	61	1287	29	40	23	5	37	20	39	88	3	546	13	1856
17	19	0	6	8	1	20	2	8	4	13	146	11	9	18	1	13	8	12	18	2	103	0	319
18	3	0	0	2	0	2	1	2	0	5	11	2	0	2	0	0	0	1	2	1	7	0	34
19	0	0	0	1	0	1	1	0	2	1	0	0	1	0	0	0	1	0	0	0	1	0	8
20	0	0	0	0	0	0	0	0	1	0	0	0	0	0	0	0	1	0	0	0	0	0	2
21	0	0	0	0	0	1	0	0	0	0	0	0	0	0	0	1	0	0	0	0	0	0	2
22	51	14	56	39	18	62	0	28	1	43	10	32	40	18	0	30	39	57	3	6	11	0	547
23	19	0	8	20	2	14	0	3	2	12	2	11	21	9	0	5	21	16	0	2	2	0	167
24	1	1	3	5	1	6	0	3	0	0	1	0	4	1	0	3	5	6	0	0	2	0	40
25	0	1	0	0	0	3	0	0	0	0	0	0	0	0	0	0	0	0	0	0	0	0	4
26	0	0	0	0	0	0	0	0	0	0	0	0	0	0	0	1	0	0	0	0	0	0	1
28	0	0	0	0	0	0	0	0	0	0	2	0	0	0	0	0	1	0	0	0	2	0	3
29	0	0	0	0	0	0	0	0	0	0	0	0	0	1	5	0	0	0	0	0	0	5	6
30	0	0	0	1	0	0	0	0	0	0	0	0	0	0	1	0	0	0	0	0	1	0	2
31	0	0	0	0	0	0	0	0	1	0	0	1	0	0	0	0	0	0	0	0	0	0	2
32	0	0	0	4	1	4	0	1	0	2	16	0	2	0	0	4	0	1	68	0	34	0	103
33	0	0	0	1	0	0	0	2	0	2	3	0	1	0	0	0	2	0	23	1	18	0	35
34	0	0	0	0	0	0	1	0	0	1	0	0	0	0	0	0	0	0	1	0	1	0	3
36	0	0	0	1	0	0	0	0	1	0	0	0	0	0	0	0	0	0	0	0	0	1	2
38	17	0	11	11	4	10	0	6	2	9	4	2	10	1	0	9	4	6	1	1	3	1	108
39	6	0	1	5	0	3	0	4	0	4	1	1	3	2	0	0	3	3	0	0	1	0	36
40	0	1	0	1	0	0	0	1	0	0	0	0	0	2	0	0	0	0	0	0	3	0	5
41	0	1	0	0	0	1	0	0	0	0	0	1	0	0	0	0	0	0	0	0	0	0	3
42	9	0	2	0	2	0	0	0	0	0	3	1	1	2	0	30	0	0	0	0	43	0	50
43	1	0	0	0	0	0	0	0	0	0	0	0	1	0	0	9	0	1	0	0	10	0	12
45	0	0	0	0	0	0	0	0	0	0	0	0	0	0	0	0	0	1	0	0	1	0	1
50	0	0	0	0	0	0	0	0	0	1	0	0	0	0	0	0	0	0	0	0	0	0	1
53	1	0	1	0	0	1	0	0	0	0	0	0	0	0	0	1	0	0	0	1	0	0	5
54	0	0	1	0	0	1	0	0	0	1	0	0	0	0	0	0	1	0	0	0	0	0	4
55	0	0	0	0	0	0	0	0	0	0	4	0	0	0	0	1	0	0	0	0	4	0	5
56	1	0	0	0	0	0	0	0	0	0	0	0	0	0	0	0	0	0	0	0	0	0	1
57	11	0	4	2	4	10	0	1	0	3	0	0	0	0	0	2	2	4	0	1	40	0	44
58	2	0	1	0	0	2	0	0	0	1	0	0	0	0	0	0	0	1	0	0	7	0	7
59	0	0	0	0	0	0	0	0	0	0	0	0	0	0	0	2	0	0	1	0	1	0	3
60	0	0	0	0	0	0	0	0	0	0	0	0	0	0	0	0	0	0	5	0	5	0	5
62	0	0	0	0	1	0	0	0	0	0	0	0	0	0	0	0	0	0	0	0	1	0	1
63	2	0	0	0	0	0	0	0	0	0	0	0	0	0	0	0	0	0	0	0	0	0	2
64	2	0	0	0	0	0	1	0	0	1	0	0	0	0	0	4	0	0	0	0	4	0	8
66	0	0	0	0	0	1	0	0	0	0	0	0	0	1	0	0	0	0	0	0	0	0	2
67	0	0	0	0	0	0	0	0	0	0	1	0	0	0	0	0	0	0	0	0	1	0	1
68	0	0	0	0	0	0	0	0	0	1	0	0	0	0	0	0	0	0	0	0	1	0	1
70	0	0	0	0	0	0	0	0	0	0	0	1	0	0	0	0	0	0	0	0	0	0	1
72	0	0	0	0	1	1	0	0	0	0	0	0	0	0	0	0	0	0	0	0	0	0	2
73	1	1	0	0	0	0	0	0	0	0	0	0	0	0	0	0	0	0	0	0	0	0	2
74	0	0	0	0	0	0	0	0	0	0	0	0	0	0	1	0	0	0	0	0	0	0	1
75	0	0	0	0	0	0	0	0	0	0	0	0	0	0	0	0	0	0	0	2	0	0	2
76	0	0	0	0	0	0	0	0	0	1	0	0	0	0	0	0	1	0	0	1	0	0	3
82	0	0	0	0	0	0	0	0	0	0	0	0	0	0	1	0	0	0	0	0	0	0	1
83	0	0	0	0	0	0	0	0	0	0	1	0	0	0	0	0	0	0	0	0	1	0	1
86	0	0	0	0	0	0	0	0	0	1	0	0	0	0	0	0	0	0	1	0	0	0	2
87	0	0	2	0	0	0	0	0	0	0	2	2	0	0	0	0	0	0	0	0	1	0	6
88	0	0	0	2	0	0	0	0	0	0	0	0	0	0	0	0	0	0	0	0	2	0	2
90	0	0	0	0	0	2	0	0	0	0	0	0	0	0	0	0	0	0	0	0	0	0	2
92	0	0	0	0	0	0	0	0	0	0	0	0	0	0	1	0	0	0	0	0	0	0	1
95	0	0	0	0	0	0	0	0	0	0	0	0	0	0	1	0	0	0	0	0	0	0	1
96	0	0	0	0	0	0	0	0	0	0	0	0	1	1	0	0	0	0	0	0	0	0	2
99	0	0	0	2	0	0	0	0	1	0	0	0	0	0	0	0	0	0	0	0	1	0	3
100	0	0	0	0	0	0	0	0	1	0	1	0	1	0	0	0	0	0	0	0	1	0	3
101	0	0	0	0	0	0	0	0	0	0	0	0	1	0	0	0	0	0	0	0	0	0	1
102	0	0	0	1	0	0	0	0	1	0	0	0	0	0	0	0	0	0	0	0	0	0	2
103	0	0	0	0	0	0	0	0	0	0	0	0	0	0	0	0	0	1	0	0	0	0	1
105	0	0	0	0	0	0	0	0	0	0	0	0	0	0	0	1	1	0	0	0	0	0	2
108	0	0	1	0	0	0	0	0	0	0	0	0	0	0	0	0	0	0	0	0	0	0	1
110	0	0	0	0	0	0	0	0	0	0	2	0	0	0	0	0	0	0	0	0	0	0	2
111	0	0	0	0	0	0	0	0	0	0	0	0	0	0	0	2	0	0	0	0	0	0	2
112	0	0	0	1	0	1	0	0	0	0	0	0	0	0	0	0	0	0	0	0	0	1	2
116	0	0	0	0	0	1	0	0	0	0	0	0	1	0	1	0	1	0	0	0	0	1	4
119	0	0	0	0	0	0	0	0	0	0	0	0	0	0	0	0	0	0	0	1	0	0	1
120	1	0	0	0	0	0	0	0	0	0	0	0	0	0	0	0	0	0	0	0	0	0	1
121	0	0	0	1	0	0	0	0	0	0	0	0	0	0	0	0	0	0	0	0	0	0	1
122	0	0	0	0	0	0	0	0	0	0	0	0	0	0	1	0	0	0	0	0	1	0	1
123	1	0	0	0	0	0	0	0	0	0	0	0	0	0	0	0	0	0	0	0	1	0	1
124	0	0	0	0	0	0	0	0	0	0	0	1	0	0	0	0	0	0	0	0	0	0	1
125	0	0	0	0	0	0	0	0	0	0	0	0	0	0	1	0	0	0	0	0	0	0	1
127	0	0	0	0	0	0	0	0	0	1	0	0	0	0	0	0	0	0	0	0	0	0	1
128	5	0	0	0	0	1	0	0	1	1	1	3	1	1	3	0	1	0	0	0	1	4	18
129	0	0	0	19	0	1	0	0	0	1	0	0	0	0	0	6	0	0	0	0	0	18	27
130	1	0	1	8	0	0	0	0	0	0	0	0	0	0	0	2	0	0	0	0	0	8	12
131	0	0	0	0	0	0	0	0	0	0	0	1	0	0	0	0	0	0	0	0	0	0	1
132	0	0	0	0	0	0	0	0	1	0	0	0	0	0	0	0	0	0	0	0	0	1	1
138	0	0	0	0	0	0	0	0	0	0	0	0	0	0	1	0	1	0	0	0	0	0	2
139	0	0	0	0	0	0	0	0	0	0	0	0	0	0	1	0	0	0	0	0	1	0	1
144	1	0	0	0	0	0	0	0	0	0	0	1	0	0	0	1	1	0	0	0	1	0	4
145	0	0	0	0	1	0	0	0	0	0	0	0	0	0	0	1	0	0	0	0	1	0	2
147	0	0	0	0	0	0	0	0	2	0	0	3	0	1	0	0	0	0	0	0	5	0	6
148	0	0	0	0	0	0	0	1	0	0	0	0	0	0	0	0	0	0	0	0	0	0	1
151	0	0	1	1	0	0	0	0	0	0	0	0	0	0	0	6	0	0	0	0	0	0	8
153	0	0	1	0	0	0	0	0	0	0	0	0	0	0	0	0	0	0	0	0	0	0	1
154	0	0	0	0	0	0	0	0	0	0	0	0	0	0	0	0	1	1	0	0	1	0	2
156	6	0	1	1	1	4	1	3	2	6	3	1	0	2	0	2	0	2	1	2	12	2	38
157	8	0	0	0	0	1	0	1	0	5	0	0	0	0	0	1	1	1	0	1	1	0	19
161	0	0	0	0	1	0	0	0	0	0	0	0	0	0	0	0	0	0	0	0	0	0	1
165	0	0	0	0	0	0	0	0	0	0	0	0	0	0	1	0	0	0	0	0	0	0	1
167	2	0	1	3	0	1	0	0	0	0	0	0	0	0	0	2	0	0	0	0	0	2	9
168	0	0	0	0	0	0	0	0	0	2	0	0	0	0	0	0	0	0	0	0	2	0	2
173	0	0	2	0	0	0	0	0	0	0	1	0	0	0	0	0	0	0	0	0	1	0	3
175	0	0	0	0	0	0	0	1	0	0	0	0	0	0	0	0	0	0	0	0	0	0	1
181	0	0	0	0	0	0	0	1	0	1	0	0	0	0	0	0	0	0	0	0	1	0	2
182	0	0	0	0	0	0	0	0	0	2	0	0	0	0	0	0	0	0	0	0	2	0	2
184	0	0	0	0	0	0	0	0	1	0	0	0	0	0	0	0	0	0	0	0	0	0	1
187	0	0	0	0	0	0	0	0	0	0	0	0	0	0	0	1	0	0	0	0	0	0	1
190	0	0	0	0	0	0	0	0	0	0	0	0	0	0	0	0	1	0	0	0	0	0	1
191	0	0	0	0	0	3	1	0	1	0	0	0	0	0	0	0	0	0	0	0	1	0	5
