 	A	C	D	E	F	G	H	I	K	L	M	N	P	Q	R	S	T	V	W	Y	Nterm	Cterm	Sum
-117	0	0	0	0	0	0	0	0	0	0	0	0	0	0	0	0	0	0	1	0	0	0	1
-111	0	0	0	0	0	0	0	0	0	0	0	0	0	0	0	0	0	0	1	0	0	0	1
-105	0	0	0	0	0	0	0	0	0	0	0	0	0	0	0	0	0	0	1	0	0	0	1
-102	0	0	0	0	0	0	0	0	0	0	0	0	0	0	0	0	0	0	0	1	0	0	1
-97	0	0	0	0	0	0	0	0	0	0	0	0	0	0	1	0	0	0	0	0	0	0	1
-95	0	0	0	0	0	0	0	0	0	0	0	0	0	0	0	0	0	0	2	0	2	0	2
-92	0	2	0	0	0	0	0	0	0	0	0	0	0	0	0	0	0	0	0	0	0	0	2
-90	0	0	0	0	3	0	0	0	0	0	0	0	0	0	2	0	0	0	0	0	0	0	5
-89	0	0	0	0	0	0	0	0	0	0	0	0	0	0	0	0	0	0	0	1	0	0	1
-88	0	0	0	0	3	0	0	0	0	0	0	0	0	0	0	0	0	0	0	0	0	0	3
-87	0	0	0	0	0	0	0	0	0	0	0	0	0	0	1	0	0	0	0	0	0	0	1
-86	0	1	0	0	0	0	0	0	0	0	0	0	0	0	0	0	0	0	0	0	0	0	1
-85	0	0	0	0	0	0	0	0	0	0	0	0	0	0	2	0	0	0	0	0	0	0	2
-76	0	0	0	0	0	0	0	0	0	0	0	0	0	0	1	0	0	0	0	0	0	0	1
-75	0	6	0	0	0	0	1	0	0	0	0	0	0	0	1	0	0	0	0	0	0	1	8
-74	0	3	0	0	0	0	0	0	0	0	0	0	0	0	0	0	0	0	0	0	0	0	3
-73	0	1	0	0	1	0	0	0	0	0	0	0	0	0	0	0	0	0	0	0	0	0	2
-71	0	0	0	0	0	0	0	0	0	0	0	0	0	0	1	0	0	0	1	0	0	0	2
-69	0	0	0	0	0	0	0	0	0	0	0	0	0	0	1	0	0	0	0	0	0	0	1
-68	0	0	0	1	0	0	0	0	0	0	0	0	0	0	0	0	0	0	0	0	0	0	1
-67	0	0	0	0	0	0	0	0	0	0	0	0	0	1	0	0	0	0	0	0	0	0	1
-66	0	0	0	0	0	0	0	0	0	0	0	0	0	0	0	0	0	0	0	1	0	0	1
-63	0	0	0	1	0	0	0	0	1	0	0	0	0	0	0	0	0	0	0	0	0	0	2
-62	0	0	0	0	0	0	0	0	0	0	0	0	0	0	1	0	0	0	0	1	0	0	2
-61	0	2	0	0	0	0	6	0	0	0	0	0	0	1	0	0	0	0	0	0	2	0	9
-58	0	0	0	1	0	0	0	0	0	0	0	0	0	0	0	0	0	0	0	0	0	0	1
-57	0	273	8	11	8	0	2	0	2	0	4	4	0	7	4	0	0	0	1	3	5	3	327
-56	0	18	2	2	3	0	1	2	1	3	3	2	0	1	0	0	0	0	0	1	0	0	39
-55	0	1	0	1	0	0	0	0	0	2	2	1	0	1	0	0	0	0	1	3	0	0	12
-53	0	0	0	1	0	0	0	0	0	0	0	0	0	0	0	0	0	0	0	0	0	0	1
-52	0	0	2	0	0	0	0	0	2	0	0	1	0	0	0	0	0	0	0	0	0	0	5
-51	0	0	3	0	1	0	0	0	0	0	1	0	0	0	0	0	0	0	0	0	1	0	5
-50	0	0	2	0	2	0	0	1	0	0	0	0	0	0	1	0	0	0	0	0	2	0	6
-47	0	0	0	0	0	0	0	0	1	0	0	0	0	0	0	0	0	0	0	0	0	1	1
-46	0	0	0	0	0	0	0	0	0	0	0	0	0	0	1	0	0	0	0	0	0	0	1
-45	0	8	0	2	0	0	0	1	0	1	0	1	0	0	0	0	0	0	0	0	8	0	13
-44	0	0	0	0	0	0	0	0	0	0	0	0	0	0	0	0	2	0	0	0	2	0	2
-43	0	0	0	0	0	0	0	0	0	0	0	0	0	1	0	0	0	0	0	0	0	0	1
-42	0	1	0	0	1	0	0	0	0	1	0	0	0	0	1	0	0	0	0	0	0	0	4
-39	0	0	0	0	0	0	0	0	0	0	0	0	0	0	0	0	0	1	0	0	0	0	1
-37	0	0	0	0	0	0	5	0	0	0	0	0	0	0	0	0	0	0	0	0	0	0	5
-36	0	0	0	0	0	0	0	0	0	0	0	1	0	0	0	0	2	0	0	0	0	0	3
-35	0	1	0	0	0	0	0	0	0	0	0	0	0	0	0	0	1	0	0	0	0	0	2
-34	0	0	0	1	0	0	0	0	0	0	0	1	2	0	0	0	0	0	0	0	3	0	4
-33	0	0	0	0	0	0	1	0	0	0	0	0	1	0	0	0	0	1	0	0	0	0	3
-32	0	0	0	2	2	0	0	0	0	0	0	0	0	0	0	0	0	1	0	0	0	0	5
-31	0	0	0	0	0	0	0	0	0	1	0	0	0	0	0	0	0	0	0	0	0	0	1
-29	0	0	0	0	0	0	0	0	1	0	0	0	0	0	0	0	1	0	0	0	0	1	2
-28	0	0	0	0	0	0	0	0	0	0	0	0	0	1	0	0	0	0	0	0	0	0	1
-27	0	0	0	0	0	0	0	0	0	2	0	1	0	0	0	0	0	1	0	0	0	0	4
-26	0	0	0	0	0	0	0	0	0	1	0	0	1	0	1	0	0	0	0	0	0	0	3
-25	0	0	0	1	0	0	0	0	0	0	0	0	0	0	0	0	0	0	0	0	0	0	1
-24	0	0	0	0	0	0	0	1	0	0	0	0	0	0	0	0	0	0	0	0	0	0	1
-21	0	0	1	0	0	0	0	0	0	0	0	0	0	0	0	0	0	0	0	0	0	0	1
-19	0	1	1	0	0	0	0	0	0	0	0	0	0	1	1	0	0	0	0	0	1	0	4
-18	0	2	66	36	4	0	2	6	0	22	6	3	10	40	1	20	32	6	1	6	72	1	263
-17	0	30	18	17	6	0	7	16	11	21	8	60	12	192	3	13	28	16	16	20	231	1	494
-16	0	1	2	5	0	0	0	1	1	4	0	4	1	17	2	3	2	4	0	4	17	0	51
-15	0	1	0	0	0	0	0	0	0	0	0	3	0	4	0	2	0	0	0	1	4	0	11
-14	0	0	0	1	0	0	0	5	0	0	1	0	0	0	0	0	0	0	1	1	0	0	9
-13	0	0	0	0	0	0	0	0	0	0	0	0	0	2	0	0	0	0	0	0	0	0	2
-12	1	0	0	0	0	0	0	0	0	0	0	0	0	0	0	0	0	0	0	0	0	0	1
-11	0	0	0	0	0	0	1	0	1	0	0	0	0	0	0	0	0	0	0	0	0	0	2
-10	0	0	0	0	0	0	0	1	0	0	0	0	0	0	0	0	0	0	0	0	0	0	1
-9	0	4	1	0	0	0	0	0	0	0	0	0	0	0	0	0	0	0	1	0	1	0	6
-8	0	2	1	0	0	0	0	1	0	0	0	0	0	0	0	0	0	2	0	0	1	0	6
-7	1	0	2	0	0	0	0	0	0	0	0	0	0	0	0	0	0	0	0	0	0	0	3
-4	0	0	0	1	0	0	0	1	0	0	0	0	2	0	1	1	0	0	0	0	1	0	6
-3	0	0	1	0	0	0	0	0	1	0	0	0	0	1	0	0	0	0	0	0	1	0	3
-2	3	1	1	6	2	0	0	4	1	3	0	1	1	5	0	2	4	13	0	4	25	1	51
-1	22	3	4	9	3	0	2	18	2	11	3	4	7	3	1	8	7	16	2	6	76	3	131
1	385	31	207	293	101	351	101	268	146	348	70	551	201	241	46	162	238	334	47	122	623	63	4243
2	43	3	31	36	11	51	6	28	6	28	22	57	29	34	3	17	39	50	7	11	56	1	512
3	0	2	1	1	1	1	0	1	1	1	1	7	5	5	0	0	1	0	1	0	0	0	29
4	0	0	0	1	0	0	0	1	0	0	0	1	1	0	0	0	3	0	11	0	3	0	18
5	0	2	2	2	0	2	0	2	0	1	0	0	0	3	0	0	0	0	6	1	5	0	21
6	0	0	0	0	0	0	0	0	0	0	0	0	0	0	0	0	0	1	0	0	0	0	1
7	1	0	0	0	0	0	0	0	0	0	1	0	0	0	0	0	0	0	0	0	0	0	2
8	0	0	0	1	0	1	0	0	0	0	0	0	0	1	0	0	0	0	0	0	0	0	3
10	0	0	0	0	0	0	0	0	0	0	0	0	0	0	0	0	0	2	0	0	0	0	2
11	1	0	0	1	0	0	0	0	0	0	0	0	0	0	0	2	0	0	0	0	0	0	4
12	1	0	0	0	0	1	0	0	1	4	0	0	1	0	0	0	2	0	34	0	36	0	44
13	0	0	0	0	0	1	0	0	0	0	0	0	1	0	0	0	0	0	3	0	4	0	5
14	1	0	2	1	0	1	2	0	1	8	2	0	0	0	0	0	1	3	0	0	7	0	22
15	2	0	0	0	0	0	0	0	5	1	4	0	0	0	0	0	0	0	0	0	3	2	12
16	50	2	27	44	9	47	38	20	5	27	683	10	53	17	5	43	33	27	43	6	276	12	1189
17	4	0	5	7	4	10	11	4	2	9	78	14	9	6	2	5	5	9	7	2	43	2	193
18	0	0	1	0	0	0	0	0	0	4	1	2	1	1	0	2	1	0	0	1	6	0	14
19	0	0	0	0	0	0	1	0	0	0	0	0	0	0	0	0	0	0	0	0	0	0	1
21	1	0	0	1	1	1	0	0	0	0	0	0	0	0	0	0	0	1	0	0	1	0	5
22	110	6	86	88	18	131	0	41	1	50	26	80	75	53	0	40	58	54	7	24	9	0	948
23	22	1	19	30	5	66	1	1	0	23	11	55	20	12	0	13	31	14	4	4	0	0	332
24	8	0	6	11	3	19	0	3	0	9	0	5	10	0	1	6	7	4	0	2	0	1	94
25	0	0	2	0	0	0	0	1	0	1	3	0	0	0	0	0	2	1	0	1	1	0	11
26	0	0	0	0	1	0	0	0	0	1	0	0	0	0	0	0	0	0	0	0	0	0	2
27	0	0	0	0	1	0	0	0	0	0	0	0	0	0	0	0	0	0	0	0	1	0	1
28	0	0	0	0	0	0	0	1	4	0	3	0	2	0	0	0	1	0	0	0	4	0	11
29	0	0	0	0	0	0	0	0	0	0	0	0	0	1	0	1	0	0	0	0	0	0	2
30	0	0	0	0	0	0	0	1	0	0	0	0	0	0	0	0	0	0	0	0	0	0	1
31	0	0	0	0	0	0	0	0	0	0	0	0	0	0	0	0	2	0	0	0	0	0	2
32	0	0	1	0	0	0	0	0	0	1	2	1	0	0	0	1	0	3	1	0	1	0	10
33	1	0	0	0	0	0	0	1	0	0	2	0	0	0	0	0	0	1	4	0	0	0	9
34	0	0	0	0	0	0	2	0	0	0	0	0	0	0	0	1	0	2	1	0	0	0	6
35	0	0	0	0	0	0	0	0	0	1	0	0	0	0	0	0	0	0	0	0	0	0	1
36	0	0	0	0	0	1	0	0	0	0	0	0	0	0	0	0	0	0	0	0	0	0	1
37	0	0	0	0	0	0	0	0	0	0	0	0	0	1	0	0	0	0	0	0	0	0	1
38	36	1	31	16	10	22	1	29	1	31	5	15	26	7	0	12	18	16	2	13	3	0	292
39	14	0	1	7	0	6	0	2	0	1	1	6	6	1	0	2	3	4	0	0	1	0	54
40	0	2	0	1	0	0	0	0	0	0	0	0	0	0	0	0	0	0	0	0	0	0	3
41	1	0	0	0	0	0	0	0	0	0	0	0	0	0	0	0	0	0	0	0	0	0	1
42	7	0	3	1	0	0	0	0	4	0	9	0	0	5	0	50	11	0	0	0	75	0	90
43	0	0	0	0	1	1	0	0	2	0	2	4	0	0	0	9	1	1	0	0	12	0	21
44	0	0	0	0	0	0	0	0	0	0	0	0	1	0	0	1	0	0	0	0	0	0	2
45	0	0	0	1	0	1	0	0	0	0	0	0	0	0	0	1	0	0	0	0	0	0	3
47	1	0	0	0	0	0	0	0	0	0	0	0	0	0	0	0	0	0	0	0	0	0	1
50	0	0	0	0	0	0	0	0	0	1	0	0	0	0	0	0	0	1	0	0	0	0	2
51	0	0	1	0	0	0	0	0	0	0	0	0	0	0	0	1	0	0	0	0	1	0	2
53	1	0	0	0	0	0	0	1	0	0	0	0	0	0	0	1	0	0	0	0	0	0	3
54	1	0	0	1	0	0	0	0	0	0	1	0	0	0	0	0	0	0	0	0	1	0	3
55	0	0	0	0	0	0	0	0	0	1	0	0	0	0	0	1	0	0	0	0	0	0	2
56	0	0	0	0	0	0	0	0	0	0	0	0	0	0	0	0	1	0	0	0	1	0	1
57	0	0	1	0	0	2	0	0	0	0	0	0	0	1	0	0	0	0	0	1	0	0	5
58	0	0	0	0	0	0	0	0	2	0	0	1	0	0	0	1	0	0	0	0	1	0	4
59	1	1	0	0	0	0	0	0	0	0	0	1	0	0	0	0	1	1	0	0	0	0	5
62	0	0	0	0	0	0	0	0	0	0	0	0	1	0	0	0	0	0	0	0	0	0	1
63	2	0	0	0	4	1	0	0	0	0	0	0	0	0	0	0	0	0	0	0	4	0	7
64	3	0	0	0	0	0	0	0	0	0	0	0	0	1	0	3	0	0	0	0	3	0	7
66	0	0	0	0	0	0	0	0	0	1	0	0	0	0	0	0	0	0	0	0	1	0	1
67	1	0	0	0	0	0	0	0	0	0	0	0	0	0	0	0	0	0	0	0	0	0	1
68	0	0	0	0	0	0	0	0	1	0	0	0	0	0	1	0	0	1	0	0	0	2	3
71	1	0	0	0	0	0	0	0	0	0	0	0	0	0	0	0	0	0	0	0	1	0	1
72	0	0	0	0	0	1	0	0	0	0	0	1	0	0	2	0	0	0	0	1	2	2	5
76	0	0	0	0	0	1	0	0	0	0	0	0	0	0	0	0	0	0	0	0	0	0	1
77	0	0	0	0	0	1	0	0	0	0	0	0	0	0	0	0	0	0	0	0	0	0	1
78	0	0	0	1	0	0	0	0	0	0	0	0	0	0	0	0	0	0	0	0	0	0	1
80	0	0	0	0	0	2	2	0	0	0	0	0	1	0	0	4	2	0	1	0	0	0	12
81	0	0	0	0	0	0	0	0	0	0	0	0	0	1	0	0	2	0	0	0	0	0	3
82	0	0	0	0	0	0	1	0	0	0	0	0	0	0	0	0	0	0	0	0	1	0	1
83	0	0	0	1	0	0	0	0	0	0	0	0	0	0	0	0	0	0	0	0	0	0	1
84	0	0	0	1	0	0	0	0	0	1	0	0	0	0	0	0	0	0	0	0	1	0	2
86	0	0	0	0	0	0	0	0	0	1	0	0	0	0	0	0	0	0	0	0	0	0	1
87	0	0	0	0	0	0	0	0	0	0	0	0	0	0	1	0	0	0	0	0	0	0	1
88	0	0	0	0	0	0	0	0	0	1	0	1	1	0	1	0	0	0	0	0	2	0	4
91	0	0	0	0	0	0	0	0	0	0	0	0	1	0	0	0	0	0	0	0	1	0	1
98	0	0	0	0	0	1	0	0	0	0	0	0	0	0	0	0	0	0	0	0	1	0	1
99	0	0	0	0	1	0	0	0	0	0	0	0	0	0	0	0	0	0	0	0	0	0	1
100	0	1	0	0	0	0	0	0	2	0	2	0	0	0	0	0	0	0	0	1	2	0	6
102	0	0	0	1	0	0	0	0	0	0	0	0	0	0	0	0	0	0	0	0	0	0	1
105	0	0	0	0	0	0	0	0	0	0	0	0	0	0	0	2	0	0	0	0	0	0	2
108	0	0	0	0	0	0	0	0	0	0	0	0	0	0	0	0	1	0	0	0	0	0	1
110	1	0	0	0	0	0	0	0	0	0	0	0	0	0	0	0	0	0	0	0	0	0	1
111	0	1	0	0	1	0	0	0	0	0	0	0	0	0	0	0	0	0	0	0	0	0	2
113	0	0	0	1	0	0	0	0	0	0	0	0	0	0	0	0	0	0	0	0	0	0	1
115	0	1	0	2	0	0	0	0	0	0	0	0	0	0	0	0	0	0	0	0	0	2	3
120	0	0	0	0	0	0	0	0	0	0	0	0	0	0	2	0	0	0	0	0	2	0	2
125	0	0	0	0	1	0	0	0	0	0	0	0	0	0	0	0	0	0	0	0	0	0	1
126	0	0	0	0	0	0	0	0	0	0	0	0	1	0	0	0	0	0	0	0	0	0	1
128	2	0	0	0	0	1	0	1	2	2	0	1	3	0	1	4	0	0	0	3	5	3	20
129	1	0	1	4	0	0	0	0	0	0	1	0	0	1	0	0	0	0	0	0	0	3	8
132	0	0	0	1	0	0	0	0	0	0	0	0	0	0	0	0	0	0	0	0	0	0	1
142	0	0	0	0	0	0	0	0	0	0	0	0	0	0	1	0	0	0	0	0	0	0	1
144	1	0	0	0	0	0	0	0	1	0	0	0	0	0	0	0	0	0	0	0	0	1	2
145	0	0	0	0	0	0	0	0	2	1	0	0	0	0	0	0	0	0	0	0	2	0	3
147	0	0	0	0	1	0	0	0	0	0	0	0	0	0	0	0	0	0	0	0	1	0	1
151	0	0	0	2	0	1	0	0	0	0	0	0	0	0	0	0	0	0	0	0	0	0	3
152	4	40	0	7	3	1	0	1	1	1	0	0	2	0	0	4	0	5	0	0	22	1	69
153	0	3	0	2	0	1	0	0	0	1	0	0	0	0	0	2	0	0	0	1	3	0	10
154	1	0	0	0	0	0	0	0	0	0	0	0	0	0	0	0	0	0	0	0	1	0	1
156	8	0	1	1	1	1	0	4	2	7	3	0	1	0	0	1	3	0	0	0	10	2	33
157	2	0	0	1	0	3	0	0	0	4	0	0	0	0	0	0	0	0	0	0	0	0	10
160	0	0	0	0	0	0	0	0	0	0	0	0	0	0	1	0	0	0	0	0	0	1	1
169	0	0	0	0	0	0	0	0	0	0	0	1	0	0	0	0	0	0	0	0	0	0	1
171	2	0	0	0	0	0	0	0	0	0	0	0	0	0	0	0	0	0	0	0	0	0	2
172	0	0	0	0	0	0	0	1	0	0	3	0	0	0	0	0	0	1	0	0	4	0	5
173	0	0	1	0	2	0	0	0	0	0	0	0	0	0	0	0	0	0	0	0	1	0	3
181	1	0	0	0	0	0	0	0	0	0	0	0	0	0	0	0	0	0	0	0	0	0	1
182	1	0	0	0	0	1	0	0	0	0	0	0	0	0	0	0	0	0	0	0	1	0	2
185	0	0	0	0	0	0	0	0	1	0	0	0	0	0	0	0	0	0	0	0	0	0	1
186	1	0	0	0	0	0	0	0	0	0	0	0	0	0	0	0	0	0	0	0	0	0	1
187	0	0	0	0	0	0	0	0	0	0	0	0	0	0	0	1	0	0	0	0	0	0	1
188	0	0	0	0	0	1	0	0	0	0	0	0	0	0	0	0	0	0	0	0	0	0	1
189	0	0	0	0	0	0	0	0	3	0	0	0	0	0	0	0	0	0	0	0	0	0	3
191	0	0	0	0	0	0	0	0	0	0	0	0	0	0	0	0	1	0	0	0	0	0	1
193	0	0	0	0	0	0	1	0	0	0	0	0	0	0	0	0	0	0	0	0	1	0	1
195	1	0	0	0	0	0	0	0	0	0	0	0	0	0	0	0	0	0	0	0	0	0	1
196	0	0	0	0	0	0	0	0	2	0	0	0	0	0	0	1	0	0	0	0	0	2	3
197	0	0	0	0	0	0	0	0	0	0	0	0	0	0	0	0	0	1	0	0	1	0	1
198	0	0	0	0	0	1	0	0	0	0	0	0	0	0	0	0	0	0	0	0	1	0	1
