 	A	C	D	E	F	G	H	I	K	L	M	N	P	Q	R	S	T	V	W	Y	Nterm	Cterm	Sum
-128	0	0	0	0	0	0	0	0	0	0	0	0	0	0	0	0	0	0	1	0	1	0	1
-124	0	0	0	0	0	0	0	0	0	0	0	0	0	0	0	0	0	0	1	0	0	0	1
-118	0	0	0	0	0	0	0	0	0	0	0	0	0	0	0	0	0	0	1	0	0	0	1
-112	0	0	0	0	0	0	0	0	0	0	0	0	0	0	0	0	0	0	1	0	0	0	1
-102	0	0	0	0	0	0	0	0	0	0	0	0	0	0	0	0	0	0	0	3	0	0	3
-101	0	0	0	0	0	0	0	0	0	0	0	0	0	0	0	0	0	0	1	0	0	0	1
-98	0	0	0	0	0	0	0	0	0	0	0	0	0	0	2	0	0	0	0	0	0	0	2
-95	0	0	0	0	0	0	0	0	0	0	0	0	0	0	0	0	0	0	1	0	0	0	1
-92	0	2	0	0	0	0	0	0	0	0	0	0	0	0	0	0	0	0	0	0	0	0	2
-91	0	0	0	0	0	0	0	0	0	0	0	0	0	0	1	0	0	0	0	1	0	1	2
-90	0	1	0	0	0	0	0	0	0	0	0	0	0	0	0	0	0	0	0	1	0	0	2
-87	0	0	0	0	2	0	0	0	0	0	0	0	0	0	0	0	0	0	0	1	0	0	3
-85	0	0	0	0	0	0	0	0	0	0	0	0	0	0	2	0	0	0	0	0	0	0	2
-81	0	0	0	0	0	0	0	0	0	0	0	0	0	0	1	0	0	0	0	0	0	0	1
-77	0	0	0	0	0	0	0	0	0	0	0	0	0	0	0	0	0	0	1	0	0	0	1
-75	0	0	0	0	1	0	0	0	0	0	0	0	0	0	1	0	0	0	0	0	0	1	2
-74	0	0	0	0	0	0	0	0	0	0	0	0	0	0	1	0	0	0	0	0	0	1	1
-69	0	0	0	1	0	0	0	0	0	0	0	0	0	0	0	0	0	0	0	0	0	0	1
-68	0	0	0	0	0	0	0	0	0	0	0	0	0	0	0	0	0	0	0	1	0	0	1
-67	0	0	0	0	0	0	0	0	0	0	1	0	0	0	0	0	0	0	0	0	1	0	1
-66	0	0	0	0	2	0	0	0	0	0	0	0	0	0	0	0	0	0	0	0	1	0	2
-65	0	0	0	0	0	0	0	0	0	0	0	0	0	0	0	0	0	0	0	1	0	0	1
-64	0	0	0	0	0	0	1	0	0	0	0	0	0	0	0	0	0	0	0	0	0	0	1
-63	0	0	0	1	0	0	0	0	1	0	0	0	0	0	0	0	0	0	0	0	0	0	2
-61	0	0	0	0	0	0	6	0	0	0	0	0	0	0	0	0	0	0	0	0	0	0	6
-60	0	0	0	0	0	0	0	0	0	0	0	0	0	0	1	0	0	0	0	0	0	0	1
-58	0	1	0	0	0	0	1	0	0	0	0	0	0	0	0	0	0	0	0	0	0	0	2
-57	0	25	4	0	1	0	0	0	0	0	1	0	0	1	1	0	0	0	0	0	0	0	33
-56	0	5	0	0	0	0	0	1	2	2	0	0	0	0	1	0	0	0	0	0	0	0	11
-54	0	0	0	1	0	0	0	0	0	0	0	0	0	0	0	0	0	0	0	0	0	0	1
-51	0	0	1	0	0	0	0	0	1	0	1	0	0	0	0	0	0	0	0	0	0	0	3
-50	0	0	2	0	1	0	0	1	0	1	0	0	0	0	0	0	0	0	0	0	1	0	5
-48	0	0	0	0	0	0	0	0	0	0	1	0	0	0	0	0	0	0	0	0	1	0	1
-47	0	0	0	0	0	0	0	0	1	0	0	0	0	0	0	0	0	0	0	0	0	0	1
-46	0	0	0	0	0	0	0	0	1	2	0	0	0	0	0	0	0	0	0	1	2	0	4
-45	0	4	0	0	0	0	0	0	0	0	0	0	0	0	1	0	0	0	0	0	4	0	5
-44	0	0	0	0	0	0	0	0	0	1	0	0	0	0	0	0	0	0	0	0	0	0	1
-43	0	0	0	0	0	0	0	0	0	0	0	1	0	0	1	0	0	0	0	0	0	0	2
-42	0	0	0	0	0	0	0	0	1	1	0	0	0	0	0	0	0	0	0	0	0	0	2
-41	0	0	0	0	0	0	0	0	0	1	0	0	0	0	0	0	0	0	0	0	0	0	1
-40	0	0	0	0	0	0	1	0	0	0	0	0	0	0	0	0	1	0	0	0	0	0	2
-39	0	0	1	0	0	0	0	0	0	0	0	0	0	0	0	0	0	0	0	0	0	0	1
-38	0	0	0	0	0	0	0	1	0	0	0	0	0	0	0	0	0	0	0	0	0	0	1
-37	0	0	0	0	0	0	0	0	0	1	0	0	0	0	0	0	0	0	0	0	0	0	1
-36	0	0	0	1	0	0	0	0	0	0	0	0	0	0	0	0	0	0	0	0	0	0	1
-35	0	0	0	0	0	0	0	1	0	0	1	0	0	1	1	0	0	0	0	0	1	1	4
-34	0	0	0	0	0	0	0	0	0	0	0	3	0	0	0	0	0	0	0	0	3	0	3
-33	0	0	0	0	0	0	0	1	0	0	0	0	0	0	0	0	0	0	0	0	0	0	1
-31	0	0	0	0	1	0	0	0	0	0	0	0	0	0	0	0	0	0	0	0	0	0	1
-30	0	0	0	0	0	0	0	0	0	0	0	2	0	0	0	0	0	0	0	0	2	0	2
-29	0	0	0	0	0	0	0	1	1	0	0	0	0	0	0	1	0	0	0	0	1	1	3
-28	0	0	0	0	0	0	0	1	0	0	0	0	0	0	0	0	0	0	0	0	0	0	1
-27	0	0	0	0	0	0	0	2	0	0	0	0	0	0	1	0	0	0	0	0	2	1	3
-26	0	0	1	0	1	0	0	0	0	0	0	0	0	0	0	0	2	0	0	0	0	0	4
-25	0	0	2	0	0	0	0	1	0	0	0	0	0	0	0	0	0	0	0	0	0	0	3
-24	0	0	0	0	0	0	0	0	0	1	0	0	0	0	0	0	0	1	0	0	0	0	2
-23	0	0	0	1	0	0	0	0	0	0	0	0	0	0	0	0	0	0	0	0	0	0	1
-22	0	0	0	0	0	0	0	0	0	0	0	0	1	0	0	0	0	0	0	0	1	0	1
-21	0	0	1	0	0	0	0	0	0	0	0	0	1	0	0	0	1	0	0	0	0	0	3
-20	0	0	0	0	0	0	0	0	0	0	0	0	0	0	1	0	0	0	0	0	0	0	1
-19	0	0	0	0	0	0	0	1	0	0	0	0	0	3	0	0	0	2	0	0	3	0	6
-18	0	2	74	45	6	0	4	10	2	25	4	7	11	56	0	35	32	12	1	5	94	0	331
-17	0	42	31	10	10	0	10	14	9	21	4	49	17	176	3	16	34	15	9	15	224	3	485
-16	0	2	12	1	0	0	3	1	3	7	0	10	2	16	0	5	7	3	0	3	18	3	75
-15	0	1	0	1	0	0	0	0	0	2	1	6	3	6	0	2	1	0	0	0	8	0	23
-14	1	0	0	0	0	0	0	0	0	0	1	0	0	0	0	0	0	0	0	1	0	0	3
-13	0	0	0	0	1	0	0	0	1	0	0	0	0	0	1	0	0	0	0	0	0	0	3
-12	0	0	0	0	0	0	0	0	2	0	0	0	0	0	1	0	0	1	0	0	0	0	4
-10	1	0	0	0	0	0	0	0	0	0	0	0	0	0	0	0	1	0	0	0	0	0	2
-9	0	0	0	0	1	0	0	0	0	0	0	0	0	0	0	0	0	1	0	0	1	0	2
-8	0	0	0	0	0	0	0	0	2	0	0	0	1	0	1	0	0	0	0	1	1	0	5
-7	1	0	2	0	0	0	0	0	0	0	0	0	0	1	0	0	0	0	0	0	1	0	4
-5	0	0	1	0	0	0	0	0	0	0	0	0	0	0	0	0	0	0	0	0	0	0	1
-4	1	0	1	1	0	0	0	2	0	0	0	0	0	0	1	0	1	1	0	0	1	0	8
-3	1	0	0	1	0	0	0	1	1	0	1	0	0	0	0	0	1	0	0	0	1	1	6
-2	7	4	3	10	2	0	0	5	0	12	3	5	1	2	1	1	3	9	0	3	32	1	71
-1	21	2	11	20	2	0	8	15	7	15	9	13	2	14	2	11	6	23	0	6	108	4	187
1	528	42	270	322	133	418	121	402	184	442	115	356	278	267	71	229	280	432	53	129	955	86	5072
2	59	14	30	37	16	47	10	44	10	46	18	30	47	35	5	29	40	51	7	18	82	4	593
3	4	0	2	1	1	3	1	4	1	5	0	2	6	6	0	3	3	3	0	3	6	0	48
4	0	0	0	4	0	1	0	0	1	0	0	0	0	0	0	0	1	1	17	0	9	0	25
5	0	3	3	2	0	1	0	1	0	0	2	2	0	2	0	0	1	0	1	0	5	0	18
6	0	0	0	1	0	1	0	1	0	0	0	0	0	0	0	0	0	0	0	0	0	0	3
7	0	0	0	1	0	0	0	0	0	0	2	0	0	0	0	0	0	0	0	1	0	0	4
9	0	0	0	0	0	0	0	0	0	0	0	0	0	1	0	0	0	0	0	0	0	0	1
10	1	0	0	0	0	0	0	0	0	0	0	0	0	1	1	0	0	0	0	0	0	0	3
11	0	0	0	0	0	0	0	0	0	0	0	0	0	0	0	0	0	0	1	0	1	0	1
12	0	0	0	1	1	0	0	0	0	1	0	4	0	2	2	0	0	0	45	0	49	2	56
13	0	0	0	0	0	0	1	0	0	0	0	0	0	0	0	0	0	0	3	0	4	0	4
14	8	0	1	7	0	0	0	1	3	17	1	0	1	1	1	1	0	0	0	0	11	0	42
15	1	0	0	1	0	1	0	0	2	0	2	2	0	0	0	0	1	1	0	0	3	0	11
16	56	1	47	72	7	48	29	19	6	55	765	20	58	17	10	54	20	36	71	11	302	11	1402
17	7	0	3	6	1	19	10	3	1	11	67	12	7	9	2	6	6	12	26	2	42	1	210
18	0	0	0	1	0	2	0	0	1	4	4	0	2	0	0	2	1	2	3	0	5	0	22
19	0	0	0	0	0	0	0	0	0	3	0	0	0	0	2	0	0	0	0	0	2	0	5
20	0	0	1	0	0	1	0	0	0	0	0	0	0	0	0	0	0	0	0	0	1	0	2
21	0	0	0	0	0	0	0	0	0	0	0	0	1	0	0	1	0	0	0	0	0	0	2
22	122	17	110	81	26	133	3	49	1	71	25	83	72	62	0	87	71	67	4	20	13	1	1104
23	31	3	20	26	7	60	1	11	2	31	4	27	17	8	1	6	27	17	0	2	1	1	301
24	6	0	21	14	2	14	0	8	0	16	3	3	7	2	1	10	8	4	0	3	1	1	122
25	0	0	0	1	0	0	0	1	0	2	4	3	0	0	0	1	0	1	0	0	3	0	13
26	1	0	0	0	0	0	0	0	0	1	0	0	0	0	0	0	0	1	0	0	0	0	3
28	0	0	0	2	0	0	0	0	0	0	4	0	0	0	0	0	0	1	0	0	4	0	7
29	0	0	0	0	0	0	0	0	1	0	0	0	0	0	0	0	0	0	0	0	0	0	1
30	0	0	0	0	0	0	1	0	0	0	0	0	0	0	0	0	0	0	0	0	0	0	1
32	0	0	1	0	0	1	0	0	0	1	0	0	0	0	0	0	0	0	6	0	2	0	9
33	0	0	0	0	0	1	0	0	0	0	1	0	0	0	0	0	0	1	3	1	0	0	7
34	0	0	0	0	0	0	0	0	0	0	0	0	0	0	0	0	0	0	1	0	0	0	1
35	0	0	0	0	0	0	1	0	0	0	0	0	0	0	1	0	0	0	0	0	1	0	2
38	28	1	48	36	12	31	1	29	1	29	9	19	40	9	2	23	23	21	2	10	8	2	374
39	11	0	5	4	4	5	0	5	2	9	2	0	8	2	0	3	7	3	0	2	2	1	72
40	1	0	0	1	0	2	0	1	0	0	0	1	0	0	0	0	0	0	0	1	1	0	7
41	1	0	0	0	0	0	0	1	0	0	0	0	0	0	0	1	0	0	0	0	0	0	3
42	11	0	1	1	0	0	0	0	4	3	9	4	0	1	0	55	12	0	0	0	85	0	101
43	1	0	0	0	0	1	0	1	0	0	1	0	0	2	0	6	0	0	0	0	9	0	12
44	0	0	0	0	0	0	0	0	1	0	0	0	0	1	0	2	0	0	0	0	2	0	4
45	0	0	0	0	0	0	0	0	0	0	0	0	0	0	0	1	1	1	0	0	1	0	3
49	0	0	0	0	0	1	0	0	0	0	0	0	0	0	0	0	0	0	0	0	0	0	1
50	0	0	0	0	0	0	0	1	0	0	0	0	0	0	0	0	0	0	0	0	1	0	1
51	0	0	1	0	0	0	0	0	0	0	0	0	0	0	0	0	0	0	0	0	0	0	1
52	0	0	0	0	1	0	0	0	0	0	0	0	0	0	1	0	0	0	0	0	0	1	2
53	1	0	0	1	0	1	0	1	1	0	0	0	0	0	0	0	0	0	0	0	1	1	5
54	0	0	0	0	0	2	0	1	0	1	0	1	0	0	0	0	0	0	0	0	0	0	5
55	0	0	0	0	0	0	0	0	0	0	0	0	0	0	0	0	0	1	0	0	0	0	1
56	0	0	0	0	0	0	0	1	0	0	0	0	0	1	0	0	0	0	0	0	0	0	2
57	0	0	0	0	0	0	0	0	1	0	0	0	0	0	0	0	0	0	0	0	1	0	1
58	0	0	1	0	0	0	0	0	0	0	0	0	0	0	0	1	0	0	0	0	1	0	2
59	0	0	1	0	0	0	0	0	0	0	0	0	0	0	0	2	0	0	0	0	1	0	3
60	0	0	0	0	0	0	0	0	0	0	0	0	0	0	0	1	0	0	0	0	0	0	1
61	0	0	0	1	0	0	0	0	0	0	0	0	0	0	0	0	0	0	0	0	1	0	1
62	0	0	0	0	0	0	0	1	0	0	0	0	0	0	0	0	0	0	0	0	0	0	1
63	1	0	0	0	3	1	0	0	0	0	0	0	0	0	0	0	0	0	0	0	3	0	5
64	0	0	0	0	0	0	0	2	0	0	0	0	0	0	0	2	0	0	0	0	2	0	4
66	1	0	0	0	0	0	0	0	0	0	0	0	0	0	0	0	0	0	0	0	0	0	1
68	0	0	0	0	1	0	0	0	0	0	0	0	0	0	0	0	0	0	0	0	0	0	1
69	0	0	1	1	0	0	0	0	0	0	0	0	0	0	0	0	0	0	0	0	0	0	2
70	1	0	0	1	0	0	0	0	0	0	0	0	0	0	0	0	2	0	0	0	3	0	4
71	2	0	0	0	0	0	0	0	0	0	0	0	0	0	0	0	0	0	0	0	0	0	2
73	2	0	0	0	0	0	0	0	0	0	0	0	1	0	0	0	0	0	0	0	1	0	3
77	1	0	0	0	0	1	0	2	0	0	0	0	0	0	0	0	0	0	0	0	0	0	4
78	0	0	0	0	0	0	0	0	0	0	0	0	0	0	0	0	0	0	1	0	0	0	1
79	0	0	0	0	0	0	0	0	0	0	1	0	0	0	0	0	0	0	0	0	0	0	1
80	0	0	0	0	0	0	1	0	0	0	0	0	0	0	0	0	0	0	0	0	0	0	1
81	0	0	0	0	0	0	1	0	0	0	0	0	1	0	0	0	0	0	0	0	1	0	2
83	0	0	0	0	0	0	0	0	0	0	0	0	0	1	0	1	0	0	0	0	0	0	2
84	0	0	1	2	0	0	0	0	1	2	0	0	0	0	0	0	0	0	0	0	1	1	6
85	0	0	0	0	0	0	0	1	0	0	0	0	0	0	0	0	0	0	0	0	0	0	1
86	0	0	0	0	0	0	0	1	0	0	0	0	0	0	0	1	0	0	0	0	0	0	2
87	0	0	0	0	0	0	0	0	0	0	0	0	0	0	1	0	0	0	0	0	1	0	1
88	0	0	0	0	0	0	0	0	0	0	0	0	0	0	1	0	0	0	0	0	1	0	1
91	0	0	0	0	0	0	0	1	0	0	0	0	0	0	0	0	0	0	0	0	0	0	1
92	0	0	0	0	0	0	0	0	0	0	0	0	1	1	0	0	0	0	0	0	0	0	2
94	1	0	0	0	0	0	0	0	0	0	0	0	0	0	0	0	0	0	0	0	0	0	1
95	0	0	0	0	0	0	0	0	0	1	0	0	0	0	0	0	0	1	0	0	1	0	2
100	0	0	0	0	0	0	0	0	3	0	1	0	0	0	0	0	0	0	0	0	2	0	4
103	0	0	0	0	0	0	0	0	0	1	0	0	0	0	0	0	0	0	0	0	0	0	1
104	0	0	0	0	0	0	0	0	0	0	0	0	0	0	0	1	0	1	0	0	0	0	2
105	0	0	0	1	0	0	0	0	0	0	0	0	0	0	0	0	0	1	0	0	1	0	2
106	0	0	0	0	0	0	0	2	0	0	0	0	1	0	0	0	0	0	0	0	1	0	3
108	0	0	0	0	0	0	0	0	0	0	0	0	1	0	0	0	0	0	0	0	0	0	1
109	0	0	0	0	0	0	0	0	0	0	0	1	0	0	0	0	0	0	0	0	0	0	1
111	0	0	0	0	0	0	0	0	0	3	0	0	0	0	0	1	0	0	0	0	0	0	4
115	0	0	0	2	0	0	0	0	0	0	0	0	0	0	0	0	0	0	0	0	0	2	2
117	0	0	0	0	0	0	0	0	0	0	0	0	0	0	1	0	0	0	0	0	0	0	1
123	0	0	0	0	0	1	0	0	0	0	0	0	0	0	0	0	0	0	0	0	0	0	1
124	0	0	0	0	0	0	0	0	0	0	0	0	1	1	0	0	0	0	0	0	0	0	2
127	0	0	0	0	0	0	0	0	0	0	0	0	0	0	0	0	0	1	0	0	1	0	1
128	4	0	1	1	0	0	1	1	2	1	0	3	7	1	2	1	0	1	0	4	6	4	30
129	0	0	1	9	0	0	0	3	0	1	0	0	0	0	0	1	0	0	0	0	3	8	15
130	0	0	0	0	0	0	0	0	0	0	0	0	1	0	0	0	0	0	0	0	1	0	1
131	0	0	0	0	0	0	0	0	1	0	0	0	0	0	0	0	0	0	1	0	0	1	2
132	0	0	0	1	0	0	0	0	0	0	0	0	0	0	0	0	0	0	0	0	0	0	1
133	0	0	0	0	0	0	0	0	0	0	0	0	0	0	0	0	1	0	0	0	0	0	1
134	0	0	0	0	0	0	0	1	0	0	0	0	0	0	0	0	0	0	0	0	0	0	1
140	0	0	0	0	0	0	0	0	0	0	0	0	0	0	0	0	0	1	0	0	0	0	1
141	0	0	1	0	0	0	0	0	0	0	0	0	0	0	0	0	1	1	0	0	0	0	3
142	1	0	0	0	0	0	0	0	0	0	0	0	0	0	0	0	0	0	0	0	0	0	1
144	1	0	0	0	0	0	0	0	0	0	0	0	0	0	0	0	0	0	0	0	0	0	1
147	0	0	0	0	0	0	0	0	0	0	0	0	0	0	0	0	0	0	0	1	0	0	1
149	0	0	0	0	0	0	0	0	0	0	1	0	0	0	0	0	0	0	0	0	1	0	1
152	8	144	1	4	4	2	1	2	0	3	1	0	0	1	0	4	0	8	0	0	22	0	183
153	1	9	0	0	0	3	0	1	0	4	0	1	0	0	0	1	1	1	0	1	3	0	23
154	2	2	0	0	0	1	0	0	0	0	2	0	0	0	0	0	0	0	0	0	0	0	7
156	9	0	2	0	0	4	0	6	2	6	6	0	0	1	1	2	1	3	0	2	14	3	45
157	3	0	1	1	0	0	0	0	0	1	0	0	0	0	1	2	0	0	0	2	3	1	11
158	1	0	0	0	0	0	0	0	0	0	0	0	0	0	0	0	0	0	0	0	0	0	1
160	0	0	0	0	0	0	0	0	0	0	0	1	0	1	0	0	0	0	0	0	0	0	2
162	0	0	0	0	0	0	0	0	0	0	0	0	0	0	1	0	0	0	0	0	1	0	1
166	0	0	0	0	0	0	0	0	0	0	0	0	0	0	0	0	0	1	0	0	1	0	1
167	1	0	0	0	0	1	0	0	0	0	0	0	0	0	0	0	0	0	0	0	0	0	2
168	0	0	0	0	0	0	0	0	0	0	1	0	0	0	0	0	0	0	0	0	0	0	1
169	0	0	1	0	0	0	0	0	0	0	0	0	0	0	0	0	0	0	0	0	1	0	1
171	0	0	0	1	0	0	0	0	1	0	0	0	0	0	0	0	0	0	0	0	0	1	2
172	0	1	0	0	0	0	0	0	0	0	3	0	0	0	0	0	0	0	0	0	3	0	4
173	0	0	0	0	1	0	0	0	0	0	0	0	0	0	0	0	0	1	0	0	0	0	2
174	0	0	0	1	0	0	0	0	0	0	0	0	0	0	0	0	0	0	0	0	0	0	1
175	0	1	0	0	0	0	0	0	0	0	0	0	0	0	0	0	0	0	0	0	0	0	1
178	0	0	0	0	0	0	0	0	0	0	0	0	0	0	0	0	1	0	0	0	0	0	1
182	0	0	0	0	0	0	0	0	0	4	0	0	0	0	0	0	0	0	0	0	4	0	4
184	0	0	0	0	0	0	0	0	1	0	0	0	0	0	0	0	0	0	0	0	0	0	1
185	0	0	0	0	0	1	0	0	0	0	0	0	0	0	0	0	0	0	0	0	0	0	1
186	1	0	0	0	0	0	0	0	1	0	0	0	0	0	0	0	0	0	0	0	1	0	2
187	0	0	0	0	0	0	0	0	0	0	0	1	0	0	0	0	0	0	0	0	0	0	1
188	1	0	2	0	0	0	0	0	1	1	0	0	0	0	0	0	0	0	0	0	0	0	5
189	0	0	0	0	0	1	0	0	3	0	0	0	0	0	0	0	0	0	0	0	0	0	4
192	0	0	0	0	0	0	0	0	0	0	0	0	0	1	0	0	0	0	1	0	2	0	2
195	0	0	0	0	0	0	0	0	1	0	1	0	0	0	0	0	0	0	0	0	0	0	2
196	0	0	1	0	0	0	0	0	1	1	0	0	0	0	0	2	0	0	0	0	0	1	5
