 	A	C	D	E	F	G	H	I	K	L	M	N	P	Q	R	S	T	V	W	Y	Nterm	Cterm	Sum
-110	0	0	0	0	0	0	0	0	0	0	0	0	0	0	0	0	0	0	1	0	0	0	1
-106	0	0	0	0	0	0	0	0	0	0	0	0	0	0	0	0	0	0	0	1	0	0	1
-102	0	0	0	0	0	0	0	0	0	0	0	0	0	0	0	0	0	0	0	2	0	0	2
-101	0	0	0	0	0	0	0	0	0	0	0	0	0	0	0	0	0	0	0	1	0	0	1
-99	0	0	0	0	0	0	0	0	0	0	0	0	0	0	1	0	0	0	0	0	0	1	1
-95	0	0	0	0	0	0	0	0	0	0	0	0	0	0	0	0	0	0	0	1	0	0	1
-94	0	1	0	0	0	0	0	0	0	0	0	0	0	0	0	0	0	0	0	0	0	0	1
-92	0	2	0	0	0	0	0	0	0	0	0	0	0	0	0	0	0	0	0	0	0	0	2
-87	0	0	0	0	0	0	0	0	0	0	0	0	0	0	1	0	0	0	0	0	0	0	1
-85	0	0	0	0	0	0	0	0	0	0	0	0	0	0	1	0	0	0	0	1	0	0	2
-83	0	0	0	0	0	0	0	0	0	0	0	0	0	0	0	0	0	0	0	1	0	0	1
-79	0	0	0	0	0	0	1	0	0	0	0	0	0	0	0	0	0	0	0	0	0	0	1
-78	0	0	0	0	0	0	2	0	0	0	0	0	0	0	0	0	0	0	0	2	0	0	4
-76	0	0	0	0	0	0	0	0	0	0	0	0	0	0	1	0	0	0	0	1	0	1	2
-75	0	0	0	0	0	0	0	0	0	0	0	0	0	0	2	0	0	0	0	0	0	1	2
-71	0	0	0	1	0	0	0	0	0	0	0	0	0	0	0	0	0	0	0	0	0	0	1
-70	0	0	0	2	0	0	0	0	0	0	0	0	0	0	1	0	0	0	0	0	0	0	3
-67	0	0	0	0	0	0	0	0	0	0	0	0	0	1	0	0	0	0	0	0	0	0	1
-65	0	0	0	0	0	0	0	0	1	0	0	0	0	0	0	0	0	0	0	0	0	1	1
-62	0	0	0	0	0	0	0	0	0	0	0	0	0	1	0	0	0	0	0	0	0	0	1
-61	0	2	0	1	0	0	5	0	0	0	0	0	0	0	0	0	0	0	0	1	2	0	9
-60	0	0	0	1	0	0	0	0	0	0	0	0	0	2	1	0	0	0	0	0	0	0	4
-59	0	0	0	1	0	0	0	0	0	0	0	0	0	1	1	0	0	0	0	0	1	0	3
-58	0	0	0	1	0	0	0	0	1	0	0	0	0	0	0	0	0	0	0	0	0	1	2
-57	0	0	0	0	1	0	0	0	0	0	0	0	0	0	1	0	0	0	0	0	0	0	2
-56	0	0	0	0	0	0	0	0	0	1	0	0	0	0	0	0	0	0	0	0	0	0	1
-55	0	0	1	1	0	0	0	0	0	1	0	0	0	0	1	0	0	0	0	0	0	0	4
-54	0	0	0	0	0	0	0	0	1	0	0	1	0	0	0	0	0	0	0	0	0	0	2
-51	0	1	0	0	1	0	0	0	0	0	0	0	0	0	0	0	0	0	0	0	0	0	2
-50	0	0	0	0	2	0	0	0	0	0	0	0	0	0	0	0	0	0	0	0	2	0	2
-48	0	0	1	0	0	0	0	1	0	2	24	0	0	0	0	0	0	0	0	0	7	0	28
-47	0	0	1	0	0	0	0	0	1	2	1	0	0	0	0	0	0	0	0	0	3	1	5
-45	0	0	0	0	0	0	1	0	1	0	0	0	0	0	0	0	0	0	0	0	0	0	2
-44	0	0	0	0	0	0	0	0	1	0	1	0	0	0	0	0	0	0	0	0	1	0	2
-43	0	5	1	0	0	0	0	0	0	0	0	0	0	0	0	0	0	0	0	0	0	0	6
-42	0	1	0	0	0	0	1	0	2	0	0	0	0	0	1	0	0	0	0	0	0	0	5
-39	0	0	0	1	2	0	0	0	0	0	0	0	0	1	1	0	0	0	0	0	2	1	5
-36	0	0	0	0	1	0	0	0	0	0	0	0	0	1	0	0	2	0	0	0	0	0	4
-35	0	0	1	0	0	0	0	0	0	0	0	0	0	0	0	0	1	0	2	0	0	0	4
-34	0	1	0	0	0	0	0	2	0	0	0	0	0	0	0	0	0	0	0	0	0	0	3
-33	0	1	0	0	0	0	0	0	0	0	0	0	0	0	0	0	0	0	0	0	0	0	1
-32	0	0	0	0	0	0	0	0	0	0	2	0	0	0	0	0	0	0	0	0	2	0	2
-31	0	0	0	1	0	0	0	0	0	0	1	0	0	0	0	0	0	0	0	0	1	0	2
-29	0	0	0	0	0	0	0	0	1	1	0	0	0	0	0	1	0	0	0	0	1	1	3
-28	0	0	0	0	0	0	0	0	0	0	0	0	0	1	1	0	0	0	0	0	1	0	2
-27	0	0	0	0	1	0	0	0	0	0	0	0	1	0	0	0	0	1	0	0	0	0	3
-26	0	0	1	0	0	0	0	0	0	1	0	0	0	0	1	0	0	0	0	0	1	1	3
-25	0	0	0	1	0	0	0	0	0	0	0	0	0	0	0	0	0	0	0	0	0	0	1
-23	0	0	0	0	0	0	0	0	0	0	0	0	0	0	0	0	0	2	0	0	2	0	2
-22	0	0	0	0	0	0	0	0	0	0	0	0	0	1	0	0	0	0	0	0	0	0	1
-21	0	0	2	0	0	0	0	1	0	0	1	0	0	0	0	0	0	0	0	0	0	0	4
-20	0	0	0	0	0	0	0	0	0	0	0	0	0	1	0	0	0	0	0	0	1	0	1
-19	0	0	0	2	0	0	0	0	1	0	0	0	0	0	0	0	0	0	0	0	1	0	3
-18	0	0	19	33	4	0	3	11	3	26	1	7	2	39	0	28	53	8	0	3	66	2	240
-17	0	41	12	14	6	0	6	12	11	16	2	54	4	141	0	12	15	12	5	10	184	0	373
-16	0	5	1	3	1	0	3	2	0	5	0	6	1	14	2	4	2	4	0	6	19	0	59
-15	0	0	0	0	0	0	0	0	0	2	0	4	0	3	0	1	0	1	0	0	3	0	11
-14	0	0	1	0	1	0	0	0	3	0	0	0	0	1	0	0	0	0	0	0	2	0	6
-12	0	0	1	0	0	0	0	0	0	0	1	0	0	1	0	0	0	1	0	0	1	0	4
-11	1	0	0	0	0	0	0	0	0	1	0	0	0	0	0	0	0	0	0	0	0	0	2
-10	0	0	0	1	0	0	0	0	0	0	1	0	0	0	0	1	0	0	0	0	1	0	3
-9	3	4	0	0	0	0	2	0	0	0	0	0	0	0	0	0	0	0	0	0	0	0	9
-8	0	0	0	0	0	0	0	1	0	0	0	0	0	0	0	0	0	0	0	0	0	0	1
-7	0	0	0	0	0	0	0	0	0	0	0	0	0	0	0	0	1	0	0	0	0	0	1
-6	0	0	1	0	0	0	0	0	0	0	0	0	1	0	0	0	0	0	0	0	0	0	2
-5	0	0	1	0	0	0	0	0	0	0	0	0	0	0	0	1	0	0	0	0	0	0	2
-4	0	0	0	1	0	0	0	0	0	0	0	0	0	1	0	1	0	0	0	0	1	0	3
-3	0	0	0	0	0	0	0	0	0	2	1	0	0	0	0	0	1	0	0	0	2	0	4
-2	17	6	7	10	4	0	1	10	3	19	274	9	4	10	1	6	8	12	9	7	314	1	417
-1	8	0	6	13	7	0	4	22	3	12	22	7	4	9	2	5	6	17	2	7	101	3	156
1	283	32	128	190	84	221	76	206	91	281	66	207	198	180	38	131	143	275	27	99	513	52	2956
2	24	5	14	16	3	21	5	22	7	24	8	33	19	21	4	6	15	17	1	10	38	1	275
3	2	0	0	0	1	2	1	0	0	2	1	0	2	2	1	0	2	1	0	0	1	0	17
4	0	0	0	0	0	0	2	0	0	0	1	0	0	0	0	0	0	0	2	0	1	0	5
5	0	0	0	3	0	0	0	2	0	1	0	1	0	2	1	1	1	0	0	1	1	0	13
6	0	0	0	0	0	0	2	0	0	0	0	0	0	0	0	0	0	0	1	0	0	0	3
9	0	0	0	0	0	0	0	0	0	0	0	0	0	0	0	0	1	0	0	0	1	0	1
10	2	1	0	0	0	0	0	0	1	0	0	0	0	0	0	0	0	0	0	0	0	1	4
11	0	0	0	0	0	0	0	0	0	0	0	0	0	0	1	0	1	0	2	0	3	0	4
12	0	0	2	0	0	1	0	0	1	0	0	1	0	0	0	1	0	0	21	0	23	0	27
13	0	0	0	0	0	0	0	0	0	0	0	1	1	0	0	0	0	0	3	0	5	0	5
14	0	0	0	2	0	1	0	0	3	2	1	0	0	0	1	1	0	0	0	0	2	0	11
15	0	0	0	0	0	2	0	0	3	1	5	2	1	0	0	0	0	0	3	0	9	0	17
16	78	2	41	79	9	76	15	24	15	43	1241	16	83	26	4	69	45	68	64	15	515	28	2013
17	17	0	5	5	3	14	6	3	1	9	104	10	5	5	0	7	5	12	9	2	73	0	222
18	3	0	0	1	0	2	0	1	0	3	7	0	1	0	0	0	1	2	3	0	8	0	24
19	0	0	0	0	0	0	0	0	2	0	0	0	0	0	0	0	0	0	0	0	0	0	2
20	0	0	0	0	0	0	0	0	0	0	0	0	0	0	0	0	1	0	0	0	0	0	1
21	0	4	0	1	0	0	0	1	0	0	0	0	0	1	0	0	0	0	0	0	0	0	7
22	75	16	75	63	30	78	3	45	0	42	20	48	66	42	0	42	39	56	7	12	16	0	759
23	13	0	8	9	2	11	0	5	0	7	7	17	9	3	1	10	7	10	0	1	0	0	120
24	1	0	4	8	3	5	0	5	0	4	1	0	7	3	0	1	1	2	0	1	0	0	46
25	0	0	0	1	0	0	0	0	0	0	0	0	0	1	1	0	1	0	0	0	0	0	4
26	2	0	0	0	0	0	0	0	0	0	0	0	0	0	0	0	0	0	0	0	1	0	2
28	0	0	0	0	0	0	0	0	0	0	4	0	0	0	0	2	0	0	0	1	5	0	7
30	0	0	0	0	0	0	0	0	0	0	0	0	0	0	1	0	0	0	0	0	0	0	1
32	1	1	1	4	2	2	0	0	0	2	3	1	2	0	0	2	0	1	47	0	12	0	69
33	0	0	3	0	0	1	0	0	0	0	0	0	0	0	0	0	0	0	8	0	0	0	12
34	0	0	0	0	0	0	0	0	0	0	0	0	0	0	0	0	0	0	1	0	0	0	1
37	0	0	0	0	0	0	0	0	0	0	0	0	0	0	1	0	0	0	0	0	1	0	1
38	25	0	30	15	10	22	1	9	0	26	3	16	26	12	0	12	7	15	0	8	4	0	237
39	3	0	0	7	1	3	0	6	0	1	1	4	4	3	0	1	0	1	0	2	2	0	37
40	0	0	0	0	0	0	0	1	0	0	0	0	0	1	0	1	0	0	1	0	1	0	4
41	1	0	0	0	0	0	0	1	0	0	2	0	0	0	0	0	0	0	0	0	2	0	4
42	8	0	1	1	1	0	0	1	0	1	2	2	0	2	0	33	0	1	0	0	41	0	53
43	0	0	0	0	0	0	0	0	0	0	0	0	0	0	0	4	0	0	0	0	3	0	4
44	1	0	0	0	0	0	0	0	0	0	0	0	0	0	0	0	0	0	0	0	1	0	1
45	0	0	0	0	0	0	0	0	0	0	0	0	0	0	0	1	0	0	0	0	1	0	1
48	0	0	0	0	0	1	0	0	0	0	0	0	0	0	0	0	0	0	0	0	0	0	1
50	1	0	0	0	0	0	0	0	1	0	0	0	0	0	0	0	0	0	0	0	1	0	2
51	0	0	0	0	0	0	0	2	0	0	0	0	0	0	0	0	0	0	0	0	0	0	2
53	2	0	0	0	2	0	0	0	0	2	0	2	0	0	0	0	0	0	0	0	1	0	8
54	0	1	2	1	1	2	0	0	0	0	0	0	1	0	0	1	2	0	0	0	1	0	11
56	0	0	0	0	0	0	0	0	1	0	0	0	0	0	0	0	0	0	0	0	1	0	1
57	0	0	1	0	0	5	0	0	1	2	0	0	0	0	0	0	4	2	0	0	7	0	15
58	3	0	0	0	1	1	0	0	0	0	0	0	0	0	0	2	0	0	0	1	4	0	8
60	1	0	0	0	0	0	2	0	0	0	0	0	0	1	0	0	0	0	4	0	5	0	8
62	0	0	0	0	0	0	0	0	0	0	0	1	0	0	0	0	0	0	0	0	0	0	1
63	1	0	0	0	0	0	0	0	0	0	0	0	0	0	0	0	0	0	0	0	0	0	1
64	2	0	0	0	0	0	0	0	0	0	0	0	0	0	0	2	0	0	0	0	2	0	4
66	0	0	0	0	0	0	0	0	1	0	0	0	0	0	0	0	0	0	0	0	0	1	1
70	0	0	0	0	0	0	0	0	0	0	0	0	0	0	0	0	0	1	0	0	0	0	1
72	0	0	0	0	0	1	0	1	0	0	0	0	0	0	0	0	0	0	0	0	0	0	2
73	1	0	0	0	0	0	0	0	0	0	0	0	0	0	0	0	0	1	0	0	1	0	2
74	0	0	0	1	0	0	0	0	0	0	0	0	0	0	0	1	0	0	0	0	1	0	2
75	2	0	0	0	0	0	0	0	0	0	0	0	1	0	0	0	0	0	0	0	2	0	3
76	0	0	0	0	0	0	0	0	0	1	0	0	0	0	0	0	0	0	0	0	0	0	1
78	0	0	1	1	0	0	0	0	0	0	0	0	0	0	0	0	0	0	0	0	2	0	2
79	1	0	0	0	1	0	0	0	0	0	0	0	0	0	0	0	0	0	0	0	1	0	2
80	0	0	0	0	0	1	1	0	0	0	0	0	0	0	0	0	0	0	0	0	0	0	2
81	0	0	0	1	0	0	0	0	0	0	0	0	0	0	0	0	0	0	0	0	0	0	1
84	0	0	0	0	0	0	0	0	0	1	0	0	0	0	0	0	0	0	0	0	0	0	1
86	0	0	0	0	0	0	0	0	0	0	0	0	0	0	0	0	0	0	1	0	0	0	1
87	0	0	1	0	0	0	0	0	0	0	0	0	0	0	0	0	0	0	0	0	0	0	1
89	0	0	0	0	0	1	0	0	0	0	0	0	0	0	0	0	0	0	0	0	1	0	1
91	0	0	0	0	0	0	0	1	0	0	0	0	0	0	0	0	0	0	0	0	0	0	1
94	0	0	0	0	0	0	0	0	0	0	0	0	1	0	0	0	0	0	0	0	0	0	1
97	0	0	0	0	0	0	0	0	0	0	0	0	0	0	2	0	0	0	0	0	0	2	2
100	0	0	0	0	0	0	0	0	2	0	2	0	0	0	0	0	0	0	0	0	2	0	4
101	0	0	0	0	0	0	0	1	0	0	0	0	0	0	0	0	0	0	0	0	0	0	1
102	0	0	0	1	0	0	0	0	0	0	1	0	0	0	0	0	0	0	0	0	0	0	2
103	0	0	0	0	0	0	0	0	0	0	0	0	0	0	0	0	1	0	0	0	0	0	1
105	0	0	0	0	0	0	1	0	0	0	0	0	0	0	0	0	0	1	0	0	1	0	2
106	1	0	1	0	0	0	0	0	0	0	0	0	0	0	0	0	0	0	0	0	1	0	2
111	0	0	0	0	1	0	0	0	0	0	0	0	0	0	0	0	0	0	0	0	1	0	1
113	0	0	0	0	0	0	0	0	0	0	1	0	0	0	0	0	0	0	0	0	1	0	1
117	0	0	0	0	0	0	0	0	1	0	0	0	0	0	0	0	0	0	0	2	0	0	3
118	0	0	0	0	0	0	0	0	0	0	0	0	0	1	0	0	0	0	0	0	0	0	1
125	0	0	0	0	1	0	0	0	0	0	0	0	1	0	0	0	0	0	0	0	0	0	2
128	2	0	0	0	0	0	0	1	3	1	0	1	2	0	1	0	1	1	0	0	1	4	13
129	0	0	0	5	0	0	0	0	0	0	0	0	0	0	0	4	0	0	0	0	0	5	9
131	0	0	0	0	1	0	0	0	0	1	0	0	0	0	0	0	0	0	0	0	0	0	2
138	0	0	0	0	0	0	0	0	0	0	0	0	0	0	0	0	1	0	0	0	0	0	1
141	0	0	0	0	0	0	0	0	0	0	0	0	1	0	0	0	1	0	0	0	0	0	2
144	0	0	0	0	0	0	0	0	0	0	1	0	1	0	0	0	0	0	0	0	0	0	2
145	0	0	0	0	0	0	0	0	1	0	0	0	0	0	0	0	0	0	0	0	1	0	1
146	0	0	0	0	0	0	0	0	0	0	0	0	1	1	0	0	0	0	0	0	0	0	2
147	0	0	1	0	2	0	0	0	1	0	0	0	0	1	0	0	1	0	0	0	4	0	6
151	0	0	1	0	0	0	0	0	0	0	0	0	0	0	0	2	0	0	0	0	0	0	3
152	0	5	0	0	0	0	0	0	0	0	0	0	0	0	0	0	0	0	0	0	0	0	5
153	0	0	0	0	0	0	0	0	0	1	0	0	0	0	0	0	0	0	0	0	0	0	1
156	8	0	0	4	0	4	1	1	2	9	3	0	1	3	0	5	2	4	0	0	16	2	47
157	4	0	0	3	0	1	1	1	0	3	0	0	0	0	0	0	0	0	0	0	0	0	13
161	0	0	0	0	0	0	0	0	0	0	0	0	0	1	0	0	0	0	0	0	1	0	1
167	0	0	1	1	0	0	0	0	0	0	0	0	0	0	0	0	0	0	0	0	0	0	2
170	1	0	1	0	0	0	0	0	0	0	0	0	0	0	0	0	0	0	0	0	1	0	2
172	1	0	0	2	0	0	0	0	0	0	0	0	0	0	0	0	0	0	0	0	0	0	3
173	0	0	0	1	0	0	0	0	0	0	1	0	0	0	0	2	0	0	0	0	3	0	4
174	1	0	0	0	0	0	0	0	0	0	1	0	0	0	0	0	0	0	0	0	0	0	2
175	0	0	0	0	0	0	0	0	0	0	0	0	0	0	1	0	0	0	0	0	1	0	1
178	0	0	0	0	0	1	0	0	0	0	0	0	0	0	0	0	0	0	0	0	0	0	1
181	1	0	0	0	0	0	0	0	0	0	0	0	0	0	0	0	0	0	0	0	0	0	1
182	0	0	0	0	0	0	0	0	0	1	0	0	0	0	0	0	0	0	0	0	1	0	1
184	0	0	0	0	0	0	0	0	1	0	0	0	0	0	0	0	0	1	0	0	0	0	2
185	1	0	0	0	0	0	0	0	0	0	0	0	0	0	0	0	0	0	0	0	0	0	1
187	0	0	0	0	0	0	0	0	0	0	0	0	0	0	0	1	0	0	0	0	0	0	1
189	1	0	0	0	0	0	0	0	4	0	0	0	0	0	0	0	0	0	0	0	0	0	5
190	0	0	1	0	0	0	0	0	0	0	0	0	0	0	0	0	0	0	0	0	0	0	1
191	0	0	0	0	0	0	0	0	0	0	1	0	0	0	0	0	0	0	0	0	1	0	1
196	0	0	0	0	0	0	0	0	0	0	0	0	0	0	0	1	0	0	0	0	0	0	1
197	0	0	1	0	0	0	0	0	0	0	0	0	0	0	0	0	0	0	0	0	0	0	1
