 	A	C	D	E	F	G	H	I	K	L	M	N	P	Q	R	S	T	V	W	Y	Nterm	Cterm	Sum
-124	0	0	0	0	0	0	0	0	0	0	0	0	0	0	0	0	0	0	1	0	0	0	1
-117	0	0	0	0	0	0	0	0	0	0	0	0	0	0	0	0	0	0	1	0	0	0	1
-102	0	0	0	0	0	0	0	0	0	0	0	0	0	0	0	0	0	0	0	3	0	0	3
-101	0	0	0	0	0	0	0	0	0	0	0	0	0	0	0	0	0	0	2	0	0	0	2
-98	0	0	0	0	0	0	0	0	0	0	0	0	0	0	1	0	0	0	0	0	0	0	1
-92	0	1	0	0	0	0	0	0	0	0	0	0	0	0	0	0	0	0	0	0	0	0	1
-91	0	0	0	0	0	0	0	0	0	0	0	0	0	0	1	0	0	0	0	0	0	1	1
-90	0	0	0	0	2	0	0	0	0	0	0	0	0	0	0	0	0	0	0	0	1	0	2
-88	0	0	0	0	1	0	0	0	0	0	0	0	0	0	0	0	0	0	0	0	0	0	1
-87	0	0	0	0	2	0	0	0	0	0	0	0	0	0	0	0	0	0	0	0	0	0	2
-86	0	0	0	0	1	0	0	0	0	0	0	0	0	0	0	0	0	0	0	1	0	0	2
-85	0	0	0	0	0	0	0	0	0	0	0	0	0	0	2	0	0	0	0	0	0	0	2
-84	0	0	0	0	1	0	0	0	0	0	0	0	0	0	0	0	0	0	0	0	0	0	1
-83	0	0	0	0	0	0	0	0	0	0	0	0	0	0	1	0	0	0	0	0	0	0	1
-79	0	0	0	0	0	0	1	0	0	0	0	0	0	0	0	0	0	0	0	0	0	0	1
-75	0	0	0	0	1	0	0	0	0	0	0	0	0	0	2	0	0	0	0	0	0	2	3
-73	0	0	0	0	0	0	0	0	0	0	0	0	0	0	0	0	0	0	0	1	0	0	1
-71	0	0	0	2	0	0	0	0	1	0	0	0	0	0	0	0	0	0	1	0	0	0	4
-70	0	1	0	0	0	0	0	0	1	0	0	0	0	0	0	0	0	0	0	0	0	1	2
-68	0	0	0	1	0	0	0	0	0	0	0	0	0	0	0	0	0	0	0	0	0	0	1
-67	0	0	0	0	0	0	0	0	0	0	2	0	0	1	0	0	0	0	0	0	1	0	3
-66	0	0	0	0	0	0	0	0	0	0	0	0	0	0	1	0	0	0	0	0	0	0	1
-64	0	0	0	0	0	0	1	0	0	0	0	0	0	0	0	0	0	0	0	0	0	0	1
-63	0	0	0	0	0	0	0	0	0	0	1	0	0	0	0	0	0	0	0	0	0	0	1
-61	0	0	0	0	0	0	7	0	0	0	0	0	0	0	0	0	0	0	0	0	0	0	7
-59	0	0	0	0	0	0	0	0	1	0	0	0	0	0	1	0	0	0	0	0	1	1	2
-58	0	0	0	0	0	0	0	0	0	0	1	0	0	0	0	0	0	0	1	0	0	0	2
-57	0	247	10	4	6	0	0	0	2	0	6	1	0	2	2	0	0	0	0	2	1	1	282
-56	0	22	1	5	1	0	0	0	0	4	0	1	0	1	0	0	0	0	0	2	0	0	37
-55	0	1	0	1	0	0	0	0	0	1	2	0	0	1	0	0	0	0	0	0	0	0	6
-53	0	0	0	0	1	0	0	1	0	0	0	0	0	0	0	0	0	0	0	0	0	0	2
-52	0	0	0	0	1	0	0	1	0	0	0	0	0	0	0	0	0	0	0	0	1	0	2
-51	0	0	1	0	0	0	0	0	0	0	0	0	0	0	0	0	0	0	0	0	0	0	1
-50	0	0	1	0	1	0	0	0	0	0	0	0	0	0	0	0	0	0	0	0	1	0	2
-49	0	0	0	0	0	0	0	0	1	0	0	0	0	0	0	0	0	0	0	0	0	0	1
-47	0	0	0	0	1	0	0	0	2	0	0	0	0	0	0	0	0	0	0	1	0	2	4
-46	0	0	1	0	0	0	0	0	0	0	0	0	0	0	0	0	0	0	0	2	3	0	3
-45	0	8	0	0	0	0	0	0	0	0	0	0	0	0	0	0	0	0	0	0	8	0	8
-44	0	0	0	0	0	0	0	0	0	0	1	0	0	0	0	0	0	0	0	0	0	0	1
-43	0	0	0	0	0	0	0	0	0	0	1	0	0	0	0	0	0	0	0	0	0	0	1
-42	0	1	0	1	0	0	0	0	2	4	1	0	0	0	1	0	0	0	0	2	2	0	12
-41	0	1	0	0	0	0	0	0	0	1	0	0	0	0	0	0	0	0	0	0	0	0	2
-40	0	1	0	0	0	0	0	0	0	0	0	0	0	0	1	0	1	0	0	0	0	0	3
-39	0	0	2	0	0	0	0	0	0	1	0	0	1	1	1	0	0	1	0	0	0	1	7
-38	0	0	0	0	0	0	0	1	0	0	0	0	0	0	0	0	0	0	0	0	0	0	1
-37	0	0	0	0	1	0	0	0	0	0	0	0	0	0	0	0	0	0	0	0	0	0	1
-36	0	0	0	0	0	0	0	0	0	0	0	0	0	0	0	0	1	0	0	0	0	0	1
-35	0	5	1	0	0	0	0	0	0	0	0	0	0	1	0	0	1	0	0	0	0	0	8
-34	0	0	1	0	0	0	0	0	0	1	0	2	0	0	0	0	1	0	0	0	2	0	5
-33	0	0	0	0	0	0	0	0	1	0	0	0	0	0	0	0	0	0	0	0	0	0	1
-31	0	0	0	0	0	0	0	0	0	1	0	1	0	0	0	0	0	0	0	0	0	0	2
-30	0	0	0	0	0	0	0	0	0	0	1	0	0	0	0	0	1	0	0	0	1	0	2
-29	0	0	1	0	0	0	0	0	1	0	0	0	0	0	0	0	0	0	0	0	1	1	2
-28	0	0	1	1	0	0	0	0	0	0	0	0	0	0	0	0	0	0	0	0	0	0	2
-27	0	0	0	0	0	0	0	0	0	0	0	1	0	1	0	0	0	1	0	0	0	0	3
-26	0	0	0	0	0	0	0	0	0	0	0	0	0	0	0	1	2	0	0	0	0	0	3
-25	0	0	2	0	0	0	0	0	0	0	0	0	0	0	0	0	0	0	0	0	0	0	2
-24	0	0	0	0	0	0	0	0	0	0	0	1	0	0	1	0	0	0	0	0	0	0	2
-22	0	0	0	0	0	0	0	0	0	0	0	0	0	0	0	1	0	0	0	0	0	0	1
-21	0	0	0	1	0	0	0	0	0	0	0	1	0	0	0	0	0	0	0	0	1	0	2
-20	0	0	0	0	0	0	0	0	0	0	0	0	0	0	0	1	0	0	0	1	0	0	2
-19	0	1	0	0	0	0	0	0	1	0	0	0	0	1	0	0	0	0	0	0	1	0	3
-18	0	1	89	48	7	0	4	10	1	30	3	6	13	57	3	32	47	11	0	4	103	3	366
-17	0	48	22	21	7	0	6	22	11	15	5	59	15	185	2	15	30	17	17	15	242	4	512
-16	0	3	10	1	0	0	3	4	1	2	0	9	2	18	0	7	6	6	0	6	26	1	78
-15	0	1	0	1	1	0	0	0	1	1	2	2	2	7	0	0	0	1	1	0	9	0	20
-14	0	2	0	0	1	0	0	0	0	0	0	0	0	0	0	1	0	0	0	0	0	0	4
-13	0	0	0	0	0	0	0	0	0	0	0	0	0	1	0	0	2	0	0	0	1	0	3
-12	0	0	0	0	0	0	1	0	0	0	1	0	0	0	0	0	1	0	0	0	0	0	3
-11	0	0	0	0	0	0	0	0	0	1	0	0	1	0	0	0	0	0	0	0	0	0	2
-10	0	0	0	0	0	0	0	0	0	0	0	0	0	0	1	0	0	0	0	0	0	0	1
-9	0	5	0	0	0	0	0	0	0	0	0	3	1	0	0	0	0	0	0	0	0	0	9
-8	0	0	0	1	0	0	0	0	0	0	0	0	0	0	1	0	0	1	0	0	0	0	3
-7	0	0	2	1	0	0	0	0	0	0	0	0	0	1	0	0	0	0	0	0	1	0	4
-6	0	0	0	0	0	0	0	0	0	0	0	0	0	0	1	0	0	0	0	0	0	1	1
-5	1	0	1	0	0	0	0	0	0	0	0	0	0	0	0	0	0	0	0	0	0	0	2
-4	1	0	0	1	0	0	1	1	0	0	0	0	0	1	2	1	0	1	0	0	2	0	9
-3	0	0	0	0	0	0	0	1	0	2	0	0	0	0	0	0	1	1	0	0	1	0	5
-2	8	3	3	9	3	0	2	1	3	1	5	1	4	3	2	1	5	15	1	2	38	4	72
-1	8	6	7	16	11	0	6	16	4	15	6	4	4	8	6	5	9	18	3	6	87	7	158
1	447	45	208	324	137	373	135	323	183	472	120	498	250	273	56	223	300	414	49	149	901	85	4979
2	53	11	34	38	17	64	14	36	10	44	15	67	30	45	3	27	30	70	8	10	76	2	626
3	4	0	3	3	1	7	1	2	1	2	0	2	4	1	0	3	0	3	1	2	4	0	40
4	0	0	2	0	1	2	1	0	0	0	0	0	0	0	0	0	5	0	6	0	3	0	17
5	2	2	1	3	0	0	0	0	0	3	0	0	0	4	0	0	0	0	2	0	6	0	17
6	0	0	0	0	0	1	0	0	0	1	1	0	0	0	0	0	0	0	0	0	0	0	3
7	0	0	0	0	0	0	0	0	0	0	0	0	0	0	0	0	0	1	0	0	0	0	1
8	0	0	0	0	0	0	0	0	0	0	0	0	0	0	0	0	0	0	0	1	0	0	1
9	0	0	0	0	0	0	0	0	0	0	0	0	1	1	0	0	0	1	0	0	1	0	3
10	0	0	0	0	0	0	0	0	0	0	0	0	1	0	1	0	0	1	0	0	0	1	3
11	0	0	0	0	0	0	0	0	2	0	0	0	0	0	0	2	0	0	1	0	1	1	5
12	0	0	0	1	0	1	0	0	1	0	1	3	0	1	2	1	0	0	39	0	42	2	50
13	0	0	0	0	0	0	0	0	0	1	0	0	0	0	0	0	0	0	3	0	3	0	4
14	2	0	1	3	0	4	1	0	5	11	1	0	0	2	0	1	0	0	0	0	7	0	31
15	0	0	1	0	0	1	0	0	7	0	0	0	1	0	0	0	0	2	0	0	0	2	12
16	70	5	40	72	5	72	44	18	9	48	983	19	56	16	7	55	35	50	31	10	345	19	1645
17	8	1	10	12	2	18	14	1	3	16	86	7	7	5	2	6	10	11	12	4	57	1	235
18	1	0	0	1	1	2	0	0	0	4	4	0	0	1	0	1	1	0	0	0	8	0	16
19	0	0	0	0	0	0	0	1	1	3	1	0	0	0	1	1	0	0	0	0	2	0	8
20	0	0	1	0	0	0	1	0	0	2	0	0	0	0	0	0	1	0	0	0	1	0	5
21	1	0	1	0	0	0	0	0	0	0	0	0	0	0	0	0	0	0	0	0	0	0	2
22	93	9	115	93	22	136	3	40	2	72	23	77	88	61	0	67	72	57	7	23	19	4	1060
23	25	6	19	20	7	45	2	15	1	27	5	19	18	4	0	11	18	21	0	6	1	0	269
24	6	0	15	16	4	25	0	7	1	10	2	7	11	1	1	9	5	4	0	3	0	1	127
25	0	0	0	0	0	0	0	1	0	3	1	1	0	0	0	0	1	0	0	2	0	0	9
27	0	0	0	0	0	1	2	0	0	0	0	0	0	0	0	0	0	0	0	0	0	0	3
28	0	0	0	1	0	0	0	0	2	0	3	1	1	0	0	0	0	0	0	0	3	1	8
30	0	0	0	0	0	0	0	0	0	0	0	0	0	0	2	1	0	0	0	0	2	0	3
31	0	1	0	0	0	0	0	0	0	0	0	0	0	1	0	0	0	0	0	0	2	0	2
32	0	1	1	0	0	0	0	0	0	0	5	0	0	1	0	0	1	4	5	0	0	0	18
33	0	0	0	0	0	0	0	1	0	0	0	0	0	0	0	0	0	1	0	0	0	0	2
34	0	0	0	0	0	0	2	0	0	0	0	0	0	0	0	0	0	2	0	0	0	0	4
35	0	0	0	0	0	0	2	0	0	0	0	0	0	1	0	0	0	0	0	0	1	0	3
36	0	0	0	0	0	0	0	0	0	0	0	0	0	0	0	0	0	0	0	1	0	0	1
37	0	0	0	0	0	0	0	0	1	0	0	0	0	0	0	0	1	0	0	0	0	0	2
38	34	3	41	29	9	38	1	36	1	43	4	21	35	13	0	21	19	19	3	10	4	0	380
39	22	2	8	6	1	8	0	5	1	4	0	4	3	4	0	5	3	8	1	3	3	0	88
40	0	1	0	0	0	0	0	0	0	1	1	3	0	0	0	0	0	1	0	0	1	0	7
41	0	0	0	0	0	0	0	0	0	0	0	0	0	0	0	1	0	0	0	0	1	0	1
42	12	0	4	1	0	0	1	0	7	2	8	3	1	4	0	61	14	2	0	0	95	1	120
43	1	0	0	0	0	3	0	0	0	0	0	1	0	3	0	12	1	0	0	0	15	0	21
44	0	0	0	0	0	0	0	0	0	0	0	0	0	0	1	0	0	0	0	0	0	0	1
45	0	0	0	1	0	0	0	0	0	0	0	0	1	0	0	2	0	0	0	0	0	0	4
46	1	0	0	0	0	0	0	0	0	0	1	0	0	0	0	0	0	0	0	0	0	0	2
47	0	0	0	0	0	0	0	0	1	0	0	0	0	0	0	0	0	0	0	0	1	0	1
49	0	0	1	0	0	0	0	0	0	0	0	0	0	0	1	0	0	0	0	0	2	0	2
51	0	0	2	0	0	0	0	0	0	0	0	0	0	0	0	1	0	0	0	0	0	0	3
52	0	0	0	0	2	0	0	0	0	0	0	0	0	0	0	0	0	0	0	0	0	0	2
53	1	0	0	1	0	0	0	1	0	0	0	1	0	0	0	0	0	0	0	0	1	0	4
54	0	0	1	0	1	2	0	1	0	0	0	0	0	1	0	3	0	0	0	0	2	0	9
55	0	0	0	1	0	0	0	0	0	1	0	0	0	0	0	0	1	0	0	0	0	0	3
56	0	0	0	1	0	0	0	0	0	0	0	0	0	0	0	0	3	0	0	0	4	0	4
58	0	0	0	2	0	0	0	0	2	0	0	1	0	1	0	0	0	0	0	0	0	0	6
59	0	0	0	0	0	0	0	0	1	0	0	1	0	0	0	1	0	0	0	0	1	0	3
62	0	0	0	0	0	0	1	1	0	0	0	0	0	0	0	0	0	0	0	0	1	0	2
63	2	0	0	0	3	0	0	0	0	0	0	0	0	0	1	1	0	0	0	0	3	0	7
64	1	0	0	0	1	0	0	1	0	0	0	0	0	1	0	2	0	0	0	0	3	0	6
65	1	0	0	0	0	1	0	0	0	0	0	0	0	0	0	0	0	0	0	0	0	0	2
68	0	0	0	0	0	0	0	0	0	1	0	0	0	0	0	0	0	0	0	0	1	0	1
70	0	0	0	0	0	0	0	0	0	0	0	0	0	0	0	0	1	0	0	0	1	0	1
72	0	0	0	0	0	0	0	1	0	0	0	0	0	0	0	0	0	1	0	0	0	0	2
73	0	0	0	0	0	1	0	0	0	0	0	0	0	0	0	0	0	0	0	0	0	0	1
75	1	0	0	0	0	0	0	0	0	0	0	0	0	0	0	0	0	0	0	0	0	0	1
77	0	0	0	0	0	0	0	0	0	0	0	1	0	0	0	0	0	0	0	0	0	0	1
78	0	0	0	0	0	0	0	0	0	0	0	0	0	1	0	1	0	0	0	0	0	0	2
80	0	0	2	0	0	0	2	1	0	0	0	0	1	0	0	2	1	0	0	0	0	0	9
81	0	0	0	0	0	0	0	0	0	0	0	0	1	0	0	1	1	0	0	0	0	0	3
82	0	0	0	0	0	1	0	0	0	0	0	0	0	0	0	0	0	0	0	0	1	0	1
84	0	0	0	1	0	0	0	0	1	0	0	0	0	0	0	0	0	0	0	0	0	1	2
87	0	0	0	0	0	0	0	0	0	0	0	0	0	0	2	0	0	0	0	0	2	0	2
88	0	0	0	0	0	0	0	0	0	0	0	0	0	1	0	0	0	0	0	0	0	0	1
89	0	0	0	0	0	0	0	0	0	0	0	1	0	0	0	0	0	0	0	0	0	0	1
90	0	0	0	0	0	0	0	0	0	0	0	0	0	1	0	0	0	0	0	0	0	0	1
92	0	0	0	0	1	0	0	0	0	1	0	0	0	0	0	0	0	0	0	0	0	0	2
95	0	0	0	0	0	0	0	0	0	0	0	0	0	0	0	0	0	1	0	0	0	0	1
96	0	0	0	1	0	0	0	0	0	0	0	0	0	0	1	0	0	1	0	0	1	0	3
97	0	0	0	0	0	1	0	0	0	0	0	0	0	0	1	0	0	0	0	0	1	0	2
98	1	0	0	0	0	0	0	0	0	0	0	0	0	0	0	0	0	0	0	0	0	0	1
99	0	0	0	1	0	0	0	0	0	1	0	0	1	0	0	0	0	0	0	0	0	0	3
100	0	0	0	0	0	0	0	0	2	0	1	0	1	0	0	1	0	0	0	0	2	0	5
101	0	0	0	0	0	0	0	0	0	0	0	0	0	0	0	0	0	0	1	0	0	0	1
105	0	0	0	0	0	0	0	0	0	0	0	0	0	0	1	0	0	0	0	0	0	0	1
106	0	0	0	0	0	0	0	0	0	0	0	1	0	0	0	0	0	0	0	0	0	0	1
107	1	0	0	0	0	0	0	0	0	0	0	0	0	0	0	0	0	0	0	0	0	0	1
108	2	0	0	0	0	0	0	0	0	0	0	0	0	0	0	0	0	0	0	0	0	0	2
111	0	0	0	0	1	0	0	0	0	0	0	0	0	0	0	0	0	0	0	0	0	0	1
114	1	0	0	0	0	0	0	0	0	0	0	0	0	0	0	0	0	0	0	0	0	0	1
115	0	0	0	2	0	0	0	0	0	0	0	0	0	0	0	0	0	0	0	0	0	1	2
117	0	0	0	0	0	0	0	0	0	0	0	0	0	0	0	0	0	0	0	1	1	0	1
124	1	0	0	0	0	0	0	0	0	0	0	0	0	0	0	0	0	0	0	0	0	0	1
127	0	0	0	0	0	0	0	0	0	0	0	0	0	0	1	0	0	0	0	0	0	0	1
128	3	0	0	0	0	2	0	6	0	0	0	0	1	0	2	4	0	3	0	3	4	2	24
129	1	0	0	9	0	0	1	0	0	0	0	0	0	0	0	0	0	0	0	0	0	9	11
131	0	0	0	0	0	0	0	0	1	0	0	0	0	0	0	0	0	0	0	0	0	1	1
132	0	0	0	1	0	0	0	0	0	0	0	0	0	0	0	0	0	0	0	0	0	0	1
133	0	0	0	0	0	0	0	0	0	0	0	1	0	0	0	0	0	0	0	0	0	0	1
134	0	0	0	0	0	0	0	0	0	1	0	0	0	0	0	0	0	0	0	0	1	0	1
138	0	0	1	0	0	0	0	0	0	0	0	0	0	0	0	0	0	0	0	0	0	0	1
142	0	0	0	0	0	0	0	0	0	1	0	0	0	0	0	0	0	0	0	0	0	0	1
144	0	0	0	0	0	0	0	0	0	0	0	0	0	0	1	0	0	1	0	0	1	0	2
145	0	0	0	1	0	0	0	0	1	0	0	0	0	0	0	0	0	1	0	0	0	1	3
147	0	0	0	0	1	0	0	0	0	0	0	0	0	0	0	0	0	0	0	1	1	0	2
148	0	0	0	0	0	0	0	0	0	1	0	0	0	0	0	0	0	0	0	0	1	0	1
152	5	40	3	1	0	0	0	0	0	0	0	0	0	0	0	0	0	3	0	0	8	0	52
153	1	5	0	0	0	1	0	0	0	0	0	0	0	0	0	0	0	0	0	0	1	0	7
154	0	0	0	1	0	0	0	0	0	0	0	0	0	0	0	0	0	0	0	0	1	0	1
156	13	0	1	2	0	2	0	5	1	10	3	2	1	0	0	0	1	2	0	2	19	1	45
157	0	0	0	0	0	0	0	0	0	2	0	0	0	1	0	0	0	0	0	1	1	0	4
162	0	0	0	0	0	0	0	0	0	0	0	0	0	0	1	0	0	0	0	0	1	0	1
167	1	0	0	1	0	0	0	0	0	0	0	0	0	0	0	0	0	0	0	0	0	0	2
168	1	0	0	0	0	0	0	0	0	0	0	0	0	0	0	0	0	0	0	0	0	0	1
170	0	0	0	0	0	0	0	0	0	0	0	0	0	1	0	0	0	0	0	0	0	0	1
171	0	0	0	0	0	1	0	0	0	0	0	0	0	0	0	0	0	0	0	0	0	0	1
172	0	0	1	0	0	0	0	1	0	0	3	0	0	0	0	0	0	0	0	0	3	0	5
173	0	0	0	0	1	0	0	0	0	0	0	0	0	0	0	0	0	0	0	0	0	0	1
181	0	0	0	0	0	0	0	0	0	0	0	1	0	0	0	0	0	0	0	0	1	0	1
182	2	0	0	0	0	0	0	0	0	3	0	0	0	0	0	0	0	0	1	0	4	0	6
184	2	0	0	0	0	1	0	0	1	0	0	0	0	0	0	0	0	1	0	0	0	0	5
187	0	0	0	0	0	0	0	0	0	0	0	0	0	0	0	1	0	0	0	0	0	0	1
188	0	0	0	0	0	0	0	0	1	0	0	0	0	0	0	0	0	0	0	0	0	0	1
189	0	0	1	0	0	0	0	0	3	0	0	0	0	0	0	0	1	0	0	0	0	0	5
191	0	0	0	0	0	0	0	0	0	0	0	0	0	0	0	1	0	0	0	0	0	0	1
192	0	0	0	0	0	0	0	0	0	0	0	0	0	1	0	0	0	0	0	0	0	0	1
195	1	0	0	0	0	0	0	1	0	0	0	0	0	0	0	0	0	0	0	0	0	0	2
196	1	0	0	0	0	0	0	0	4	0	0	0	0	0	0	0	0	0	0	0	0	3	5
