 	A	C	D	E	F	G	H	I	K	L	M	N	P	Q	R	S	T	V	W	Y	Nterm	Cterm	Sum
-102	0	0	0	0	0	0	0	0	0	0	0	0	0	0	0	0	0	0	1	2	0	0	3
-99	0	0	0	0	0	0	0	0	0	0	0	0	0	0	1	0	0	0	0	0	0	1	1
-98	0	0	0	0	0	0	0	0	0	0	0	0	0	0	1	0	0	0	0	0	0	0	1
-95	0	0	0	0	0	0	0	0	0	0	0	0	0	0	1	0	0	0	0	0	0	0	1
-94	0	0	0	0	0	0	0	0	0	0	0	0	0	0	0	0	0	0	0	1	0	0	1
-92	0	2	0	0	0	0	0	0	0	0	0	0	0	0	0	0	0	0	0	0	0	0	2
-90	0	0	0	0	0	0	0	0	0	0	0	0	0	0	0	0	0	0	2	0	0	0	2
-89	0	0	0	0	0	0	0	0	0	0	0	0	0	0	2	0	0	0	0	1	0	1	3
-86	0	1	0	0	0	0	0	0	0	0	0	0	0	0	0	0	0	0	0	1	0	0	2
-85	0	0	0	0	0	0	0	0	0	0	0	0	0	0	2	0	0	0	0	0	0	0	2
-84	0	0	0	0	0	0	0	0	0	0	0	0	0	0	1	0	0	0	0	0	0	0	1
-83	0	0	0	0	0	0	0	0	0	0	0	0	0	0	1	0	0	0	0	0	0	0	1
-80	0	0	0	0	0	0	1	0	0	0	0	0	0	0	0	0	0	0	0	0	0	0	1
-75	0	0	0	0	0	0	0	0	0	0	0	0	0	0	1	0	0	0	0	0	0	1	1
-74	0	0	0	0	0	0	0	0	0	0	0	0	0	0	0	0	0	0	2	0	0	0	2
-73	0	0	0	0	0	0	0	0	0	0	0	0	0	0	0	0	0	0	0	2	0	0	2
-72	0	0	0	0	0	0	0	0	0	0	1	0	0	0	0	0	0	0	0	0	0	0	1
-70	0	0	0	1	0	0	0	0	0	0	1	0	0	0	0	0	0	0	0	0	1	0	2
-67	0	0	0	1	1	0	0	0	0	0	1	0	0	0	0	0	0	0	0	2	1	0	5
-65	0	0	0	0	1	0	0	0	0	0	1	0	0	0	0	0	0	0	0	0	1	0	2
-63	0	0	0	0	1	0	1	0	0	0	1	0	0	0	0	0	0	0	0	0	0	0	3
-62	0	0	0	0	0	0	0	0	0	0	1	0	0	0	0	0	0	0	0	0	0	0	1
-61	0	0	0	0	0	0	6	0	0	0	0	0	0	1	1	0	0	0	0	0	0	1	8
-60	0	0	0	0	0	0	2	0	1	0	0	0	0	0	0	0	0	0	0	0	0	1	3
-59	0	0	0	0	1	0	0	0	0	0	0	0	0	0	0	0	0	0	0	0	0	0	1
-57	0	180	7	5	3	0	3	0	2	0	1	1	0	3	0	0	0	0	0	3	2	1	208
-56	0	15	1	0	0	0	0	1	0	3	1	0	0	0	0	0	0	0	0	2	1	0	23
-55	0	0	1	0	1	0	0	0	0	1	0	0	0	0	0	0	0	0	0	0	0	0	3
-51	0	0	1	0	0	0	0	0	0	0	0	0	0	0	1	0	0	0	0	0	0	0	2
-50	0	0	0	0	4	0	0	0	0	0	0	0	0	0	0	0	0	0	0	0	4	0	4
-49	0	0	1	0	0	0	0	0	0	0	0	0	0	0	0	0	0	0	0	0	0	0	1
-48	0	0	0	0	0	0	0	0	0	0	1	1	0	1	0	0	0	0	0	0	1	0	3
-47	0	0	0	0	0	0	0	0	1	0	0	0	0	0	0	0	0	0	0	0	0	1	1
-46	0	0	0	0	0	0	0	0	0	0	1	0	0	0	0	0	0	0	0	0	0	0	1
-45	0	7	0	0	0	0	0	0	0	0	0	0	0	0	1	0	0	0	0	0	7	0	8
-43	0	0	0	0	1	0	1	0	0	0	1	2	0	0	0	0	1	0	0	0	0	0	6
-42	0	0	0	0	0	0	0	1	0	1	0	0	0	0	0	0	0	0	0	0	0	0	2
-41	0	0	0	0	0	0	0	0	0	0	0	0	0	0	0	0	0	0	0	1	0	0	1
-39	0	0	2	0	0	0	0	0	0	0	0	0	1	0	0	0	0	2	0	0	1	0	5
-37	0	0	1	0	0	0	0	0	0	0	0	0	0	0	0	0	0	0	0	0	0	0	1
-36	0	0	0	0	0	0	0	0	0	0	0	1	0	0	0	0	2	1	0	0	1	0	4
-35	0	4	0	0	0	0	0	0	0	0	0	0	0	1	0	0	1	0	0	0	0	0	6
-34	0	0	0	0	0	0	0	0	0	0	1	2	0	0	0	0	0	0	0	0	2	0	3
-33	0	0	1	0	0	0	0	0	0	0	0	0	0	1	0	0	0	0	0	0	0	0	2
-32	0	0	0	0	0	0	0	0	0	0	0	0	1	0	0	0	0	0	0	0	0	0	1
-31	0	0	0	0	0	0	0	0	1	0	0	0	0	0	0	0	1	0	0	0	1	0	2
-29	0	0	0	0	0	0	0	0	2	0	0	0	1	0	0	0	0	0	0	0	0	2	3
-28	0	0	0	0	1	0	0	0	0	0	0	0	0	0	3	0	0	0	0	0	2	1	4
-27	0	0	0	1	0	0	0	0	0	0	0	0	0	1	0	0	0	1	0	0	0	0	3
-26	0	0	0	1	0	0	0	0	0	1	0	0	0	0	0	0	0	0	0	0	1	0	2
-23	0	0	0	0	0	0	0	0	0	0	0	1	0	0	0	0	0	0	0	0	0	0	1
-22	0	0	0	0	0	0	1	0	0	0	0	0	0	0	0	1	1	0	0	0	0	0	3
-21	0	0	0	0	1	0	0	0	0	0	0	0	0	0	0	0	1	0	0	0	0	0	2
-19	0	0	0	0	0	0	0	2	0	0	0	0	0	2	0	0	1	0	0	0	2	0	5
-18	0	0	54	53	6	0	3	6	1	29	7	5	11	58	3	31	37	10	1	3	99	3	318
-17	0	47	32	13	6	0	6	12	6	13	5	58	12	209	0	11	37	20	17	12	264	1	516
-16	0	3	6	4	0	0	2	3	2	4	1	5	0	18	2	4	6	5	0	2	25	1	67
-15	0	0	4	0	0	0	0	2	0	2	0	3	1	5	0	0	0	0	0	0	4	0	17
-14	0	0	0	0	0	0	0	0	2	1	0	0	0	0	0	2	1	0	0	0	0	0	6
-13	0	0	1	0	0	0	0	0	0	0	0	0	0	0	0	0	1	0	0	0	0	0	2
-12	0	0	0	0	1	0	0	1	0	0	0	0	0	0	0	0	1	0	0	0	0	0	3
-9	0	4	1	0	0	0	1	2	0	0	0	0	0	0	0	0	0	1	0	0	1	0	9
-8	0	1	0	0	0	0	0	0	1	2	0	0	0	0	0	0	0	0	0	0	0	0	4
-7	0	0	1	0	0	0	0	0	1	0	0	0	0	0	0	0	0	0	0	0	0	0	2
-5	1	0	0	1	0	0	0	0	0	0	0	0	0	0	0	0	0	0	0	0	0	0	2
-4	0	0	0	0	0	0	1	0	0	0	0	0	0	0	0	0	0	0	1	0	0	0	2
-3	0	0	0	1	0	0	0	1	0	0	0	0	1	1	0	0	0	0	0	0	3	0	4
-2	6	9	0	8	0	0	0	4	4	6	2	2	3	5	3	3	0	24	1	1	17	3	81
-1	16	4	11	11	11	0	6	29	7	14	4	8	2	10	3	12	14	23	4	7	123	8	196
1	412	42	228	264	124	332	116	380	151	445	126	354	283	278	65	217	280	405	40	112	824	78	4654
2	52	4	37	35	9	52	17	49	17	40	14	28	40	40	1	36	39	83	7	19	59	2	619
3	0	0	2	1	0	5	2	2	1	3	2	1	6	1	0	3	4	6	0	1	5	0	40
4	0	0	1	0	0	0	0	0	0	1	0	0	1	0	0	1	1	0	3	0	1	0	8
5	0	0	1	1	0	0	0	2	0	1	0	0	0	4	0	0	0	1	0	0	4	0	10
6	0	0	0	0	0	0	0	0	0	0	1	0	0	0	0	0	0	0	0	0	0	0	1
9	0	0	0	0	0	0	0	0	0	0	0	0	0	1	0	0	2	0	0	0	2	0	3
10	1	0	0	0	0	1	0	0	1	0	0	0	0	1	0	0	0	0	1	0	0	0	5
11	0	0	0	0	0	0	0	0	0	0	0	0	0	0	0	0	0	0	2	0	2	0	2
12	0	0	0	0	1	2	0	0	1	3	0	1	2	0	1	1	0	0	44	0	47	1	56
13	0	0	0	0	0	0	0	0	0	0	0	0	0	1	0	0	0	0	1	0	1	0	2
14	3	0	2	4	0	0	0	0	2	11	1	0	0	0	0	0	0	0	1	0	8	0	24
15	0	0	0	0	0	1	0	1	2	0	0	1	0	0	0	1	0	0	1	0	2	0	7
16	34	0	17	58	7	34	27	21	5	38	654	21	64	15	2	53	14	43	14	19	264	15	1140
17	9	1	5	8	3	13	5	3	3	8	83	8	6	4	0	7	3	11	6	2	48	1	188
18	0	0	1	1	0	1	1	0	1	6	8	0	0	0	0	0	0	0	1	0	9	0	20
19	0	0	0	0	1	0	0	0	0	0	0	0	0	0	0	0	0	2	0	0	0	0	3
20	0	0	1	0	0	1	0	0	0	0	0	0	0	0	0	0	0	0	0	0	1	0	2
21	1	0	0	0	0	1	0	0	0	1	0	0	0	1	0	0	0	0	0	0	0	0	4
22	128	18	121	114	21	169	2	28	1	67	30	68	93	72	0	69	85	83	11	23	27	0	1203
23	30	3	19	15	0	64	3	15	2	24	9	18	29	16	0	14	30	18	5	5	0	0	319
24	8	0	12	16	4	16	0	6	2	12	2	5	8	2	4	5	10	11	0	4	0	4	127
25	1	0	0	0	0	3	0	1	1	2	5	0	1	1	1	1	0	1	0	1	4	1	19
26	1	0	0	0	0	0	0	0	0	0	0	0	0	0	1	0	0	0	0	0	1	0	2
27	0	0	0	0	0	0	0	0	0	0	0	0	0	0	1	0	0	0	0	0	0	1	1
28	0	0	0	3	0	0	0	0	0	0	1	0	1	0	0	0	0	0	0	0	1	0	5
29	0	0	0	0	0	0	0	0	1	0	0	0	0	0	0	0	0	0	0	0	1	0	1
30	0	0	0	0	0	0	0	0	0	0	0	0	0	0	1	1	0	0	0	0	1	0	2
31	1	0	0	0	0	0	0	0	0	0	0	0	1	0	0	1	0	0	0	0	0	0	3
32	0	0	0	0	0	1	0	0	0	0	0	1	0	0	0	0	0	1	1	0	0	0	4
33	0	0	0	0	0	0	0	1	0	0	0	0	0	0	0	1	0	1	0	0	0	0	3
34	0	0	0	0	0	0	3	0	0	0	0	0	0	0	0	0	0	1	0	0	0	0	4
35	0	0	0	2	0	0	1	0	0	1	0	0	0	0	0	0	0	0	0	0	0	0	4
38	58	5	39	28	15	40	0	43	3	45	5	21	41	13	0	17	19	22	3	5	3	1	422
39	17	0	5	8	5	5	0	6	0	5	3	2	6	1	1	4	4	7	0	2	2	0	81
40	1	0	0	0	0	0	0	0	0	0	0	0	1	0	0	0	1	0	0	0	0	0	3
41	0	0	0	0	0	1	0	0	0	0	0	0	0	0	0	0	0	0	0	0	0	0	1
42	10	0	0	0	1	1	0	0	3	1	9	0	0	3	0	58	9	0	0	0	84	0	95
43	1	0	0	0	1	1	0	1	2	0	0	0	0	1	0	10	2	0	0	0	12	0	19
44	1	0	0	0	0	0	0	0	0	1	0	0	0	0	1	0	0	0	0	0	0	0	3
45	0	0	1	0	0	2	0	0	0	0	0	0	0	0	0	0	1	0	0	1	1	0	5
47	0	0	0	0	0	0	0	1	0	1	0	0	0	0	0	0	0	0	0	0	0	0	2
48	0	0	0	0	0	0	0	0	0	0	0	0	0	0	0	0	0	0	0	1	0	0	1
49	0	0	0	0	0	0	0	0	0	0	0	0	0	0	1	0	0	0	0	0	1	0	1
50	0	0	0	0	0	0	0	1	0	0	0	0	0	0	0	0	0	0	0	0	1	0	1
51	0	1	2	0	0	0	0	0	0	0	0	0	0	0	0	0	0	0	0	0	1	0	3
52	0	0	0	0	1	0	0	0	0	0	0	0	0	0	1	0	0	0	0	0	0	1	2
53	0	0	0	0	0	2	0	0	0	0	0	0	0	0	0	1	0	0	0	0	0	0	3
54	0	0	1	1	0	0	0	0	0	0	0	1	1	0	0	1	1	0	0	0	0	0	6
55	0	0	0	0	0	0	0	0	0	1	0	0	0	0	0	0	0	0	0	0	0	0	1
56	0	0	0	1	0	0	0	0	0	0	0	0	0	0	0	0	0	0	0	0	0	0	1
57	0	0	0	0	0	0	0	0	1	0	0	0	0	0	0	0	0	0	0	0	1	0	1
58	2	0	0	0	0	1	0	0	1	0	0	0	0	0	0	0	0	0	0	0	0	0	4
60	0	0	0	0	0	0	0	0	0	0	0	0	0	0	0	1	0	0	0	0	0	0	1
62	0	0	0	0	0	1	0	0	0	0	0	0	0	0	0	0	0	0	0	0	0	0	1
63	2	0	0	0	1	0	0	0	0	0	0	0	0	1	0	1	0	0	0	0	1	0	5
64	1	0	0	0	0	0	0	1	0	1	0	0	0	0	0	4	0	0	0	1	5	0	8
65	0	0	0	0	0	0	0	0	0	1	0	0	0	0	0	0	0	0	0	0	1	0	1
66	1	0	0	0	0	0	0	0	0	2	0	0	0	0	0	1	0	0	0	0	2	0	4
69	1	0	0	1	0	0	0	0	0	0	0	0	0	0	0	0	0	0	0	0	0	0	2
70	0	0	0	0	0	1	0	0	0	0	0	0	0	0	0	0	2	0	0	0	1	0	3
72	0	0	0	0	0	0	0	0	0	0	0	0	0	0	1	0	0	0	0	0	0	1	1
77	0	0	0	0	0	0	0	0	0	0	0	0	0	0	0	1	0	0	0	0	0	0	1
79	0	0	0	0	0	0	0	0	0	0	0	0	0	0	0	1	0	0	0	0	0	0	1
80	0	0	1	0	0	0	1	0	0	0	0	1	0	0	0	1	0	0	0	0	0	0	4
84	0	0	0	1	0	0	1	0	0	0	0	0	0	0	0	0	0	0	0	0	0	0	2
87	0	0	0	0	0	0	0	0	0	0	0	0	0	0	1	0	0	1	0	0	1	0	2
88	0	0	0	1	0	0	0	0	0	0	0	0	0	0	0	0	0	0	0	0	0	0	1
90	0	0	0	0	0	1	0	0	0	0	0	0	0	0	0	0	0	0	0	0	0	0	1
91	0	0	0	0	0	0	0	0	0	0	0	0	1	0	0	0	0	0	0	0	0	0	1
93	0	0	0	0	0	0	0	0	0	1	0	0	0	0	0	0	0	0	0	1	0	0	2
99	0	0	1	0	0	0	1	0	0	0	0	0	0	0	0	0	0	0	0	0	0	0	2
100	0	0	0	0	0	0	0	0	2	0	0	0	1	0	0	0	0	0	0	0	2	0	3
101	0	0	0	0	0	0	0	0	0	0	0	0	1	0	0	0	0	0	0	0	0	0	1
102	1	0	0	0	0	1	0	0	0	0	0	0	0	0	0	0	0	0	0	0	0	0	2
105	0	0	0	0	0	0	1	0	0	0	0	0	0	0	0	0	0	0	0	0	0	0	1
106	0	0	1	0	0	0	0	0	0	0	0	0	0	0	0	0	0	0	0	0	1	0	1
108	0	0	0	0	0	0	0	1	0	0	0	0	0	2	0	1	0	0	0	0	0	0	4
109	0	0	0	0	0	0	0	0	0	0	0	1	0	0	0	0	0	0	0	0	0	0	1
114	0	0	0	0	0	0	0	0	0	0	0	0	0	1	1	0	0	0	0	0	1	0	2
115	0	0	0	1	0	0	0	0	0	0	0	0	0	0	0	0	0	0	0	0	0	1	1
116	0	0	0	0	0	0	0	0	0	0	0	0	0	0	0	0	0	1	0	0	0	0	1
117	0	0	0	0	0	0	0	0	0	0	0	0	0	0	0	0	0	0	0	1	0	0	1
121	0	0	0	0	0	0	0	0	0	1	0	0	0	0	0	0	0	0	0	0	1	0	1
128	3	0	1	0	1	2	0	4	4	2	0	1	4	0	1	0	1	1	0	1	4	5	26
129	0	0	1	4	0	0	0	0	0	0	0	0	0	0	0	3	0	0	0	1	0	4	9
130	0	0	0	0	0	0	0	0	0	0	0	0	0	0	0	1	0	0	0	0	0	0	1
134	0	0	0	0	0	0	0	0	0	1	0	0	0	0	0	0	0	0	0	0	1	0	1
135	0	0	1	0	0	0	0	0	0	0	0	0	0	0	0	0	0	0	0	0	0	0	1
141	0	0	0	0	0	0	0	0	0	0	0	0	0	0	0	0	1	0	0	0	0	0	1
143	0	0	0	1	0	0	0	0	0	0	0	0	0	0	0	0	0	0	0	0	0	0	1
144	2	0	0	0	0	0	0	0	0	0	0	0	1	0	0	0	0	0	0	0	0	0	3
145	0	0	0	0	0	0	0	0	0	0	0	0	0	0	0	0	0	0	0	1	0	0	1
147	0	0	0	0	2	0	0	0	0	0	0	0	0	0	0	0	0	0	0	0	2	0	2
151	1	0	0	1	0	1	0	0	0	0	0	0	0	0	0	0	0	0	0	0	1	0	3
152	6	44	1	12	1	2	0	1	1	4	0	1	0	0	0	4	1	3	0	0	22	1	81
153	1	5	0	1	0	0	0	0	0	3	1	0	0	0	0	3	0	0	0	0	5	0	14
154	0	0	0	0	0	0	0	0	0	0	0	0	0	0	0	1	1	0	0	0	1	0	2
156	8	0	0	2	0	1	0	4	3	2	3	0	1	0	0	0	1	3	0	1	8	3	29
157	6	0	0	0	0	0	0	0	1	1	0	1	0	0	0	0	1	1	0	1	2	1	12
160	0	0	0	0	0	0	0	0	0	0	0	1	0	0	0	0	0	0	0	0	1	0	1
162	0	0	0	0	0	0	0	0	0	0	0	0	0	0	1	0	0	0	0	0	1	0	1
167	1	0	0	1	0	0	0	0	0	0	0	0	0	0	0	0	0	0	0	0	0	1	2
172	0	0	0	0	0	0	0	2	0	0	4	0	0	0	0	0	0	0	0	0	6	0	6
173	0	0	0	0	0	0	0	0	0	0	1	0	1	0	0	0	0	0	0	0	1	0	2
174	0	0	0	0	0	0	0	0	0	0	1	0	0	0	0	0	0	0	0	0	0	0	1
175	0	0	0	0	0	0	0	0	0	0	0	0	0	0	0	0	0	0	1	0	0	0	1
177	0	0	0	0	0	0	0	0	0	0	0	0	0	1	0	0	0	0	0	0	1	0	1
178	0	0	0	0	0	0	0	0	0	0	0	0	0	0	0	1	0	0	0	0	1	0	1
181	1	0	0	0	0	0	0	1	0	0	0	0	0	0	0	0	0	0	0	0	1	0	2
182	0	0	0	0	0	0	0	0	0	2	0	0	0	0	0	0	0	0	0	0	2	0	2
183	1	0	0	0	0	0	0	0	0	0	0	0	0	0	0	0	0	0	0	0	1	0	1
184	0	0	0	0	0	0	0	0	0	0	0	0	0	0	0	0	0	1	0	0	0	0	1
186	0	0	0	0	0	0	0	0	2	0	0	0	0	0	0	0	0	0	0	0	2	0	2
188	0	0	0	1	0	0	0	0	2	0	0	0	0	0	0	0	0	0	0	0	1	0	3
189	0	0	2	1	0	0	0	0	1	0	0	0	0	0	0	0	0	0	0	0	0	0	4
196	0	0	0	0	0	0	0	0	1	0	0	0	0	0	0	2	0	0	0	0	0	1	3
199	0	0	0	1	0	0	0	0	0	0	0	0	0	0	0	0	1	1	0	0	0	0	3
