 	A	C	D	E	F	G	H	I	K	L	M	N	P	Q	R	S	T	V	W	Y	Nterm	Cterm	Sum
-105	0	0	0	0	0	0	0	0	0	0	0	0	0	0	0	0	0	0	0	1	0	0	1
-102	0	0	0	0	0	0	0	0	0	0	0	0	0	0	0	0	0	0	0	4	0	0	4
-101	0	0	0	0	0	0	0	0	0	0	0	0	0	0	0	0	0	0	1	0	0	0	1
-99	0	0	0	0	0	0	0	0	0	0	0	0	0	0	1	0	0	0	0	0	0	1	1
-98	0	0	0	0	0	0	0	0	0	0	0	0	0	0	1	0	0	0	0	0	0	0	1
-96	0	0	0	0	0	0	0	0	0	0	0	0	0	0	1	0	0	0	0	0	0	0	1
-90	0	1	0	0	0	0	0	0	0	0	0	0	0	0	0	0	0	0	0	0	0	0	1
-88	0	0	0	0	1	0	0	0	0	0	0	0	0	0	0	0	0	0	0	0	1	0	1
-87	0	0	0	0	0	0	0	0	0	0	0	0	0	0	1	0	0	0	0	0	0	0	1
-83	0	0	0	0	0	0	0	0	0	0	0	0	0	0	1	0	0	0	0	0	0	0	1
-81	0	0	0	0	0	0	0	0	0	0	0	0	0	0	1	0	0	0	0	0	0	0	1
-76	0	0	0	0	1	0	0	0	0	0	0	0	0	0	0	0	0	0	0	0	0	0	1
-73	0	0	0	0	0	0	0	0	0	0	0	0	0	0	1	0	0	0	0	0	0	0	1
-72	0	0	0	0	0	0	0	0	0	0	0	0	0	0	1	0	0	0	0	0	0	0	1
-71	0	0	0	0	0	0	0	0	1	0	0	0	0	0	0	0	0	0	2	0	0	0	3
-69	0	0	0	1	0	0	0	0	0	0	0	0	0	0	1	0	0	0	0	0	0	0	2
-67	0	0	0	0	0	0	0	0	0	0	2	0	0	0	0	0	0	0	1	0	2	0	3
-64	0	0	0	0	0	0	0	0	0	0	0	0	0	1	0	0	0	0	0	0	0	0	1
-63	0	0	0	0	1	0	0	0	0	0	0	0	0	0	0	0	0	0	0	0	0	0	1
-61	0	0	0	0	0	0	4	0	0	0	0	0	0	0	1	0	0	0	0	0	0	0	5
-60	0	0	0	0	0	0	1	0	0	0	0	0	0	0	0	0	0	0	0	0	0	0	1
-59	0	0	0	1	1	0	0	0	0	0	0	0	0	0	1	0	0	0	0	0	0	0	3
-58	0	0	1	0	0	0	0	0	0	0	3	0	0	0	0	0	0	0	0	0	0	0	4
-57	0	0	0	0	0	0	0	0	1	0	0	0	0	0	1	0	0	0	0	0	0	0	2
-56	0	0	0	0	0	0	0	0	0	1	0	0	0	0	1	0	0	0	0	0	0	1	2
-55	0	0	0	0	0	0	0	1	0	0	0	0	0	0	1	0	0	0	0	0	0	0	2
-54	0	0	0	1	0	0	0	0	0	0	0	0	0	0	0	0	0	0	0	0	0	0	1
-53	0	0	0	0	1	0	0	0	0	0	0	0	0	0	0	0	0	0	0	0	0	0	1
-52	0	0	0	0	0	0	0	0	0	0	0	0	0	0	0	0	0	0	1	0	0	0	1
-51	0	0	0	0	0	0	0	0	0	0	0	1	0	0	1	0	0	0	0	0	0	0	2
-50	0	0	0	0	1	0	0	0	0	0	0	0	0	0	0	0	0	0	0	0	1	0	1
-49	0	0	0	0	0	0	0	0	1	0	0	0	0	0	0	0	0	0	0	0	0	1	1
-48	0	0	0	0	1	0	0	0	1	1	11	0	0	1	0	0	0	0	1	0	7	1	16
-47	0	0	0	0	0	0	0	0	3	0	0	1	0	0	0	0	0	0	0	0	0	1	4
-46	0	0	0	0	0	0	0	0	1	0	0	0	0	0	0	0	0	0	0	0	0	0	1
-44	0	0	0	0	1	0	0	0	1	0	0	0	0	0	0	0	0	0	0	0	0	1	2
-42	0	0	0	0	0	0	0	2	1	1	0	0	0	0	0	0	1	0	0	0	0	0	5
-41	0	0	0	0	0	0	0	0	0	0	0	1	0	0	1	0	0	0	0	0	0	0	2
-40	0	0	0	0	0	0	0	0	0	0	0	0	0	0	0	0	0	1	0	0	0	0	1
-39	0	0	0	0	0	0	0	0	1	0	0	0	0	0	1	0	0	0	1	0	0	1	3
-37	0	0	0	0	0	0	0	0	0	0	0	0	0	1	0	0	0	1	0	0	0	0	2
-36	0	0	0	0	0	0	0	0	1	0	0	0	1	0	0	0	3	0	0	0	0	0	5
-35	0	0	0	0	0	0	0	0	0	0	0	2	0	0	0	0	1	0	0	0	0	0	3
-34	0	0	0	0	0	0	1	0	0	0	0	1	0	0	0	0	0	0	0	0	2	0	2
-29	0	0	0	0	0	0	0	0	0	0	0	0	0	1	0	0	0	1	0	0	0	0	2
-28	0	0	0	0	0	0	1	0	0	0	0	0	1	0	0	0	0	0	0	0	1	0	2
-27	0	0	0	0	0	0	0	0	0	0	0	0	0	1	0	0	0	0	0	0	0	0	1
-26	0	0	2	0	0	0	0	0	0	1	0	0	0	1	0	0	0	0	0	0	0	0	4
-25	0	0	0	11	0	0	0	0	0	1	0	0	0	0	0	1	0	0	0	0	0	0	13
-23	0	0	0	1	0	0	0	0	0	0	0	0	0	0	0	0	0	0	0	0	0	0	1
-22	0	0	0	0	0	0	0	0	0	0	0	0	1	0	0	0	0	0	0	0	0	0	1
-20	0	0	0	0	0	0	0	0	0	0	0	0	0	0	0	1	0	1	0	0	0	0	2
-19	0	0	0	1	0	0	1	0	0	0	0	0	2	0	1	0	0	0	0	0	1	0	5
-18	0	0	74	44	7	0	2	1	1	27	4	5	9	39	0	26	31	8	0	4	71	0	282
-17	0	28	17	10	0	0	11	14	12	24	6	70	9	155	0	13	37	12	14	12	199	2	444
-16	0	5	5	5	3	0	2	1	1	5	0	8	4	28	0	3	3	1	0	1	29	1	75
-15	0	1	9	0	0	0	1	1	0	0	0	4	1	8	0	1	3	0	2	0	8	0	31
-14	0	1	0	0	0	0	0	0	3	2	0	2	0	0	0	1	0	0	0	0	1	0	9
-13	0	0	0	0	0	0	0	0	0	0	0	0	0	0	2	0	0	0	0	0	0	0	2
-12	0	0	0	1	0	0	0	1	0	0	0	0	0	0	0	0	0	1	0	0	1	0	3
-11	0	0	0	1	1	0	0	0	0	1	0	0	0	1	0	0	0	0	0	0	2	0	4
-10	0	0	1	0	0	0	0	0	0	0	0	0	0	0	0	0	0	0	0	0	0	0	1
-9	0	8	1	0	0	0	0	0	0	1	0	1	0	0	0	0	0	0	0	0	0	0	11
-8	0	0	0	0	0	0	0	0	0	0	0	0	0	0	1	0	0	1	0	0	0	0	2
-7	0	0	1	2	0	0	0	0	0	0	0	0	0	0	0	0	0	0	0	0	0	0	3
-6	0	0	0	0	0	0	0	0	0	0	0	1	0	1	0	0	1	0	0	0	1	0	3
-5	0	0	0	0	0	0	0	0	0	0	0	0	0	0	0	0	1	0	0	0	0	0	1
-4	0	0	1	0	0	0	0	0	0	0	0	0	0	0	2	0	1	0	0	0	1	0	4
-3	0	0	1	0	0	0	0	0	2	1	0	0	0	2	0	2	1	0	0	0	2	2	9
-2	13	4	7	6	7	0	2	10	11	19	198	8	1	13	6	12	8	18	7	5	251	7	355
-1	17	3	7	22	8	0	4	25	12	16	32	15	8	10	7	6	16	26	1	4	127	13	239
1	403	58	205	232	116	347	122	337	146	397	100	439	218	232	50	185	235	346	39	122	866	91	4329
2	45	6	30	37	11	48	9	46	15	52	19	59	34	38	2	32	42	49	4	13	98	4	591
3	4	1	3	3	1	4	1	3	1	6	0	3	5	3	0	3	3	7	0	0	5	0	51
4	1	1	0	2	0	0	0	3	0	1	0	0	0	0	0	0	0	0	3	0	3	0	11
5	1	2	1	2	0	3	0	0	0	0	2	0	0	3	0	0	0	0	2	0	4	0	16
7	2	5	2	0	0	3	0	0	0	0	2	0	0	0	0	0	0	0	0	0	0	0	14
8	0	0	0	0	0	0	0	0	0	0	1	0	0	0	0	0	0	0	0	0	0	0	1
9	1	0	0	0	0	0	0	0	0	1	0	0	1	0	0	0	0	0	0	0	0	0	3
10	0	0	1	0	0	1	0	0	0	0	0	0	0	0	0	0	0	1	0	0	0	0	3
11	0	0	1	0	0	0	0	0	0	0	0	1	0	0	0	0	0	0	0	0	0	0	2
12	1	0	0	2	1	0	1	1	0	0	0	9	0	0	0	1	0	0	47	0	57	0	63
13	0	0	0	0	0	0	0	1	0	0	0	1	0	0	0	0	0	1	0	0	1	0	3
14	1	1	1	4	0	0	0	0	3	2	3	0	0	1	0	0	0	0	0	0	5	0	16
15	0	0	0	0	0	1	0	0	5	0	1	0	0	1	0	0	0	0	0	0	2	0	8
16	58	18	36	37	5	32	21	13	11	32	939	26	25	23	6	36	72	36	57	8	411	6	1491
17	5	0	4	3	0	5	4	3	4	7	77	12	2	5	0	9	8	7	11	1	57	0	167
18	0	0	0	0	0	0	0	0	1	5	4	1	0	0	0	1	0	2	2	0	7	0	16
19	0	0	0	0	0	0	0	0	2	1	0	0	0	0	0	0	0	0	0	0	1	0	3
20	0	0	0	0	0	1	0	0	0	0	0	0	0	0	1	0	0	0	0	0	2	0	2
21	0	3	0	0	0	1	0	0	0	0	0	0	0	0	0	1	0	0	0	0	0	0	5
22	74	9	61	60	18	99	0	20	1	35	17	31	55	30	1	37	25	40	2	13	10	1	628
23	10	0	9	13	3	17	0	2	1	10	2	9	10	5	0	6	8	18	1	4	0	0	128
24	5	0	5	7	0	4	0	4	0	3	0	2	5	0	0	1	0	2	0	2	0	0	40
25	0	0	0	0	0	0	0	0	0	0	2	0	0	0	0	0	0	0	0	1	2	0	3
26	1	0	0	0	0	0	1	0	0	0	1	0	0	0	0	0	0	0	0	0	0	0	3
27	0	0	2	0	0	0	0	0	0	0	0	0	0	0	0	0	0	0	0	0	2	0	2
28	2	0	0	2	1	3	0	0	0	0	2	1	0	0	0	6	0	0	0	0	3	0	17
29	0	0	0	0	0	1	0	0	0	1	0	0	0	0	1	1	0	1	0	0	0	1	5
30	1	0	0	0	0	0	0	0	0	0	0	0	0	0	0	0	0	0	0	0	0	0	1
31	0	0	0	0	0	0	0	0	0	0	0	0	1	0	0	0	1	0	2	0	2	0	4
32	1	1	0	1	0	0	0	0	0	0	9	0	0	0	0	0	0	2	23	1	23	0	38
33	0	0	0	0	0	0	1	2	0	1	1	0	0	0	0	0	1	1	6	0	3	0	13
34	0	0	0	0	0	0	0	0	0	0	0	0	0	1	0	0	0	0	0	0	0	0	1
37	0	0	1	1	0	0	0	0	0	0	0	0	0	0	0	0	0	0	0	0	0	0	2
38	33	2	10	12	4	16	0	33	0	12	5	7	17	2	0	4	11	11	0	3	2	0	182
39	17	0	2	6	1	4	0	12	0	2	0	2	2	0	0	1	3	5	1	0	1	0	58
40	1	0	0	1	0	0	0	0	0	0	0	0	0	0	0	0	1	0	0	0	0	0	3
41	0	0	0	0	0	0	0	0	0	0	0	0	0	0	0	0	0	1	0	0	0	0	1
42	11	0	1	1	0	0	0	0	0	1	8	0	0	4	0	56	11	3	0	0	86	0	96
43	1	0	0	0	0	3	0	0	0	0	0	2	0	1	0	6	4	0	0	0	13	0	17
44	1	0	0	1	0	0	0	0	0	0	0	0	0	0	0	0	0	1	0	0	0	0	3
45	4	0	0	3	0	0	0	0	0	0	0	0	1	0	0	0	0	0	0	0	1	0	8
50	0	0	0	1	0	0	0	1	0	0	0	0	0	0	0	0	0	0	0	0	1	0	2
51	0	0	2	1	0	0	0	0	0	0	0	0	0	0	0	0	0	0	0	0	1	0	3
53	0	0	1	0	0	0	1	0	0	0	0	0	0	0	0	0	0	0	0	0	0	0	2
54	0	0	0	0	0	0	0	0	0	1	0	0	0	0	0	0	0	0	0	0	0	0	1
55	0	0	0	0	0	0	0	0	0	0	2	0	1	0	0	0	0	0	0	0	2	0	3
56	1	0	0	0	0	0	0	0	0	0	1	0	0	1	0	0	1	0	0	0	1	0	4
57	4	0	0	0	0	3	1	0	0	3	0	0	3	0	0	0	2	3	0	0	14	0	19
58	1	0	1	0	0	2	0	0	0	1	0	0	3	1	0	0	0	0	0	0	6	0	9
59	1	0	0	0	0	2	0	0	0	1	0	2	0	0	0	0	0	1	0	0	3	0	7
60	0	0	0	2	1	0	0	0	0	0	0	0	0	1	0	0	0	0	8	0	8	0	12
61	0	0	0	0	0	0	0	0	0	0	0	0	0	1	0	0	0	0	0	2	2	0	3
62	0	0	0	0	0	0	0	0	2	0	0	0	0	0	0	0	0	0	0	0	0	0	2
63	0	0	0	0	1	0	0	0	0	0	0	0	1	0	0	0	0	0	0	0	1	0	2
64	2	0	0	0	0	0	0	1	0	1	0	0	0	1	0	2	0	0	0	0	1	0	7
66	0	0	0	0	0	0	0	0	0	0	0	1	0	0	0	0	0	0	0	0	0	0	1
69	0	0	0	0	0	0	0	0	1	0	0	0	0	0	0	0	0	0	0	0	0	0	1
70	0	0	1	0	0	0	0	0	0	0	1	0	0	1	0	0	0	0	0	0	1	0	3
71	0	0	0	0	0	0	0	1	0	0	0	0	0	0	0	0	0	0	0	0	0	0	1
73	0	0	0	0	0	0	0	0	0	1	0	0	0	0	0	0	0	0	0	0	0	0	1
74	0	0	0	1	0	1	0	0	0	0	0	0	0	0	0	2	0	0	0	0	2	0	4
75	0	0	0	0	0	2	0	0	4	0	0	0	0	0	0	0	0	0	0	0	0	0	6
76	0	0	0	0	0	0	0	1	0	0	0	0	0	0	1	0	0	0	0	0	0	0	2
77	0	0	0	2	0	3	0	3	0	0	0	0	0	0	0	0	0	0	0	0	2	0	8
78	0	0	0	1	0	0	0	0	0	0	0	0	0	0	1	0	0	0	0	0	0	0	2
79	0	0	0	0	0	0	0	0	0	0	0	0	0	0	1	0	0	0	0	0	0	1	1
80	0	0	0	0	0	0	2	0	0	0	0	0	0	0	0	2	0	0	0	0	0	0	4
81	0	0	0	1	0	1	0	0	0	0	0	0	4	1	0	1	0	0	0	0	0	0	8
84	0	0	1	2	0	0	0	0	0	3	0	0	0	0	0	1	0	0	0	0	2	0	7
85	0	0	0	0	0	0	0	0	0	0	0	0	0	0	1	0	0	0	0	0	0	0	1
86	0	0	0	0	0	1	0	0	2	0	0	0	0	0	0	0	0	1	0	0	0	0	4
87	0	0	0	0	0	1	0	0	0	0	0	0	0	0	0	1	0	0	0	0	0	0	2
88	0	0	1	3	0	0	0	0	0	0	0	0	1	0	0	0	1	0	0	0	4	0	6
90	0	0	0	0	0	0	0	0	0	0	0	0	0	0	0	0	1	1	0	0	0	0	2
91	0	0	0	0	0	0	0	2	0	0	0	0	0	0	0	0	0	0	1	1	0	0	4
92	0	0	0	0	0	0	0	1	0	0	0	0	0	0	0	0	0	0	0	0	0	0	1
93	0	0	0	0	0	0	0	0	0	0	0	0	0	0	0	0	0	0	1	0	0	0	1
95	0	0	0	0	0	0	0	1	0	0	0	0	0	0	0	0	0	0	0	0	0	0	1
97	0	0	0	0	0	1	0	0	0	1	0	0	0	0	2	0	0	0	0	0	0	2	4
98	0	0	0	0	0	0	0	0	0	0	0	0	0	0	0	0	0	0	0	1	1	0	1
102	0	0	0	1	0	0	0	0	0	0	0	0	0	0	0	0	0	0	0	0	0	0	1
103	0	0	2	0	0	0	0	0	0	0	0	0	0	0	0	0	0	0	0	0	0	0	2
104	0	0	0	0	1	0	0	0	0	0	0	0	0	0	0	0	0	0	0	0	0	0	1
105	0	0	0	0	0	0	0	0	0	0	0	0	0	0	0	0	0	2	0	0	2	0	2
106	1	0	0	0	0	0	0	0	0	0	0	0	0	0	0	0	0	0	0	0	0	0	1
108	0	0	0	0	0	0	0	0	0	0	0	0	1	0	0	0	0	0	0	0	0	0	1
109	0	0	0	0	1	0	0	0	0	0	0	0	0	0	0	0	1	0	0	0	1	0	2
111	0	0	0	0	0	0	0	0	0	0	0	0	0	0	0	2	0	0	0	0	0	0	2
115	0	0	0	0	0	0	0	2	0	0	0	0	0	0	0	0	0	0	0	0	0	0	2
120	0	0	0	0	0	0	0	0	0	1	0	0	0	0	0	0	0	0	0	0	0	0	1
125	0	0	0	0	0	0	0	0	0	0	0	0	0	0	0	0	1	0	0	0	0	0	1
127	0	0	0	0	0	0	0	0	0	0	0	0	0	0	0	0	1	0	0	0	0	0	1
128	3	0	1	1	1	3	0	5	1	0	2	2	3	0	0	0	1	4	0	0	3	1	27
129	0	0	0	10	0	1	0	1	0	0	0	2	3	0	0	3	0	0	0	0	1	9	20
130	0	0	0	2	0	1	0	0	0	0	0	0	0	0	0	0	0	0	0	0	0	2	3
131	0	0	0	1	0	0	0	0	0	0	0	0	0	0	0	0	0	0	0	0	1	0	1
133	0	0	0	0	0	0	0	0	0	0	0	0	0	1	0	0	0	0	0	0	0	0	1
135	0	0	0	0	0	0	0	1	0	0	0	0	0	0	0	0	1	0	0	0	0	0	2
137	0	0	0	0	0	0	0	0	0	0	0	0	0	1	0	0	0	0	0	0	0	0	1
144	1	0	0	0	1	0	0	1	0	0	0	0	0	0	0	0	0	1	0	0	1	0	4
145	0	0	0	0	0	0	0	0	0	0	0	0	0	1	0	0	0	1	0	0	1	0	2
146	0	0	0	0	1	0	0	0	0	0	0	0	0	0	0	0	0	0	0	0	0	0	1
147	0	0	2	0	2	0	0	0	0	1	0	1	0	0	0	0	1	0	0	0	4	0	7
155	0	0	0	0	0	0	0	0	0	0	1	0	0	0	0	0	0	0	0	0	1	0	1
156	14	1	0	2	0	5	0	4	4	3	3	1	3	0	3	3	3	7	0	3	15	7	59
157	2	2	1	1	0	1	0	0	0	0	0	1	0	0	0	0	0	0	0	1	2	0	9
159	1	0	0	0	0	0	0	0	0	0	0	0	0	0	0	0	0	0	0	0	1	0	1
161	0	0	0	0	1	0	0	0	0	0	0	0	0	0	0	0	0	0	0	0	0	0	1
163	0	0	0	0	0	0	0	0	0	0	1	0	0	1	0	0	0	0	0	0	1	0	2
172	0	0	0	1	0	0	0	0	0	0	3	0	0	1	0	0	0	0	0	0	3	0	5
173	1	0	1	0	0	1	0	0	0	0	0	0	0	0	0	0	0	1	0	0	0	0	4
182	0	0	0	0	0	0	0	0	0	1	0	0	0	0	0	0	0	0	0	0	1	0	1
184	2	0	0	0	0	0	0	0	1	0	0	0	0	0	0	0	0	0	0	0	1	0	3
187	0	0	0	0	0	1	0	0	0	0	0	0	0	0	0	0	0	0	0	0	0	0	1
188	0	0	1	0	0	0	0	0	1	0	0	0	0	0	0	0	0	0	0	0	0	0	2
189	1	0	1	1	0	1	0	0	3	0	0	0	0	0	0	0	0	0	0	0	0	0	7
196	0	0	0	0	0	0	0	0	0	2	0	0	0	0	0	0	0	0	0	0	0	0	2
198	0	0	0	0	0	1	0	0	0	0	0	0	0	0	0	0	0	0	0	0	1	0	1
