 	A	C	D	E	F	G	H	I	K	L	M	N	P	Q	R	S	T	V	W	Y	Nterm	Cterm	Sum
-124	0	0	0	0	0	0	0	0	0	0	0	0	0	0	0	0	0	0	1	0	0	0	1
-122	0	0	0	0	0	0	0	0	0	0	0	0	0	0	0	0	0	0	5	0	0	0	5
-106	0	0	0	0	0	0	0	0	0	0	0	0	0	0	0	0	0	0	0	1	0	0	1
-102	0	0	0	0	0	0	0	0	0	0	0	0	0	0	0	0	0	0	0	5	0	0	5
-89	0	0	0	0	1	0	0	0	0	0	0	0	0	0	0	0	0	0	0	1	0	0	2
-87	0	0	0	0	0	0	0	0	0	0	0	0	0	0	1	0	0	0	0	0	0	0	1
-78	0	0	0	0	1	0	0	0	0	0	0	0	0	0	0	0	0	0	0	0	0	0	1
-77	0	0	0	0	0	0	0	0	0	0	0	0	0	0	1	0	0	0	0	0	0	0	1
-76	0	0	0	0	0	0	0	0	0	0	0	0	0	0	1	0	0	0	0	0	0	0	1
-71	0	0	0	0	0	0	0	0	1	0	0	0	0	1	0	0	0	0	0	0	0	0	2
-68	0	0	0	1	0	0	0	0	0	0	0	0	0	0	0	0	0	0	0	0	0	0	1
-62	0	0	0	0	0	0	0	0	0	0	1	0	0	0	0	0	0	0	0	1	0	0	2
-61	0	0	0	0	2	0	6	0	0	0	0	0	0	0	0	0	0	0	0	0	0	0	8
-60	0	0	0	0	0	0	1	0	0	0	0	0	0	0	0	0	0	0	0	0	1	0	1
-59	0	0	0	0	0	0	1	0	0	0	0	0	0	0	0	0	0	0	0	0	0	0	1
-58	0	0	0	0	0	0	0	0	1	0	0	0	0	0	0	0	0	0	0	0	0	0	1
-51	0	0	0	0	0	0	0	0	0	0	0	0	0	0	1	0	0	0	0	0	0	0	1
-50	0	0	0	1	1	0	0	0	0	0	0	0	0	1	0	0	0	0	0	0	2	0	3
-48	0	0	0	0	0	0	0	0	0	3	21	0	0	1	0	0	0	0	0	1	9	0	26
-47	0	0	0	0	0	0	0	0	1	0	1	0	0	0	0	0	0	0	0	0	0	1	2
-43	0	1	1	0	0	0	0	0	0	0	0	0	0	0	0	0	1	0	0	0	1	0	3
-42	0	0	0	0	0	0	0	0	2	2	0	0	0	0	0	0	0	0	0	0	0	0	4
-40	0	0	0	0	0	0	0	0	0	0	0	0	0	0	0	0	1	0	0	0	1	0	1
-39	0	0	0	0	0	0	0	0	0	14	0	1	0	0	1	0	0	1	0	0	1	1	17
-38	0	0	0	0	0	0	0	0	0	0	3	0	0	0	0	0	0	0	0	0	0	0	3
-37	0	0	0	0	0	0	0	0	0	0	0	0	1	0	0	0	0	0	0	0	0	0	1
-36	0	0	0	0	0	0	0	0	0	0	0	0	0	0	0	0	3	0	0	0	0	0	3
-35	0	0	0	0	0	0	0	0	0	0	0	0	0	0	0	0	0	0	2	0	0	0	2
-34	0	0	0	0	0	0	0	2	0	0	0	0	0	0	0	0	0	0	0	0	0	0	2
-33	0	1	0	0	0	0	0	0	0	0	0	0	1	0	0	0	0	0	0	0	1	0	2
-30	0	0	0	0	0	0	0	0	0	0	0	1	0	0	0	0	0	0	0	0	0	0	1
-27	0	0	0	0	0	0	0	0	0	0	0	0	0	0	0	0	0	0	0	1	1	0	1
-26	0	0	0	0	0	0	0	0	0	0	0	1	0	0	0	1	0	0	0	0	1	0	2
-25	0	0	0	0	0	0	0	0	0	0	0	0	1	0	0	0	0	0	0	0	0	0	1
-24	0	0	0	0	0	0	0	1	0	0	0	0	0	0	0	0	0	0	0	0	0	0	1
-22	0	0	0	0	0	0	0	0	0	0	0	1	0	1	0	0	1	1	0	0	0	0	4
-20	0	0	1	0	0	0	0	0	0	0	0	0	0	0	0	0	0	0	0	0	0	0	1
-19	0	0	0	1	0	0	0	0	0	0	0	0	0	0	0	0	0	0	0	0	1	0	1
-18	0	0	12	22	5	0	0	5	1	28	1	2	7	28	1	17	35	7	0	5	54	0	176
-17	0	26	4	8	6	0	6	9	9	16	0	43	3	119	2	7	3	5	6	5	151	1	277
-16	0	3	1	1	0	0	2	3	1	0	0	4	1	22	0	2	2	2	1	2	20	1	47
-15	0	1	0	0	0	0	0	0	0	0	1	4	0	4	0	2	1	0	0	0	5	0	13
-12	1	0	0	0	0	0	0	0	1	0	0	0	0	0	0	0	0	0	0	0	1	0	2
-10	0	0	1	0	0	0	0	0	0	0	0	0	0	0	0	0	0	0	0	0	0	0	1
-9	1	6	0	0	0	0	0	0	0	0	0	0	0	0	0	0	0	0	1	0	0	0	8
-8	0	0	0	0	0	0	0	0	0	0	0	1	0	0	0	0	0	1	0	0	1	0	2
-7	0	0	1	1	0	0	0	0	0	0	0	0	0	0	0	0	0	0	0	0	0	0	2
-6	0	0	0	0	0	0	0	0	0	0	0	0	1	0	0	0	1	0	0	0	0	0	2
-5	0	0	0	0	0	0	0	0	0	1	0	0	0	0	0	0	0	0	0	0	0	0	1
-4	0	0	2	0	0	0	0	1	0	0	0	0	0	0	1	0	1	0	0	0	0	0	5
-3	0	0	0	0	1	0	0	1	0	2	0	0	0	0	0	0	0	0	0	0	1	0	4
-2	11	8	3	10	10	0	2	13	1	23	238	11	4	8	0	4	7	10	11	4	276	1	378
-1	7	2	3	7	4	0	1	9	7	17	23	7	0	5	2	9	8	12	2	6	90	3	131
1	227	33	99	181	62	147	66	161	84	231	45	172	143	122	22	93	127	233	23	62	423	39	2333
2	16	6	8	17	3	11	4	11	5	17	2	10	11	7	0	5	7	8	3	3	23	0	154
3	1	0	0	0	0	0	0	2	0	0	0	0	0	0	0	0	0	0	0	0	0	0	3
4	0	0	0	0	0	0	1	0	0	0	0	0	1	0	0	0	0	0	0	0	0	0	2
5	0	0	2	3	0	0	0	1	0	2	0	0	0	3	0	0	0	0	0	0	2	0	11
6	0	0	0	1	0	0	0	0	0	0	0	0	0	0	0	0	0	0	0	0	0	0	1
7	0	0	0	0	0	1	0	0	0	0	0	0	0	0	0	0	0	0	0	0	0	0	1
11	0	0	0	0	0	0	0	0	0	0	0	0	1	0	0	0	0	0	0	0	1	0	1
12	0	0	0	0	1	0	0	0	7	2	0	0	1	0	2	0	0	0	24	1	32	2	38
13	0	0	0	0	0	0	0	0	0	0	1	0	0	0	0	0	0	0	0	0	1	0	1
14	2	0	2	4	0	1	0	0	3	2	5	0	0	0	0	2	0	0	0	1	4	0	22
15	0	0	0	0	0	0	0	0	2	0	5	0	1	1	1	0	0	2	0	0	7	0	12
16	157	11	121	154	6	121	17	32	41	137	2263	72	133	44	16	107	65	93	51	29	857	25	3670
17	17	1	15	7	4	33	6	8	2	27	135	11	5	8	0	7	7	16	7	1	118	0	317
18	3	0	0	0	0	3	0	1	0	2	5	0	0	1	0	0	0	1	0	1	9	0	17
20	0	0	0	0	0	0	0	0	0	0	0	0	0	0	0	0	2	0	0	0	0	0	2
21	0	2	0	1	0	0	0	0	0	1	0	0	1	0	0	0	0	1	0	0	0	0	6
22	83	15	96	73	22	78	4	42	0	56	14	51	76	27	0	58	51	69	2	16	22	1	833
23	16	4	8	11	0	15	1	5	1	13	7	6	13	5	0	7	6	13	0	4	0	0	135
24	7	3	19	19	6	10	0	3	1	6	0	4	9	6	0	10	5	12	0	4	0	1	124
25	0	0	1	0	0	3	0	1	0	0	0	0	1	0	0	0	0	0	0	1	0	0	7
28	0	0	2	0	0	0	0	0	0	0	4	0	0	0	0	1	0	0	0	0	4	0	7
32	14	2	0	3	0	0	0	0	0	1	82	0	0	11	0	5	1	2	20	0	60	0	141
33	0	0	0	0	0	0	0	2	0	0	6	1	0	0	0	1	0	1	2	0	8	0	13
35	0	0	0	0	0	0	1	0	0	0	0	0	0	1	0	0	0	0	0	0	1	0	2
38	33	6	58	37	16	34	2	22	2	34	8	20	41	13	0	26	32	29	5	10	8	1	428
39	7	0	1	5	1	5	0	2	0	2	2	1	2	1	0	1	1	3	0	3	3	0	37
40	0	0	1	0	0	0	1	0	0	0	0	0	0	0	0	0	1	1	0	0	0	0	4
41	0	0	0	1	0	0	0	1	0	0	0	0	0	0	0	0	0	1	0	0	0	0	3
42	8	0	1	0	0	0	0	0	0	1	4	2	0	2	0	25	2	0	0	0	39	0	45
43	0	0	0	1	0	0	0	0	0	0	2	0	0	0	0	2	0	0	0	0	4	0	5
47	0	0	0	0	0	0	0	0	0	0	0	0	0	0	0	0	0	1	0	0	0	0	1
48	0	0	0	0	0	0	0	0	1	0	2	0	0	0	0	3	0	0	0	0	2	0	6
49	0	0	0	0	0	0	0	0	0	0	0	0	0	0	0	2	0	0	0	0	0	0	2
51	1	0	0	0	0	0	0	0	0	0	0	0	0	0	0	0	0	0	0	0	0	0	1
53	0	0	1	0	0	1	0	0	0	1	0	0	0	0	0	0	0	0	0	1	0	0	4
54	0	0	1	0	1	8	0	0	0	2	0	0	0	1	0	0	1	0	0	1	3	0	15
55	0	0	0	0	0	1	0	0	0	0	0	0	0	0	0	0	0	0	0	0	0	0	1
56	0	0	0	0	0	1	0	1	0	0	0	0	0	0	0	0	0	0	0	0	2	0	2
57	0	0	0	0	0	1	0	3	0	3	0	0	3	0	0	0	2	2	0	0	11	0	14
58	0	0	1	0	0	0	0	1	0	1	0	0	0	0	0	0	2	0	0	0	1	0	5
59	0	0	0	0	0	1	0	0	0	0	0	0	0	0	0	0	0	0	0	0	0	0	1
60	1	1	0	0	0	0	0	0	0	0	0	1	0	1	0	0	1	0	11	0	12	0	16
61	0	0	0	0	0	0	0	0	0	0	0	1	0	0	0	0	0	0	0	0	0	0	1
62	0	0	0	0	0	0	0	0	0	0	0	10	0	0	0	0	0	0	0	0	10	0	10
64	1	0	0	0	0	0	0	0	0	0	0	0	0	0	0	1	0	0	0	0	1	0	2
66	0	0	0	0	0	0	0	0	0	0	0	0	0	0	0	0	1	0	0	0	0	0	1
68	0	0	0	0	0	0	0	0	0	0	0	0	1	0	0	0	0	0	0	0	0	0	1
71	0	0	0	0	0	0	0	0	0	0	0	0	0	0	0	0	0	0	1	0	0	0	1
72	0	0	0	0	0	0	0	0	0	0	0	0	0	0	1	0	0	0	0	0	0	1	1
73	0	0	0	0	0	0	0	0	0	0	3	0	0	0	0	0	0	0	0	0	0	0	3
74	1	0	0	0	0	0	0	0	0	0	0	0	0	0	0	0	0	0	0	0	0	0	1
75	0	0	0	0	0	0	0	0	0	1	0	0	0	1	0	0	0	0	0	0	1	0	2
77	0	0	0	0	0	1	0	0	0	0	0	0	0	0	0	0	1	0	0	0	0	0	2
79	0	0	0	0	0	0	0	0	0	0	0	0	0	0	1	0	0	0	0	0	0	1	1
81	1	0	0	0	0	1	0	0	0	0	0	0	0	0	0	0	0	0	0	0	0	0	2
82	0	0	0	1	0	0	0	0	0	0	0	0	0	0	0	0	0	0	0	0	0	0	1
84	0	0	0	0	0	0	0	0	0	2	0	0	0	0	0	0	0	0	0	0	0	0	2
86	0	0	0	0	0	0	0	0	0	0	0	0	0	0	0	0	0	1	0	0	1	0	1
89	0	0	0	0	0	0	0	0	0	0	0	0	0	0	1	0	0	0	0	0	0	0	1
94	0	0	0	0	0	0	0	0	0	0	0	0	1	1	0	0	0	0	0	0	1	0	2
95	0	0	0	0	2	0	0	0	0	0	0	0	0	0	0	0	0	0	0	0	2	0	2
97	0	0	0	0	0	0	0	0	0	1	0	0	0	0	1	0	0	0	0	0	0	1	2
100	0	0	0	0	0	0	0	0	0	0	1	0	1	0	0	0	0	0	0	0	0	0	2
105	0	0	1	0	0	0	0	0	0	0	0	0	0	0	0	0	0	1	0	0	1	0	2
111	0	0	0	0	0	0	0	0	0	0	0	0	0	0	0	1	0	0	0	0	0	0	1
112	0	0	0	0	0	0	0	0	0	1	0	0	0	0	0	0	0	0	0	0	1	0	1
113	0	0	0	0	0	0	0	0	0	0	2	0	0	0	0	0	0	0	0	0	2	0	2
115	0	0	0	0	0	0	0	0	0	0	1	0	0	0	0	0	0	0	0	0	1	0	1
123	0	0	0	0	0	0	0	0	0	0	0	0	1	0	0	0	0	0	0	0	0	0	1
128	4	0	0	0	0	1	0	1	3	1	0	0	1	1	0	0	1	0	0	0	2	3	13
129	0	0	0	1	0	1	0	0	1	0	0	0	0	0	0	3	0	0	0	0	0	2	6
138	0	0	0	0	0	1	0	0	0	0	0	0	0	0	0	0	2	0	0	0	0	0	3
140	0	0	0	0	0	0	0	0	0	0	0	0	0	0	0	0	0	1	0	1	1	0	2
144	0	0	2	0	0	0	0	0	0	0	0	0	0	0	0	0	0	0	0	0	1	0	2
145	0	0	0	0	0	0	0	0	1	0	4	0	0	2	0	0	2	0	0	0	0	0	9
147	0	0	1	0	4	0	0	2	1	0	0	2	0	1	0	0	0	0	0	0	10	0	11
148	0	0	0	0	0	0	1	0	0	1	0	0	0	1	0	0	0	0	0	0	2	0	3
151	0	0	0	0	0	0	0	0	0	0	0	0	0	0	0	4	0	0	0	0	0	0	4
152	0	0	0	0	0	0	0	0	0	0	0	0	0	0	0	0	1	0	0	0	0	0	1
156	6	0	0	4	1	2	2	0	2	2	2	1	0	1	0	1	1	3	0	0	9	2	28
157	0	0	0	0	0	0	0	1	0	1	0	0	0	1	0	0	0	0	0	0	0	0	3
161	0	0	0	0	0	0	0	0	0	0	0	0	0	0	0	0	0	0	1	0	0	0	1
163	0	0	0	0	0	0	0	0	0	0	0	0	0	5	0	0	2	0	0	0	0	0	7
164	0	0	0	0	0	0	0	0	0	0	0	0	0	0	0	0	1	0	0	0	0	0	1
168	0	0	0	0	0	0	0	1	0	0	0	0	0	0	0	0	0	0	0	0	0	0	1
169	0	0	0	0	0	0	0	0	1	0	0	0	0	0	0	0	1	0	0	0	1	0	2
172	0	0	1	0	0	1	0	0	1	0	2	0	0	0	0	0	0	0	0	0	0	1	5
177	1	0	0	0	0	0	0	0	0	0	0	0	0	0	0	0	0	0	0	0	0	0	1
185	0	0	0	0	0	1	0	0	0	0	0	0	0	0	0	0	0	0	0	0	0	0	1
189	0	0	0	0	0	0	0	0	1	0	0	0	0	0	0	0	0	0	0	0	0	0	1
190	0	0	1	0	0	0	0	0	0	0	0	0	0	0	0	0	0	0	0	0	0	0	1
195	0	0	0	0	0	0	0	0	0	1	0	0	0	0	0	0	0	0	0	0	1	0	1
196	0	0	0	0	0	0	0	0	3	0	0	0	0	0	0	0	0	0	0	0	0	2	3
