 	A	C	D	E	F	G	H	I	K	L	M	N	P	Q	R	S	T	V	W	Y	Nterm	Cterm	Sum
-124	0	0	0	0	0	0	0	0	0	0	0	0	0	0	0	0	0	0	1	0	0	0	1
-112	0	0	0	0	0	0	0	0	0	0	0	0	0	0	0	0	0	0	1	0	0	0	1
-106	0	0	0	0	0	0	0	0	0	0	0	0	0	0	0	0	0	0	2	0	0	0	2
-102	0	0	0	0	0	0	0	0	0	0	0	0	0	0	0	0	0	0	0	3	0	0	3
-92	0	1	0	0	0	0	0	0	0	0	0	0	0	0	0	0	0	0	0	0	0	0	1
-91	0	0	0	0	0	0	0	0	0	0	0	0	0	0	1	0	0	0	0	0	0	0	1
-89	0	0	0	0	0	0	0	0	0	0	0	0	0	0	1	0	0	0	0	0	0	0	1
-86	0	0	0	0	0	0	0	0	0	0	0	0	0	0	1	0	0	0	0	0	0	0	1
-85	0	0	0	0	0	0	0	0	0	0	0	0	0	0	2	0	0	0	0	0	0	0	2
-84	0	0	0	0	1	0	0	0	0	0	0	0	0	0	0	0	0	0	0	0	0	0	1
-80	0	0	0	0	0	0	1	0	0	0	0	0	0	0	0	0	0	0	0	0	0	0	1
-77	0	0	0	0	0	0	0	0	0	0	0	0	0	0	0	0	0	0	1	1	0	0	2
-75	0	0	0	0	0	0	0	0	0	0	0	0	0	0	1	0	0	0	0	0	0	1	1
-74	0	0	0	0	0	0	0	0	0	0	0	0	0	0	1	0	0	0	0	0	0	1	1
-72	0	0	0	1	0	0	1	0	0	0	0	0	0	0	0	0	0	0	0	0	0	0	2
-71	0	0	0	0	0	0	0	0	0	0	0	0	0	0	0	0	0	0	2	0	0	0	2
-70	0	0	0	0	0	0	0	0	1	0	0	0	0	0	0	0	0	0	0	0	0	1	1
-68	0	0	0	0	0	0	0	0	1	0	0	0	0	0	0	0	0	0	0	0	0	0	1
-65	0	0	0	0	1	0	0	0	0	0	0	0	0	0	0	0	0	0	1	0	0	0	2
-64	0	0	0	0	0	0	0	0	1	0	0	0	0	0	0	0	0	0	0	0	0	0	1
-63	0	0	0	0	0	0	0	0	1	0	0	0	0	0	0	0	0	0	0	0	0	0	1
-61	0	1	0	0	0	0	6	0	0	0	0	0	0	0	0	0	0	0	0	2	3	0	9
-60	0	0	0	0	1	0	2	0	0	0	0	0	0	0	0	0	0	0	0	0	2	0	3
-59	0	0	0	0	1	0	0	0	0	0	0	0	0	0	0	0	0	0	1	0	0	0	2
-58	0	0	0	0	0	0	0	0	0	0	0	0	0	0	0	0	0	0	1	0	0	0	1
-57	0	244	7	11	1	0	0	0	4	0	6	0	0	4	2	0	0	0	1	6	6	1	286
-56	0	28	0	4	1	0	0	1	2	5	0	2	0	1	1	0	0	0	0	2	0	0	47
-55	0	3	0	1	0	0	0	0	0	3	2	0	0	0	0	0	0	0	0	0	0	0	9
-54	0	0	0	0	0	0	0	0	0	0	0	1	0	0	0	0	0	0	0	0	0	0	1
-51	0	0	4	0	0	0	0	0	0	1	1	0	0	0	1	0	0	0	0	0	1	0	7
-50	0	0	1	1	3	0	0	0	0	0	1	0	0	0	0	0	0	0	0	0	3	0	6
-48	0	0	0	1	0	0	0	0	0	0	0	0	0	0	0	0	0	0	0	0	0	0	1
-47	0	0	0	0	0	0	0	0	2	0	0	0	0	0	0	0	0	0	0	0	0	2	2
-46	0	0	0	0	0	0	0	0	0	0	0	0	0	0	0	0	0	0	0	2	2	0	2
-45	0	8	1	1	0	0	0	1	0	0	0	0	0	0	0	0	0	0	0	0	8	0	11
-44	0	0	0	0	0	0	0	0	0	0	1	0	0	0	0	0	0	0	0	0	0	0	1
-43	0	2	0	0	0	0	0	0	0	0	0	0	0	0	0	0	0	0	0	0	0	0	2
-42	0	1	0	0	0	0	0	1	0	0	1	0	0	0	0	0	0	0	0	0	0	0	3
-41	0	1	0	0	0	0	0	0	1	1	0	0	0	2	0	0	0	1	0	0	0	0	6
-40	0	1	0	0	0	0	0	0	0	0	0	0	0	0	0	0	1	0	0	0	0	0	2
-39	0	0	0	0	0	0	0	1	0	0	0	0	0	1	0	0	0	0	0	0	0	0	2
-37	0	0	0	0	1	0	0	0	0	1	0	0	0	0	0	0	0	0	0	0	0	0	2
-36	0	0	0	0	0	0	0	0	1	0	0	0	0	0	0	0	1	0	0	0	0	1	2
-35	0	1	0	1	0	0	0	0	0	1	0	0	0	0	0	0	2	0	0	0	0	0	5
-34	0	0	0	0	1	0	0	0	0	1	0	3	0	0	0	0	0	0	0	0	3	0	5
-33	0	0	0	0	1	0	0	0	0	0	0	0	0	0	0	0	0	0	0	0	0	0	1
-32	0	0	0	0	0	0	0	0	0	0	0	0	0	1	0	0	0	0	0	0	0	0	1
-31	0	0	0	0	0	0	0	1	0	0	0	0	0	0	0	0	0	0	0	0	0	0	1
-30	0	1	0	0	0	0	0	0	0	0	2	1	0	0	0	0	1	0	0	0	2	0	5
-29	0	0	0	0	0	0	0	1	1	0	0	0	0	0	1	1	0	0	0	0	2	1	4
-28	0	0	0	0	0	0	0	0	0	0	1	0	0	0	0	0	0	0	0	0	0	0	1
-27	0	0	0	0	0	0	1	0	0	0	0	0	1	0	2	0	0	0	0	1	0	0	5
-26	0	0	0	0	0	0	0	0	0	0	0	0	0	0	0	0	2	0	0	0	0	0	2
-25	0	0	0	0	0	0	0	0	0	0	1	0	0	0	0	0	0	2	0	0	0	0	3
-24	0	0	0	0	0	0	0	0	0	0	0	0	0	1	0	0	0	0	0	0	0	0	1
-23	0	0	0	0	0	0	0	0	0	0	0	0	0	0	0	1	0	0	0	0	0	0	1
-22	0	0	0	0	0	0	0	0	0	0	1	0	0	0	0	0	0	0	0	0	0	0	1
-21	0	1	0	0	0	0	0	0	0	0	0	0	0	0	0	1	0	0	0	0	0	0	2
-20	0	0	0	0	0	0	0	0	0	0	0	0	0	0	0	0	0	1	0	0	1	0	1
-19	0	0	0	1	0	0	0	0	0	0	0	0	0	3	0	0	1	0	0	0	3	0	5
-18	0	0	83	49	5	0	2	9	4	32	7	6	12	59	2	31	48	8	1	2	99	6	360
-17	0	43	35	16	3	0	10	19	11	15	8	57	14	204	1	24	37	13	12	17	255	4	539
-16	0	3	5	7	1	0	2	1	1	4	3	4	4	21	1	6	1	0	1	2	24	1	67
-15	0	2	1	0	2	0	1	0	1	0	0	3	1	2	1	0	0	0	1	0	5	0	15
-14	0	1	0	0	0	0	0	1	1	1	0	0	1	0	0	0	0	0	0	0	0	0	5
-13	0	0	0	0	0	0	0	0	0	0	0	0	0	0	0	0	1	0	0	0	0	0	1
-12	0	0	0	0	2	0	0	0	0	0	1	0	0	0	0	0	0	0	0	0	1	0	3
-11	0	0	0	0	1	0	0	0	0	0	0	0	0	0	0	0	0	0	0	0	0	0	1
-10	0	0	0	0	0	0	0	0	0	0	1	0	0	0	0	0	1	0	0	0	0	0	2
-9	0	4	0	0	0	0	0	2	0	0	0	2	0	0	0	0	0	0	0	0	0	0	8
-8	0	1	1	0	0	0	0	0	0	4	0	1	0	0	1	0	0	0	0	0	1	0	8
-7	0	0	1	1	0	0	0	0	0	0	0	0	0	0	0	0	0	0	0	0	0	0	2
-6	0	0	0	0	0	0	0	1	0	0	0	0	1	0	0	0	0	0	0	0	1	0	2
-5	0	0	0	0	0	0	0	0	0	0	0	0	0	0	0	0	0	0	1	0	1	0	1
-4	0	0	0	0	0	0	0	2	0	0	0	0	0	0	1	0	1	0	0	0	1	0	4
-3	2	0	0	1	1	0	0	0	0	2	0	0	1	0	0	1	0	0	0	0	3	0	8
-2	9	5	0	4	3	0	1	5	1	3	2	2	1	2	2	0	3	9	1	2	29	2	55
-1	19	7	7	8	4	0	6	30	5	18	4	8	3	6	6	10	13	27	2	2	96	9	185
1	465	52	222	282	114	341	109	340	130	426	120	503	266	279	59	212	289	401	45	131	838	74	4786
2	46	4	53	28	15	34	14	37	7	44	13	57	39	38	5	26	41	69	5	14	66	3	589
3	4	1	1	1	0	6	2	1	0	0	1	8	2	3	1	0	2	1	1	1	2	0	36
4	1	0	0	1	1	0	0	0	0	1	0	0	0	0	1	1	3	0	11	0	2	0	20
5	0	2	2	1	0	0	0	1	0	0	4	1	0	3	0	0	0	1	1	0	5	0	16
6	0	0	0	0	0	0	0	0	0	0	0	0	0	0	0	0	0	0	1	0	0	0	1
9	0	0	0	0	0	0	0	0	0	0	0	0	0	0	0	0	0	1	0	0	0	0	1
10	1	0	0	0	0	0	0	0	0	0	0	0	0	1	0	0	0	0	0	0	0	0	2
11	0	0	0	0	0	0	0	0	0	0	0	0	0	0	0	0	0	0	2	0	2	0	2
12	0	0	0	0	0	0	0	0	0	1	0	1	3	0	0	1	0	1	36	0	41	0	43
13	0	0	0	0	0	0	0	0	0	0	0	0	0	0	0	1	0	0	1	0	1	0	2
14	2	0	1	1	0	0	0	0	3	9	0	0	0	0	0	1	0	0	1	0	6	0	18
15	0	0	0	0	0	0	0	0	7	0	3	1	0	0	0	0	0	0	0	0	3	3	11
16	49	2	36	56	10	78	40	23	10	60	922	31	54	27	5	45	28	44	39	20	334	20	1579
17	18	0	11	8	3	22	8	5	5	10	90	14	10	8	2	8	6	5	10	6	54	1	249
18	1	0	0	0	0	4	1	0	1	6	7	0	0	1	0	2	0	1	0	1	9	0	25
19	0	0	1	0	0	0	0	0	2	0	0	0	0	0	0	0	0	0	0	0	0	0	3
20	0	0	1	0	0	0	0	0	0	0	0	0	0	0	0	0	1	0	0	0	1	0	2
21	1	0	0	0	0	0	0	0	0	0	1	0	0	0	0	0	0	0	0	0	0	0	2
22	94	9	101	73	20	110	0	47	1	49	17	58	81	58	0	61	71	61	4	27	20	3	942
23	24	1	13	28	6	43	0	7	2	21	4	25	11	14	0	10	23	19	3	5	0	0	259
24	3	1	9	11	4	24	0	6	1	14	2	9	10	4	0	2	5	5	1	3	0	0	114
25	2	0	1	1	1	1	0	2	0	3	3	0	0	2	0	1	1	1	0	0	0	0	19
26	0	0	0	0	0	0	0	0	0	0	0	0	0	0	0	0	0	1	0	0	0	0	1
28	0	1	0	2	1	0	0	1	2	0	3	0	0	0	0	0	0	0	0	0	4	0	10
29	0	0	0	0	0	0	0	0	0	0	0	0	0	1	0	0	0	0	0	0	0	0	1
30	0	0	1	0	0	1	0	0	0	0	0	0	0	0	2	0	0	0	0	0	2	0	4
32	0	0	1	0	0	0	0	0	0	0	2	0	0	0	0	0	2	2	3	1	0	0	11
33	0	0	0	0	0	0	0	0	0	0	0	0	0	0	0	0	0	2	2	0	0	0	4
34	0	0	0	0	0	0	2	0	0	0	0	0	0	0	0	1	0	0	0	0	0	0	3
35	0	0	0	0	0	0	0	0	0	0	0	0	0	0	1	0	0	0	0	0	0	0	1
36	0	0	0	0	0	0	0	0	0	0	0	0	0	0	1	0	0	0	0	0	0	1	1
38	36	0	32	21	6	19	1	29	0	33	3	22	32	10	0	18	13	12	2	6	5	0	295
39	12	0	5	4	2	9	0	4	0	5	0	2	4	5	0	3	3	3	1	3	1	0	65
40	1	0	0	1	0	0	0	0	1	0	0	1	0	0	0	0	0	0	0	0	0	1	4
41	0	0	0	0	0	1	0	0	0	1	0	0	0	1	0	0	1	0	0	0	1	0	4
42	9	0	2	1	0	0	1	0	4	2	10	3	0	4	0	64	15	3	0	0	94	0	118
43	0	1	0	0	0	1	0	0	0	0	1	0	0	1	0	18	2	0	0	0	21	0	24
44	0	0	0	0	0	0	0	1	0	0	0	0	0	0	2	4	0	0	0	0	4	0	7
45	0	0	0	0	0	0	0	0	0	0	0	0	0	0	0	0	0	1	0	0	0	0	1
49	0	0	0	0	0	0	0	0	0	0	0	0	0	0	0	0	0	1	0	0	0	0	1
50	0	0	0	0	0	0	0	1	0	0	0	0	2	0	0	0	0	0	0	0	1	0	3
51	0	0	1	0	0	0	0	0	1	0	0	0	0	0	0	0	0	0	0	0	0	1	2
52	0	0	0	0	1	0	0	1	0	0	0	0	0	0	0	0	0	0	0	0	0	0	2
54	0	0	0	0	0	1	0	0	0	1	0	0	1	0	0	2	0	0	0	0	2	0	5
55	0	0	0	0	0	0	0	0	0	0	0	0	1	0	0	0	0	0	0	0	0	0	1
56	1	0	0	0	0	0	0	0	0	0	0	0	0	0	0	0	3	0	0	0	3	0	4
58	0	0	0	1	0	1	0	0	2	0	0	0	0	0	0	1	0	1	0	0	1	0	6
59	0	0	0	0	0	0	0	0	1	0	0	0	0	0	0	0	1	0	0	0	1	0	2
60	0	0	0	0	0	0	0	0	1	0	0	0	0	0	0	1	0	0	0	0	0	0	2
61	0	0	0	0	0	0	0	0	0	0	0	0	0	0	1	0	0	0	0	0	0	0	1
62	0	0	1	0	0	0	0	0	0	0	0	0	0	0	0	0	0	0	0	0	1	0	1
63	1	0	0	0	1	0	0	0	0	0	0	0	0	0	0	0	0	0	0	0	1	0	2
64	1	0	1	0	0	0	0	0	0	0	0	0	0	1	0	3	0	0	0	0	3	0	6
65	0	0	0	0	0	0	0	0	0	2	1	0	0	0	0	1	0	0	0	0	2	0	4
66	0	0	0	0	0	1	0	0	0	2	0	0	0	0	0	0	0	0	0	0	2	0	3
70	0	0	0	0	0	0	0	0	0	0	0	0	0	0	0	0	1	0	0	0	1	0	1
71	0	0	0	1	0	0	0	0	0	1	0	0	0	0	0	0	1	0	0	0	0	0	3
72	0	0	0	0	0	1	0	0	0	0	0	0	0	0	0	0	0	0	0	0	0	0	1
77	0	0	0	0	0	2	0	0	0	0	0	0	0	0	0	1	0	0	0	0	0	0	3
78	0	1	0	0	0	0	0	0	1	0	0	0	0	0	0	0	0	0	0	0	0	0	2
80	0	0	0	1	0	0	1	0	0	0	1	0	1	0	0	6	0	0	0	0	0	0	10
81	0	0	0	0	0	1	1	0	0	0	0	0	2	0	0	0	0	0	0	0	0	0	4
84	0	0	0	0	0	0	0	0	0	3	0	0	0	0	0	0	0	0	0	0	0	0	3
87	0	0	0	0	0	0	0	0	0	0	0	0	1	0	1	0	0	0	0	0	1	0	2
89	0	0	0	0	0	0	0	0	0	0	0	0	0	0	0	1	0	0	0	0	0	0	1
95	0	0	0	0	0	0	0	0	0	1	0	0	0	0	0	0	0	0	0	0	1	0	1
96	0	0	0	0	0	0	0	0	0	0	0	0	0	0	2	0	0	0	0	0	2	0	2
99	0	0	1	0	0	0	0	0	0	0	0	0	0	0	0	0	0	0	0	0	0	0	1
100	1	0	0	0	0	0	0	0	4	0	0	0	0	0	0	0	1	0	0	1	2	0	7
101	1	0	0	1	0	0	0	0	0	0	0	0	0	0	0	0	0	0	0	0	1	0	2
103	0	0	0	0	0	0	0	1	0	0	0	0	0	0	0	0	0	0	0	0	1	0	1
104	0	0	0	0	0	0	0	0	0	1	0	0	0	0	0	0	0	0	0	0	0	0	1
105	0	0	0	1	0	0	0	0	0	0	0	0	0	0	0	0	0	0	0	0	0	0	1
106	0	0	0	0	0	1	0	0	0	0	0	0	0	0	0	0	0	0	0	0	0	0	1
108	1	0	0	0	0	0	0	0	1	0	0	1	0	0	0	1	0	0	0	0	0	1	4
110	0	0	0	0	0	0	0	0	0	0	0	0	0	1	0	0	0	0	0	0	1	0	1
111	0	0	0	0	0	0	0	0	0	0	0	0	0	0	0	1	0	0	0	0	0	0	1
113	0	0	0	0	1	0	0	0	0	0	0	0	0	0	0	0	0	0	0	0	1	0	1
114	1	0	0	0	0	0	0	0	0	0	0	0	0	0	1	0	0	0	0	0	1	0	2
115	0	0	0	2	0	0	0	0	0	0	0	0	0	0	0	0	0	0	0	0	0	2	2
120	0	0	0	0	0	0	0	0	0	0	0	0	0	0	0	0	0	0	1	0	0	0	1
121	0	0	0	0	0	0	0	0	0	1	0	0	0	0	1	0	0	0	0	0	1	0	2
124	0	1	0	1	0	0	0	0	0	0	0	0	0	0	0	0	0	0	0	0	0	0	2
125	0	0	0	0	1	0	0	0	0	0	0	1	0	0	0	0	0	0	0	0	0	0	2
128	5	0	0	0	1	3	0	0	2	1	0	2	3	0	1	2	1	2	0	3	7	3	26
129	0	0	0	8	0	1	0	0	0	0	0	0	0	0	0	0	0	0	0	2	0	6	11
130	0	0	0	1	1	0	0	0	0	0	0	0	0	0	0	0	0	0	0	0	0	1	2
143	0	0	0	0	0	1	0	0	0	0	0	0	0	0	0	0	0	0	0	0	0	0	1
144	0	0	1	0	0	1	0	0	1	0	1	0	0	0	0	0	1	2	0	0	1	0	7
145	0	0	0	0	0	0	0	0	1	0	0	0	0	0	0	0	0	1	0	0	0	0	2
146	0	0	0	0	0	1	0	0	0	0	0	0	0	0	0	0	0	0	0	0	1	0	1
147	0	0	0	0	1	0	0	1	0	0	0	0	0	1	0	0	0	0	0	0	2	0	3
148	0	0	1	0	0	0	0	0	0	0	0	0	0	0	0	0	0	0	0	0	0	0	1
149	0	0	0	1	0	0	0	0	0	0	0	0	0	0	0	0	0	0	0	0	0	0	1
150	0	0	0	0	0	0	0	0	1	0	0	0	0	0	0	0	0	0	0	0	0	0	1
151	0	0	0	1	0	0	0	0	0	1	0	0	0	0	0	0	0	0	0	0	0	0	2
152	2	49	2	3	2	2	0	0	0	2	0	1	1	0	0	0	0	3	0	0	11	0	67
153	2	3	0	1	0	0	0	0	0	0	0	0	0	0	0	4	0	1	0	0	7	0	11
155	0	1	0	0	0	0	0	0	0	0	0	0	0	0	0	0	0	0	0	0	0	0	1
156	5	0	0	2	0	3	0	6	1	8	3	0	2	0	0	1	1	1	0	1	12	1	34
157	5	0	0	2	0	0	0	0	0	0	0	0	0	0	0	0	0	2	0	0	1	0	9
160	0	0	0	0	0	0	0	0	0	0	0	0	0	0	0	1	0	0	0	0	0	0	1
162	0	0	1	0	0	0	0	0	0	0	0	0	0	0	0	0	0	0	0	0	0	0	1
164	0	0	0	0	0	0	0	0	0	0	0	0	0	0	0	1	0	0	0	0	0	0	1
165	0	0	1	0	0	0	0	0	0	0	0	0	0	0	0	0	0	0	0	0	0	0	1
167	1	0	1	0	0	0	0	0	0	0	0	0	0	0	0	0	0	0	0	0	0	0	2
172	0	0	1	0	0	0	0	1	0	0	3	0	0	0	0	0	0	0	0	0	4	0	5
173	0	0	0	0	0	0	0	0	0	0	1	0	0	0	0	0	0	0	0	0	1	0	1
176	0	0	0	0	0	0	0	0	0	0	0	0	0	0	1	0	0	0	0	0	1	0	1
177	0	0	0	0	0	0	0	0	0	0	0	0	0	0	0	1	0	0	0	0	1	0	1
181	1	0	0	0	0	0	0	0	0	0	0	0	0	0	0	0	0	0	0	0	0	0	1
182	1	0	0	0	0	0	0	0	0	2	0	0	0	0	0	0	0	0	0	0	2	0	3
183	0	0	0	0	0	0	0	0	0	0	0	0	0	1	0	0	0	0	0	0	0	0	1
184	1	0	0	0	0	0	0	0	1	0	0	0	0	0	0	0	0	0	0	0	0	0	2
188	0	0	0	0	0	1	0	0	0	0	0	0	0	0	0	0	0	0	0	0	1	0	1
189	0	0	0	0	0	1	0	0	4	0	0	0	0	0	0	0	0	0	0	0	0	0	5
190	0	0	0	0	0	0	0	0	0	0	0	0	0	0	0	0	1	0	0	0	1	0	1
191	0	0	0	0	0	0	0	0	0	0	0	0	0	0	0	1	0	0	0	0	0	0	1
192	1	0	0	0	0	0	0	0	0	0	0	0	0	0	0	0	0	0	0	0	0	0	1
194	0	0	0	0	0	0	0	0	1	0	0	0	0	0	0	0	0	0	0	0	0	1	1
196	0	0	0	0	1	0	0	0	3	0	0	0	0	0	0	1	0	0	0	0	1	2	5
199	0	0	0	0	0	0	0	0	0	1	1	0	0	0	0	0	0	0	0	0	1	0	2
