 	A	C	D	E	F	G	H	I	K	L	M	N	P	Q	R	S	T	V	W	Y	Nterm	Cterm	Sum
-115	0	0	0	0	0	0	0	0	0	0	0	0	0	0	0	0	0	0	1	0	0	0	1
-112	0	0	0	0	0	0	0	0	0	0	0	0	0	0	0	0	0	0	1	0	0	0	1
-102	0	0	0	0	0	0	0	0	0	0	0	0	0	0	0	0	0	0	0	2	0	0	2
-101	0	0	0	0	0	0	0	0	0	0	0	0	0	0	0	0	0	0	2	0	0	0	2
-99	0	0	0	0	0	0	0	0	0	0	0	0	0	0	2	0	0	0	0	0	0	0	2
-92	0	1	0	0	0	0	0	0	0	0	0	0	0	0	0	0	0	0	0	0	0	0	1
-90	0	1	0	0	0	0	0	0	0	0	0	0	0	0	0	0	0	0	0	0	0	0	1
-89	0	0	0	0	1	0	0	0	0	0	0	0	0	0	0	0	0	0	0	0	0	0	1
-85	0	0	0	0	0	0	0	0	0	0	0	0	0	0	1	0	0	0	0	0	0	0	1
-84	0	0	0	0	1	0	0	0	0	0	0	0	0	0	0	0	0	0	0	0	0	0	1
-79	0	0	0	0	0	0	1	0	0	0	0	0	0	0	0	0	0	0	0	0	0	0	1
-75	0	0	0	0	0	0	0	0	0	0	0	0	0	0	1	0	0	0	0	0	0	1	1
-74	0	0	0	0	2	0	0	0	0	0	0	0	0	0	1	0	0	0	0	0	0	1	3
-73	0	0	0	0	0	0	0	0	0	0	0	0	0	0	0	0	0	0	0	1	0	0	1
-71	0	0	0	1	0	0	0	0	0	0	0	0	0	0	0	0	0	0	1	0	0	0	2
-67	0	1	0	1	0	0	0	0	0	0	1	0	0	0	0	0	0	0	0	2	1	0	5
-65	0	0	0	0	0	0	0	0	0	0	0	0	0	1	0	0	0	0	0	0	1	0	1
-64	0	0	0	0	0	0	1	0	0	0	0	0	0	0	0	0	0	0	0	0	0	0	1
-63	0	0	0	0	0	0	0	0	1	0	0	0	0	0	1	0	0	0	0	0	0	1	2
-62	0	0	0	0	1	0	0	0	1	0	0	0	0	0	0	0	0	0	0	0	0	0	2
-61	0	0	0	0	1	0	6	0	0	0	0	0	0	0	0	0	0	0	0	0	0	0	7
-60	0	0	0	0	0	0	0	0	0	0	1	0	0	0	0	0	0	0	0	0	0	0	1
-59	0	0	0	0	0	0	0	0	0	0	0	0	0	1	1	0	0	0	0	0	0	0	2
-58	0	0	0	0	0	0	0	0	0	0	0	0	0	0	0	0	0	0	1	0	0	0	1
-57	0	18	2	0	0	0	0	0	0	0	0	0	0	0	2	0	0	0	0	0	0	0	22
-56	0	6	0	0	0	0	0	0	0	2	0	0	0	1	0	0	0	0	0	0	0	0	9
-55	0	1	0	1	0	0	0	0	0	1	0	0	0	0	0	0	0	0	0	0	0	0	3
-53	0	0	0	1	0	0	0	0	0	0	0	0	0	0	0	0	0	0	0	0	0	0	1
-52	0	0	1	0	0	0	0	0	0	0	0	0	0	0	0	0	0	0	0	0	1	0	1
-51	0	0	1	0	1	0	0	0	2	1	0	0	0	1	0	0	0	0	0	0	1	0	6
-50	0	0	1	0	7	0	0	0	0	0	0	0	0	0	1	0	0	0	0	0	6	0	9
-47	0	0	0	0	0	0	0	0	2	1	1	0	0	0	1	0	0	0	0	0	0	3	5
-46	0	0	0	0	0	0	0	0	0	1	1	0	0	0	0	0	0	0	0	0	0	0	2
-45	0	2	0	0	0	0	0	0	2	0	0	0	0	0	0	0	0	0	0	0	2	1	4
-44	0	0	0	1	0	0	0	0	0	1	0	0	0	0	0	0	0	0	0	0	0	0	2
-43	0	0	0	0	0	0	0	0	0	0	0	1	0	0	0	0	0	0	0	0	0	0	1
-42	0	0	0	0	0	0	0	1	0	4	0	0	0	0	0	0	0	0	0	0	0	0	5
-40	0	0	2	0	0	0	0	0	0	0	0	0	0	0	0	0	0	0	0	0	2	0	2
-39	0	0	3	0	0	0	0	0	0	0	0	0	1	0	0	0	0	0	0	0	0	0	4
-38	0	0	0	0	0	0	0	0	0	0	0	0	0	0	0	0	0	1	0	0	0	0	1
-37	0	0	0	0	1	0	0	0	0	0	0	0	0	0	0	0	0	0	0	0	0	0	1
-36	0	0	0	0	0	0	0	0	1	0	0	0	0	0	1	0	0	0	0	0	0	1	2
-35	0	0	0	0	1	0	0	0	0	0	0	0	0	2	0	0	0	0	0	0	0	0	3
-34	0	0	1	0	0	0	0	0	0	1	0	2	0	1	0	0	0	0	0	0	3	0	5
-33	0	0	0	0	0	0	0	0	0	0	0	0	1	0	1	0	0	0	0	0	0	1	2
-32	0	0	0	0	0	0	0	0	0	0	0	0	0	1	0	0	0	0	0	0	0	0	1
-31	0	1	0	1	0	0	0	1	1	0	0	0	0	1	0	0	0	0	0	0	1	0	5
-30	0	0	0	0	0	0	0	0	0	0	0	1	0	0	0	1	0	0	0	1	1	0	3
-29	0	0	0	1	0	0	0	0	2	0	0	0	0	0	0	0	1	0	0	0	0	2	4
-28	0	0	0	1	0	0	0	0	0	0	0	0	1	0	0	0	1	0	0	0	0	0	3
-27	0	0	0	0	0	0	0	0	0	0	0	0	0	1	0	0	0	0	0	0	0	0	1
-26	0	0	0	0	0	0	0	0	0	1	0	0	0	0	0	0	0	0	0	0	1	0	1
-25	0	0	2	0	0	0	0	0	0	0	1	0	0	0	0	1	0	0	0	1	0	0	5
-24	0	0	0	1	0	0	0	0	0	1	0	0	0	0	0	0	0	1	0	0	0	0	3
-23	0	0	0	0	0	0	0	0	0	0	1	0	0	0	0	0	0	0	0	0	0	0	1
-22	0	0	0	0	0	0	1	0	0	0	0	2	0	0	0	0	0	0	0	0	0	0	3
-21	0	0	0	1	1	0	0	1	0	0	0	0	0	0	1	1	0	0	0	0	0	0	5
-20	0	0	0	0	0	0	0	0	0	0	0	0	0	0	2	0	1	0	0	0	0	0	3
-19	0	0	0	0	0	0	0	2	0	0	0	0	0	2	0	0	0	0	0	0	2	0	4
-18	0	2	68	48	10	0	3	9	2	28	7	7	16	62	1	46	39	15	1	6	102	2	370
-17	0	40	18	14	2	0	11	18	11	20	4	58	20	185	3	11	36	11	12	15	225	5	489
-16	0	3	15	3	4	0	2	1	4	5	0	6	4	16	0	2	8	1	2	4	15	0	80
-15	0	3	0	0	0	0	0	0	0	1	0	2	0	3	0	3	2	0	1	0	5	0	15
-14	0	0	0	3	0	0	0	1	0	1	0	2	0	0	0	0	1	1	0	0	0	0	9
-12	0	0	1	0	0	0	0	0	0	0	0	0	0	0	0	0	0	0	0	0	0	0	1
-11	0	0	0	0	0	0	0	0	0	0	0	0	0	0	0	0	0	1	0	0	0	0	1
-10	0	0	0	0	0	0	1	0	0	1	0	0	0	0	0	0	1	0	0	0	0	0	3
-9	0	0	2	0	0	0	1	0	0	0	0	1	0	0	0	1	0	0	0	0	0	0	5
-8	0	0	0	1	0	0	0	0	1	1	0	1	0	0	1	0	0	1	0	0	1	0	6
-7	0	0	0	1	0	0	0	0	0	0	0	0	0	0	0	0	0	0	0	0	0	0	1
-6	0	0	0	0	0	0	0	1	0	0	0	0	0	0	1	0	0	0	0	0	0	1	2
-5	0	0	0	0	0	0	0	0	0	1	0	0	0	0	0	1	0	0	0	0	0	0	2
-4	0	0	0	0	0	0	0	0	0	1	0	0	0	0	1	0	0	0	0	0	0	1	2
-3	1	0	1	2	0	0	0	3	0	1	0	0	0	1	0	0	0	0	0	0	5	0	9
-2	8	4	3	15	2	0	0	6	4	7	1	4	4	1	1	7	4	16	0	2	27	4	89
-1	23	4	9	22	3	0	3	18	4	16	6	14	7	10	3	8	16	14	1	7	117	4	188
1	547	48	235	335	138	400	104	383	180	468	116	364	282	290	64	250	327	451	35	163	976	97	5180
2	51	10	38	32	14	42	19	41	16	49	18	39	41	44	1	37	37	50	6	14	72	1	599
3	4	3	5	2	1	6	2	2	0	3	0	0	4	3	0	1	2	5	0	2	3	0	45
4	0	0	0	3	0	1	1	0	0	0	0	0	1	0	0	2	2	1	15	0	7	0	26
5	0	3	2	2	0	0	1	0	0	0	0	1	0	2	0	0	0	0	2	0	5	0	13
6	0	0	1	0	0	0	0	0	0	0	0	0	0	0	0	0	0	0	1	1	0	0	3
7	0	0	0	1	0	0	0	0	0	0	0	0	1	0	0	0	0	1	0	0	0	0	3
8	0	0	0	0	0	0	0	0	1	0	0	0	0	0	0	0	0	0	0	0	0	1	1
9	0	0	0	0	0	0	0	0	0	0	0	0	0	1	0	0	0	0	0	0	1	0	1
10	0	0	0	0	0	0	0	0	0	0	0	1	0	1	1	2	0	0	0	0	0	1	5
12	1	0	0	0	0	0	1	1	0	0	0	3	4	1	1	1	0	0	41	0	49	1	54
13	0	0	0	0	0	0	0	0	0	0	0	0	2	0	0	0	0	0	2	0	4	0	4
14	8	0	0	4	0	1	0	1	2	16	3	1	1	0	0	1	0	0	0	0	12	0	38
15	1	0	0	1	0	1	0	0	3	0	3	1	0	1	0	1	1	0	0	1	4	0	14
16	51	4	47	62	4	70	27	26	17	55	887	30	64	16	5	64	39	40	93	20	336	14	1621
17	10	1	2	12	2	21	10	4	2	17	80	17	13	8	1	8	14	9	19	4	56	1	254
18	1	0	2	0	0	4	1	3	0	5	4	2	1	4	0	0	0	0	2	0	7	0	29
19	0	0	0	0	0	0	0	1	2	0	0	0	0	0	3	0	1	0	0	0	0	0	7
21	1	0	0	0	0	1	0	0	0	0	0	0	0	0	0	0	0	0	0	0	1	0	2
22	91	15	86	82	22	133	0	48	2	71	17	62	73	40	1	47	42	69	6	13	13	4	920
23	27	4	13	29	7	50	2	9	1	22	4	30	20	9	0	11	18	17	2	1	0	0	276
24	7	0	7	17	3	14	0	6	0	10	0	10	6	3	5	10	9	6	0	1	0	3	114
25	0	0	1	0	0	0	0	1	0	4	4	0	1	0	0	2	3	2	0	0	4	0	18
26	0	0	0	1	0	0	0	0	1	0	0	0	0	0	0	0	0	0	0	0	0	1	2
27	0	0	0	1	0	0	0	0	0	0	0	0	0	0	0	0	0	0	0	0	1	0	1
28	0	0	0	1	0	0	0	0	1	0	4	0	0	0	0	0	0	0	0	0	5	0	6
29	0	0	0	0	0	0	0	0	0	1	0	0	0	1	0	0	0	0	0	0	1	0	2
30	1	0	0	0	0	1	0	0	0	0	0	0	0	0	2	0	0	0	0	0	3	0	4
32	0	1	0	0	1	0	0	0	0	0	2	2	0	0	0	0	0	5	9	0	1	0	20
33	0	0	0	1	0	1	0	2	0	1	0	0	0	0	0	1	1	0	3	0	0	0	10
34	0	0	0	0	0	0	1	0	0	0	0	0	0	0	0	0	0	1	0	0	1	0	2
35	0	0	0	0	0	0	1	0	0	0	0	0	0	0	0	0	0	0	0	0	0	0	1
36	0	0	0	0	0	0	0	0	0	0	0	0	0	0	0	1	0	0	0	0	0	0	1
37	0	0	0	1	0	0	0	0	0	0	0	0	0	1	0	0	0	0	0	0	0	0	2
38	28	1	30	24	10	22	0	28	0	38	3	16	35	8	0	11	26	18	1	6	3	0	305
39	8	1	7	2	1	2	0	3	0	3	0	1	5	2	0	2	3	5	0	1	1	0	46
40	0	1	0	1	0	0	1	0	0	0	1	0	1	1	0	0	0	1	0	0	1	0	7
41	1	0	0	0	0	0	0	0	0	0	0	0	0	0	0	0	0	0	0	0	0	0	1
42	13	0	1	4	0	0	0	0	5	2	9	3	1	0	0	67	11	0	0	0	95	0	116
43	0	0	0	0	0	0	0	0	0	0	1	2	0	0	0	11	1	1	0	0	13	0	16
44	0	0	0	0	0	0	0	1	0	0	0	0	0	1	1	0	0	0	0	0	0	0	3
45	0	0	0	0	0	0	0	0	0	0	1	0	0	0	0	0	1	0	0	0	0	0	2
47	0	0	0	0	0	0	0	0	1	0	0	0	0	0	0	0	0	0	0	0	0	0	1
48	0	0	0	0	0	0	0	0	0	1	0	0	0	0	0	0	0	0	0	0	0	0	1
49	0	0	1	0	0	0	0	0	0	0	0	0	0	0	0	0	0	0	0	0	0	0	1
51	0	2	2	1	0	0	0	0	0	0	0	0	0	0	1	0	0	1	0	0	2	0	7
52	0	0	0	0	1	0	0	0	0	0	0	0	0	0	0	0	0	1	0	1	0	0	3
53	0	0	0	0	0	1	0	1	0	1	0	0	0	0	0	0	0	1	0	0	1	0	4
54	1	0	2	0	0	0	0	0	0	0	0	0	0	0	0	2	0	0	0	0	2	0	5
55	0	0	1	0	0	0	0	0	0	1	0	0	0	0	0	0	0	0	0	0	0	0	2
56	1	0	0	2	0	1	0	0	0	0	0	1	0	0	0	0	0	0	0	0	2	0	5
57	0	0	1	0	0	0	0	0	0	0	0	0	0	0	0	0	0	0	0	0	0	0	1
58	0	0	0	0	0	0	0	0	0	0	0	0	0	1	0	1	0	0	0	0	1	0	2
59	0	0	0	0	0	0	0	1	0	0	0	1	0	0	0	1	0	0	0	0	0	0	3
60	0	0	0	0	0	0	0	0	0	0	0	0	0	0	0	0	1	0	0	0	0	0	1
61	0	0	0	0	0	1	0	0	1	0	0	0	0	0	0	0	0	0	0	0	0	0	2
62	0	0	0	0	0	0	0	0	0	0	0	0	0	0	0	0	1	0	0	1	0	0	2
63	1	0	0	0	7	1	0	1	0	0	0	0	0	0	0	1	0	0	0	0	8	0	11
64	3	0	0	0	1	0	0	0	0	0	0	0	0	0	1	2	0	0	0	0	1	0	7
65	0	0	0	0	0	0	0	0	0	0	0	1	0	0	0	0	0	0	0	0	0	0	1
66	0	0	0	0	0	1	0	0	0	0	0	0	0	0	0	0	0	1	0	0	0	0	2
67	0	0	0	0	0	0	0	2	0	0	0	0	0	0	0	0	0	0	0	0	0	2	2
69	1	1	0	0	0	0	0	0	1	0	0	0	0	0	0	0	0	0	0	0	2	0	3
70	1	0	0	0	0	0	0	0	1	0	0	0	0	0	0	0	2	0	0	0	3	0	4
72	0	0	0	0	0	2	0	0	0	0	0	2	0	0	0	0	0	0	0	0	2	0	4
73	0	0	0	1	0	0	0	0	0	0	1	0	0	0	0	0	0	0	0	0	1	0	2
76	1	0	0	0	0	0	0	0	0	0	0	0	0	0	0	0	0	0	0	0	1	0	1
77	1	0	0	0	0	1	0	2	1	0	0	0	0	0	0	0	0	0	0	0	0	0	5
78	0	0	0	0	0	0	0	0	0	1	0	0	0	0	0	0	0	0	0	0	0	0	1
79	0	0	1	1	0	0	0	0	0	0	0	0	0	0	0	0	0	0	0	0	0	0	2
80	0	0	0	0	0	0	2	0	0	0	0	0	1	0	0	1	0	0	0	0	0	0	4
81	0	0	0	0	0	1	0	0	0	0	0	0	2	0	0	1	0	0	0	0	0	0	4
82	0	0	0	0	0	0	0	0	0	0	0	1	0	0	0	0	0	1	0	0	0	0	2
84	0	0	1	1	0	0	0	0	0	2	0	0	0	0	0	0	1	0	0	0	0	0	5
87	0	0	0	0	0	0	0	0	0	0	0	0	0	0	1	0	0	0	0	0	1	0	1
96	1	0	0	0	0	0	0	0	0	0	0	0	0	0	0	0	0	0	0	0	0	0	1
98	0	0	0	0	0	1	0	0	0	0	0	0	0	0	0	0	0	0	0	1	1	0	2
100	0	0	0	0	0	0	0	0	2	0	0	0	2	0	0	0	0	0	0	0	2	0	4
101	0	0	0	0	0	0	0	0	1	0	0	0	0	0	0	0	0	0	0	0	0	0	1
103	1	0	0	0	0	0	0	0	0	0	0	0	0	0	0	0	0	0	0	0	0	0	1
104	0	0	0	1	0	1	0	0	0	0	0	0	0	0	0	0	0	0	0	0	1	0	2
105	0	0	0	0	0	1	0	1	0	0	0	0	1	0	0	0	0	0	0	0	0	0	3
106	0	0	0	0	0	0	0	0	0	0	0	0	0	0	0	1	0	0	0	0	0	0	1
108	1	0	0	0	0	0	0	0	0	0	0	0	1	0	0	2	0	0	0	0	0	0	4
110	1	0	0	0	0	1	0	0	0	0	0	0	0	0	0	0	0	0	0	0	0	0	2
111	0	0	0	0	0	0	0	0	0	0	0	0	0	0	0	1	0	0	0	0	0	0	1
113	0	0	0	0	1	0	0	0	0	0	1	0	0	0	0	0	0	0	0	0	1	0	2
115	0	0	0	1	0	0	0	0	0	0	0	0	0	0	0	0	0	0	0	0	0	1	1
116	0	0	0	0	0	0	0	0	0	0	0	0	1	0	0	0	0	0	0	0	0	0	1
118	0	0	0	0	0	0	0	0	0	0	0	0	0	0	0	0	1	0	0	0	0	0	1
122	0	0	0	0	0	1	0	0	0	0	0	0	0	1	0	0	0	0	0	0	0	0	2
125	2	0	0	0	0	0	0	0	0	0	0	0	0	0	0	0	0	0	0	0	0	0	2
128	2	0	0	0	1	4	0	3	0	2	1	4	3	0	1	2	2	4	0	3	5	1	32
129	0	0	1	10	1	0	0	0	0	0	0	0	1	0	0	0	1	0	0	0	0	10	14
131	0	0	0	0	0	0	0	0	0	1	0	1	0	0	0	0	0	0	0	0	0	0	2
133	0	0	0	0	0	0	0	0	0	0	0	0	0	0	0	0	0	0	0	1	0	0	1
134	0	0	0	0	0	0	0	0	0	0	0	0	0	1	0	0	0	0	0	0	0	0	1
137	0	0	0	0	0	0	0	1	0	0	0	0	0	0	0	0	0	0	0	0	1	0	1
141	0	0	1	0	0	0	0	0	1	0	0	0	0	0	0	0	0	0	0	0	0	1	2
144	0	0	0	0	0	0	0	0	1	0	0	0	0	0	0	0	0	1	0	0	0	0	2
145	0	0	0	0	0	0	0	0	1	0	0	0	0	0	0	0	0	0	0	0	1	0	1
147	0	0	0	0	1	0	0	0	0	1	0	0	0	0	0	0	0	0	0	0	1	0	2
149	0	0	0	0	0	0	0	0	0	0	0	0	0	0	0	0	1	0	0	0	0	0	1
151	0	0	0	2	0	0	0	0	0	0	0	0	0	0	0	0	0	0	0	0	0	0	2
152	9	151	6	5	5	5	2	3	2	3	2	0	2	1	1	7	1	4	0	0	34	2	209
153	2	17	0	1	0	0	0	1	0	2	1	0	1	0	0	0	0	0	0	0	5	0	25
154	1	3	0	0	0	0	0	0	0	1	0	0	0	0	0	1	0	0	0	1	0	0	7
156	8	0	1	4	0	4	1	2	3	4	4	0	2	1	0	0	0	1	0	2	10	3	37
157	2	0	0	1	0	0	0	0	0	1	0	0	1	0	1	0	0	0	1	1	1	1	8
162	0	0	1	0	0	0	0	0	0	0	0	0	0	0	0	0	0	0	0	0	0	0	1
167	1	0	0	1	0	0	0	0	0	0	0	0	0	0	0	0	0	0	0	0	0	0	2
168	0	0	0	0	0	0	0	0	0	0	1	0	0	0	0	0	0	0	0	0	0	0	1
171	0	0	0	1	0	0	0	0	0	0	0	0	0	0	0	0	0	0	0	0	0	0	1
172	0	0	0	0	0	0	0	0	0	0	5	0	0	0	0	0	0	0	0	0	4	0	5
173	1	0	0	0	0	0	0	0	0	0	0	0	0	0	0	0	0	0	0	0	0	0	1
176	0	0	0	0	0	0	0	0	0	0	0	0	0	0	1	0	0	0	0	0	1	0	1
180	0	0	0	0	0	0	0	0	0	0	0	0	0	1	0	0	0	0	0	0	0	0	1
181	1	0	0	0	0	0	0	0	0	0	0	0	0	0	0	0	0	0	0	0	0	0	1
182	0	0	0	0	0	0	0	0	0	1	0	0	0	0	0	0	0	0	0	0	1	0	1
184	0	0	0	1	0	0	0	0	0	0	0	0	0	0	0	0	0	0	0	0	1	0	1
185	0	0	0	0	0	1	0	0	0	0	0	0	0	0	0	0	0	1	0	0	0	0	2
186	1	0	0	0	0	0	0	0	1	1	0	0	0	0	0	0	0	0	0	0	2	0	3
188	0	0	0	0	0	1	0	0	4	0	0	0	0	0	0	0	0	0	0	0	0	0	5
189	0	0	1	0	0	1	0	0	2	0	0	0	0	0	0	0	0	0	0	0	0	0	4
190	1	0	0	0	0	0	0	0	0	0	0	0	0	0	0	0	0	0	0	0	0	0	1
195	0	0	0	0	0	1	0	0	0	0	1	0	0	0	0	0	0	0	0	0	0	0	2
196	0	0	0	0	0	0	0	0	2	0	0	0	0	0	0	1	0	0	0	0	0	2	3
197	0	0	0	1	0	0	0	0	0	0	0	0	0	2	0	0	0	0	0	0	2	0	3
198	0	0	0	0	0	1	0	0	0	0	0	0	0	0	0	0	0	0	0	0	1	0	1
199	0	0	0	0	0	1	0	0	1	1	1	0	0	0	0	0	0	0	0	0	1	0	4
200	0	0	0	0	0	0	0	0	0	0	0	0	0	1	0	0	0	0	0	0	0	0	1
