 	A	C	D	E	F	G	H	I	K	L	M	N	P	Q	R	S	T	V	W	Y	Nterm	Cterm	Sum
-123	0	0	0	0	0	0	0	0	0	0	0	0	0	0	0	0	0	0	1	0	0	0	1
-106	0	0	0	0	0	0	0	0	0	0	0	0	0	0	0	0	0	0	1	0	0	0	1
-102	0	0	0	0	0	0	0	0	0	0	0	0	0	0	0	0	0	0	1	1	0	0	2
-101	0	0	0	0	0	0	0	0	0	0	0	0	0	0	0	0	0	0	0	1	0	0	1
-99	0	0	0	0	0	0	0	0	0	0	0	0	0	0	1	0	0	0	0	0	0	0	1
-95	0	0	0	0	0	0	0	0	0	0	0	0	0	0	1	0	0	0	0	0	0	0	1
-91	0	0	0	0	0	0	0	0	0	0	0	0	0	0	1	0	0	0	0	0	0	1	1
-90	0	1	0	0	0	0	0	0	0	0	0	0	0	0	0	0	0	0	0	0	0	0	1
-85	0	0	0	0	0	0	0	0	0	0	0	0	0	0	1	0	0	0	0	0	0	0	1
-84	0	0	0	0	0	0	0	0	0	0	0	0	0	0	1	0	0	0	0	0	0	0	1
-82	0	1	0	0	0	0	0	0	0	0	0	0	0	0	0	0	0	0	0	0	0	0	1
-74	0	0	0	0	0	0	0	0	0	0	1	0	0	0	0	0	0	0	0	0	1	0	1
-73	0	0	0	0	1	0	0	0	0	0	0	0	0	0	0	0	0	0	0	0	0	0	1
-72	0	0	0	1	0	0	0	0	0	0	0	0	0	0	0	0	0	0	0	0	0	0	1
-71	0	0	0	0	0	0	0	0	0	0	0	0	0	0	1	0	0	0	0	1	1	0	2
-70	0	0	0	0	1	0	0	0	0	0	0	0	0	0	1	0	0	0	0	0	0	0	2
-68	0	0	0	0	0	0	0	0	0	0	0	0	0	0	0	0	0	0	0	1	0	0	1
-67	0	0	0	0	0	0	0	0	0	0	0	0	0	0	0	0	0	0	0	1	0	0	1
-66	0	0	0	2	0	0	0	0	0	0	0	0	0	0	0	0	0	0	0	0	0	0	2
-63	0	0	0	0	0	0	0	0	1	0	0	0	0	0	0	0	0	0	0	0	0	1	1
-62	0	0	0	1	0	0	0	0	2	0	0	0	0	1	0	0	0	0	0	1	0	0	5
-61	0	0	0	0	0	0	4	0	0	0	0	0	0	0	0	0	0	0	0	0	0	0	4
-58	0	0	0	0	0	0	0	0	0	0	0	0	0	0	0	0	0	0	2	0	0	0	2
-56	0	0	0	0	0	0	0	0	0	3	0	0	0	0	0	0	0	0	0	0	0	0	3
-55	0	0	0	0	0	0	0	1	0	0	0	0	0	1	0	0	0	0	0	0	0	0	2
-53	0	0	0	0	1	0	0	0	0	0	0	0	0	0	0	0	0	0	0	0	0	0	1
-51	0	0	0	0	0	0	0	0	0	0	0	1	0	0	0	0	0	0	0	0	0	0	1
-50	0	0	0	0	1	0	0	0	0	0	0	0	0	0	2	0	0	0	0	0	1	0	3
-49	0	0	0	0	0	0	0	0	1	0	0	0	0	0	0	0	0	0	0	0	0	1	1
-48	0	0	2	0	1	0	0	0	0	0	10	0	0	0	0	0	0	0	0	0	8	0	13
-47	0	0	0	0	0	0	0	0	3	0	1	0	0	0	0	0	0	0	1	0	1	3	5
-46	0	0	0	0	0	0	0	0	1	1	0	0	0	0	0	0	0	0	0	0	0	1	2
-45	0	0	0	0	0	0	0	0	1	1	0	0	0	0	1	0	0	0	0	1	0	1	4
-44	0	0	0	1	0	0	0	0	0	0	0	0	0	0	0	0	2	0	0	0	2	0	3
-43	0	0	0	0	0	0	0	0	0	0	0	0	0	0	1	0	1	0	0	0	0	0	2
-42	0	0	0	0	0	0	0	0	1	2	0	0	0	0	0	0	0	0	0	0	0	0	3
-41	0	0	0	0	0	0	0	0	0	1	0	0	0	0	0	0	0	0	0	0	1	0	1
-40	0	0	0	0	0	0	0	0	0	0	0	0	0	1	0	0	0	0	0	0	1	0	1
-39	0	0	0	0	0	0	0	1	0	0	0	0	0	0	2	0	1	0	0	1	0	2	5
-37	0	0	0	0	0	0	0	0	0	1	0	0	0	0	0	0	0	0	0	0	0	0	1
-36	0	0	0	0	0	0	0	0	0	0	1	0	0	0	1	0	2	0	0	0	0	0	4
-35	0	0	0	0	1	0	0	0	0	0	0	0	0	2	0	0	2	0	0	0	0	0	5
-34	0	0	0	0	0	0	0	0	0	0	0	4	0	0	0	0	1	0	0	0	3	0	5
-33	0	0	0	1	0	0	0	0	0	0	0	0	0	0	0	0	0	0	0	0	0	0	1
-32	0	0	0	0	0	0	0	0	0	0	0	0	1	0	0	0	0	1	0	0	0	0	2
-30	0	0	0	0	0	0	0	0	0	1	2	0	0	0	0	0	0	0	0	0	0	0	3
-29	0	0	0	4	0	0	0	0	0	0	0	0	0	0	0	0	0	0	0	0	0	0	4
-27	0	0	0	0	0	0	0	1	0	0	0	0	0	0	1	0	0	0	0	0	1	0	2
-26	0	0	1	0	0	0	0	0	0	0	0	0	0	0	0	0	0	0	0	0	0	0	1
-25	0	0	0	6	0	0	0	0	0	0	0	0	0	1	0	0	0	0	0	0	0	0	7
-24	0	0	0	0	0	0	0	1	0	0	0	0	0	0	0	0	0	0	0	0	0	0	1
-23	0	0	0	0	0	0	0	0	0	0	0	1	0	0	0	1	0	0	0	1	0	0	3
-22	0	0	0	0	0	0	0	0	0	0	0	0	0	0	0	0	0	3	0	0	0	0	3
-20	0	0	0	0	0	0	0	0	0	0	0	0	1	0	0	0	0	0	0	1	0	0	2
-19	0	0	0	0	0	0	0	0	0	1	0	0	0	3	0	0	1	0	0	0	3	0	5
-18	0	0	73	46	4	0	3	10	1	21	4	3	16	67	0	18	40	9	0	8	101	0	323
-17	0	28	20	5	6	0	2	16	8	17	2	58	14	107	3	9	34	8	15	14	152	4	366
-16	0	8	6	5	3	0	4	2	2	2	0	5	1	10	0	2	1	1	1	1	18	0	54
-15	0	0	3	0	1	0	0	1	0	1	1	5	0	9	0	0	3	1	0	1	10	0	26
-14	1	0	0	1	0	0	0	1	1	0	0	3	0	2	0	0	0	0	0	0	1	0	9
-13	0	0	0	0	0	0	0	0	0	0	0	0	0	1	0	0	0	0	0	0	1	0	1
-12	0	0	0	1	1	0	0	0	0	0	0	0	0	0	1	0	0	0	0	0	0	0	3
-11	0	0	0	1	0	0	0	0	1	0	0	0	0	0	0	0	0	0	0	0	1	0	2
-9	0	4	0	1	0	0	0	0	0	1	0	1	0	0	0	0	0	0	0	0	1	0	7
-6	0	0	0	0	1	0	0	0	0	0	0	0	0	0	0	1	0	0	0	0	0	0	2
-4	0	0	2	1	0	0	0	0	0	0	1	0	0	0	0	0	0	0	0	0	1	0	4
-3	2	0	0	0	1	0	0	0	2	1	0	0	0	1	0	0	0	0	0	0	1	1	7
-2	11	4	5	5	6	0	2	19	3	23	261	14	2	9	3	9	12	13	9	4	314	3	414
-1	25	2	9	17	11	0	2	20	12	34	43	7	2	15	6	17	17	29	2	13	139	11	283
1	580	46	233	328	165	385	132	403	234	577	138	513	272	314	98	285	354	504	59	168	1269	151	5788
2	77	17	33	39	18	59	18	51	28	55	30	104	45	41	6	45	51	59	5	27	118	4	808
3	4	1	8	3	0	9	1	1	0	5	2	5	6	4	0	2	2	1	0	2	4	0	56
4	0	0	1	2	0	0	1	0	0	1	0	0	0	0	0	1	0	0	0	0	1	0	6
5	0	0	0	0	0	0	0	0	0	1	1	0	0	0	0	0	0	0	0	0	0	0	2
6	0	1	0	0	0	0	0	0	0	0	0	0	0	0	0	0	0	0	0	0	0	0	1
7	0	1	1	0	0	1	0	0	0	0	2	0	0	0	0	0	0	0	0	0	0	0	5
8	0	1	1	0	0	0	0	0	0	0	2	0	0	0	0	0	0	0	0	0	0	0	4
10	1	0	0	0	0	0	0	0	0	0	0	0	0	0	0	0	0	0	0	0	0	0	1
11	0	0	0	0	0	0	0	2	0	0	0	0	0	0	0	0	0	0	0	0	1	0	2
12	0	0	0	1	0	0	0	3	0	0	0	5	0	0	0	2	0	0	21	0	26	0	32
13	0	0	0	0	1	0	0	0	0	0	0	3	0	0	0	0	0	0	0	0	3	0	4
14	0	0	0	2	0	1	0	0	4	4	0	0	0	1	0	1	1	0	0	0	0	0	14
15	0	0	2	0	0	2	0	1	2	0	3	0	0	1	0	0	0	0	0	0	4	0	11
16	17	1	17	29	1	14	7	11	4	10	387	6	17	6	4	13	6	13	29	2	158	5	594
17	5	0	2	6	0	11	0	5	0	8	62	10	4	4	1	4	2	4	8	0	37	1	136
18	0	0	0	0	0	2	0	1	1	2	11	0	1	1	1	1	0	1	3	1	7	1	26
19	1	0	0	0	0	0	0	0	2	0	0	0	0	1	0	0	0	0	0	0	0	0	4
20	0	0	2	0	0	1	0	0	0	0	0	0	0	0	0	0	0	0	0	0	2	0	3
22	33	1	35	36	8	63	0	12	4	18	7	25	36	14	0	14	17	21	1	9	9	0	354
23	10	0	7	14	1	12	0	3	1	12	2	11	12	4	0	11	4	10	1	1	1	0	116
24	2	0	1	12	2	11	0	0	0	2	0	4	3	2	0	3	1	2	0	2	0	0	47
25	0	0	1	0	0	0	0	0	0	0	0	0	0	0	0	0	0	0	0	1	0	0	2
26	0	0	0	1	0	0	0	0	0	0	0	0	0	0	0	0	0	0	0	0	0	0	1
27	0	0	0	0	0	0	0	0	0	1	0	0	0	0	0	0	0	0	0	0	0	0	1
28	0	1	0	0	0	0	0	0	2	0	2	0	0	0	0	0	0	0	0	0	3	0	5
29	0	0	0	0	0	0	0	0	0	0	0	0	1	0	0	0	0	0	0	0	0	0	1
30	0	0	0	0	0	0	0	0	0	0	0	0	0	0	1	0	0	1	0	0	2	0	2
31	0	0	0	0	0	1	0	0	0	0	0	1	0	1	0	0	0	0	0	0	1	0	3
32	0	0	0	2	0	0	0	0	0	1	1	0	0	0	0	1	1	1	10	0	7	0	17
33	0	1	0	0	0	1	0	1	0	1	0	0	0	1	0	0	0	0	4	0	2	0	9
34	0	0	0	0	0	0	0	0	0	2	0	0	0	0	0	0	0	0	0	0	0	0	2
35	0	0	0	0	0	0	0	0	0	1	0	0	0	0	0	0	0	0	0	0	0	0	1
36	0	0	0	0	0	0	0	0	0	0	0	0	0	0	1	0	0	0	0	0	0	1	1
38	11	0	5	3	2	6	1	4	0	7	1	2	6	0	0	2	0	3	0	1	1	0	54
39	11	0	1	5	1	3	0	1	0	8	0	0	2	0	0	1	3	2	0	0	3	0	38
40	1	0	0	3	0	0	0	1	0	1	0	0	0	0	0	0	0	1	0	0	2	0	7
41	0	0	0	0	0	0	0	1	0	0	0	0	0	0	0	0	0	0	0	0	1	0	1
42	13	0	0	2	0	0	0	0	2	2	6	3	2	3	0	62	12	1	0	0	92	0	108
43	1	0	0	0	0	0	0	0	0	0	0	2	1	1	0	11	2	0	0	0	14	0	18
44	0	0	0	0	0	0	0	0	0	0	1	0	0	0	0	4	1	0	0	0	4	0	6
50	0	0	0	0	0	0	0	0	0	0	0	0	1	0	0	0	0	0	0	0	0	0	1
52	0	0	0	0	0	0	0	0	0	0	0	0	0	0	1	0	0	0	0	0	0	1	1
53	0	0	0	2	0	2	0	0	0	0	0	0	0	0	1	0	0	0	0	0	0	1	5
54	0	0	0	0	0	0	0	0	0	0	1	0	0	0	0	0	0	0	0	0	1	0	1
55	0	0	0	0	0	0	0	0	0	0	4	0	0	0	0	0	0	0	0	0	4	0	4
56	0	0	1	0	0	0	0	0	0	0	0	0	0	0	0	0	2	0	0	0	2	0	3
57	3	0	2	0	0	4	2	0	2	2	0	0	3	0	4	0	1	1	0	0	18	0	24
58	1	0	0	0	0	5	0	0	0	2	0	0	0	1	1	0	0	0	0	0	7	0	10
59	0	0	0	0	0	0	0	0	0	0	0	1	0	0	0	0	0	1	0	0	0	0	2
60	0	0	0	0	0	0	0	0	0	0	0	0	0	3	0	1	0	0	5	0	5	0	9
61	0	0	0	0	0	0	0	0	0	0	0	0	0	1	0	0	0	0	0	1	1	0	2
62	0	0	0	0	0	0	0	0	2	0	0	0	0	0	0	0	0	0	0	0	0	0	2
63	2	0	0	0	9	2	0	0	0	0	0	0	0	0	0	4	0	0	0	0	9	0	17
64	1	0	0	0	1	0	0	0	0	1	0	0	0	1	0	1	0	0	0	0	2	0	5
68	0	0	0	0	0	0	0	1	0	0	0	0	0	0	0	0	0	0	0	0	1	0	1
70	0	0	0	0	0	0	0	0	0	0	0	0	0	0	0	0	0	1	0	0	1	0	1
71	0	0	0	0	0	0	0	0	0	0	0	0	0	0	0	0	0	1	0	0	0	0	1
72	0	0	0	1	0	1	0	0	0	0	0	0	0	0	0	0	0	0	0	0	0	0	2
75	0	0	2	0	0	0	0	0	0	1	0	0	0	0	0	0	0	0	0	0	1	0	3
80	0	0	0	1	0	0	0	0	0	1	0	0	1	0	1	4	0	0	0	1	0	1	9
81	1	0	0	0	0	0	0	0	0	0	1	0	0	0	1	0	0	0	0	0	1	1	3
84	0	0	0	1	0	0	0	0	0	1	0	0	0	0	0	0	0	0	0	0	0	0	2
87	0	0	1	0	0	0	0	0	0	0	0	0	0	0	0	0	0	0	0	0	0	0	1
91	0	0	0	0	0	0	0	1	0	0	0	0	0	0	0	1	0	0	0	0	0	0	2
92	0	0	0	0	0	0	0	0	1	0	0	0	0	0	0	0	0	0	0	0	0	1	1
94	0	0	0	0	0	0	0	0	0	0	0	0	0	0	0	0	1	0	0	0	0	0	1
96	0	0	0	0	1	0	0	0	0	0	0	0	0	0	0	0	0	0	0	0	0	0	1
97	0	0	2	0	0	0	0	0	0	1	0	0	0	0	0	0	0	0	0	0	0	0	3
101	0	0	0	0	0	0	0	0	0	0	1	0	0	0	0	0	0	0	0	0	0	0	1
102	0	0	0	1	0	0	0	0	0	0	1	0	0	0	0	0	0	0	0	0	0	0	2
103	0	0	0	1	0	0	0	0	0	0	0	0	0	0	0	0	0	0	0	0	0	0	1
109	0	0	0	0	1	0	0	0	0	0	0	0	0	0	0	1	0	1	0	0	1	0	3
111	0	0	0	0	0	0	0	0	0	0	0	0	0	0	0	1	0	0	0	0	0	0	1
113	0	0	0	0	0	0	0	0	0	0	1	0	0	0	0	0	0	0	0	0	1	0	1
114	0	0	0	0	0	0	0	1	0	0	0	0	0	0	0	0	0	0	0	0	0	1	1
115	0	0	0	2	0	0	0	0	0	1	0	0	0	0	0	0	0	0	0	0	1	2	3
116	0	0	0	3	0	0	0	0	0	0	0	0	1	0	0	0	1	0	0	0	0	3	5
117	0	0	0	0	0	0	0	0	0	0	0	0	1	0	0	0	0	0	0	0	0	0	1
123	2	0	0	0	0	0	0	0	0	0	0	0	0	0	0	0	0	0	0	0	2	0	2
127	0	0	0	0	0	1	0	0	0	0	0	0	1	0	0	0	0	0	0	0	0	0	2
128	0	0	0	0	0	0	0	4	1	1	1	2	1	0	1	3	1	0	0	1	2	2	16
129	1	0	3	12	0	1	0	0	0	0	0	0	0	0	0	3	0	0	0	0	0	14	20
130	0	0	0	2	0	0	0	0	0	0	0	0	0	0	0	0	0	0	0	0	0	2	2
132	0	0	0	0	1	0	0	0	0	0	0	0	0	0	0	0	0	0	0	0	1	0	1
138	0	0	0	0	0	1	0	0	0	0	0	0	0	0	0	0	0	0	0	0	0	0	1
139	0	0	1	0	0	0	0	0	0	0	0	0	0	0	0	0	0	0	0	0	0	0	1
144	0	0	0	0	0	0	0	0	0	0	0	0	0	0	0	0	1	0	0	0	1	0	1
145	0	0	0	0	0	0	0	1	0	0	0	0	0	0	0	0	0	0	0	0	0	0	1
147	1	0	0	0	0	0	0	0	0	0	0	0	0	0	0	0	0	0	0	0	0	0	1
148	0	0	0	0	0	0	0	1	0	0	0	0	0	0	0	0	0	0	0	0	0	0	1
151	1	0	0	1	0	0	0	0	0	0	0	0	0	0	0	0	0	0	0	0	0	0	2
152	0	0	0	0	0	0	0	0	0	0	0	0	0	0	0	1	0	0	0	0	0	0	1
156	7	0	1	2	0	0	0	2	2	4	1	2	0	0	2	1	2	1	0	3	10	4	30
157	2	0	1	2	0	0	0	1	0	1	0	0	0	1	0	0	0	0	0	0	1	0	8
158	2	0	0	0	0	0	0	0	0	0	0	0	0	0	0	0	0	0	0	0	0	0	2
159	0	1	0	0	0	0	0	0	0	0	0	0	0	0	0	0	0	0	0	0	0	0	1
160	0	0	0	0	0	0	0	0	0	1	0	0	0	0	0	0	0	0	0	0	0	0	1
167	1	0	0	1	0	0	0	0	0	0	0	0	0	0	0	1	0	0	0	0	0	1	3
168	0	0	0	0	0	0	0	0	0	0	0	0	0	0	1	0	0	0	0	0	0	1	1
170	0	0	0	0	0	0	0	0	0	0	0	0	1	0	0	0	0	0	0	0	0	0	1
171	0	0	0	1	0	0	0	0	0	0	0	0	0	0	0	0	0	0	0	0	0	0	1
172	1	0	0	0	0	0	0	0	0	0	1	0	0	0	0	0	0	0	0	0	1	0	2
173	0	0	0	0	0	0	0	0	0	0	1	0	0	0	0	0	0	0	0	0	1	0	1
177	0	0	0	1	0	0	0	0	0	0	0	0	0	0	0	0	0	0	0	0	0	0	1
182	0	0	0	0	0	0	0	0	0	1	0	0	0	0	0	0	0	0	0	0	1	0	1
184	1	0	0	0	0	0	0	0	1	0	0	0	0	0	0	0	0	0	0	0	0	0	2
187	0	0	0	1	0	0	0	0	0	0	0	0	0	0	0	0	0	0	0	0	0	0	1
188	0	0	2	0	0	0	0	0	0	0	0	0	0	0	0	0	0	0	0	0	0	0	2
190	0	0	0	0	0	0	0	0	1	0	0	0	0	1	0	0	0	0	0	0	0	0	2
191	0	0	0	0	0	0	0	0	0	0	0	0	0	1	0	1	0	0	0	0	1	0	2
198	0	0	0	0	0	0	0	0	0	0	0	0	0	0	0	0	0	0	0	1	0	0	1
