 	A	C	D	E	F	G	H	I	K	L	M	N	P	Q	R	S	T	V	W	Y	Nterm	Cterm	Sum
-102	0	0	0	0	0	0	0	0	0	0	0	0	0	0	0	0	0	0	0	4	0	0	4
-92	0	3	0	0	0	0	0	0	0	0	0	0	0	0	0	0	0	0	0	0	0	0	3
-90	0	1	0	0	0	0	0	0	0	0	0	0	0	0	0	0	0	0	0	0	0	0	1
-89	0	0	0	0	0	0	0	0	0	0	0	0	0	0	1	0	0	0	0	0	0	0	1
-86	0	0	0	0	1	0	0	0	0	0	0	0	0	0	0	0	0	0	0	0	1	0	1
-85	0	0	0	0	0	0	0	0	0	0	0	0	0	0	1	0	0	0	0	0	0	0	1
-83	0	0	0	0	0	0	0	0	0	0	0	0	0	0	1	0	0	0	1	1	0	0	3
-81	0	0	0	0	0	0	0	0	0	0	0	0	0	0	1	0	0	0	0	0	0	0	1
-78	0	0	0	0	0	0	0	0	0	0	0	0	0	0	1	0	0	0	0	0	0	0	1
-77	0	1	0	0	0	0	0	0	0	0	0	0	0	0	0	0	0	0	0	0	0	0	1
-74	0	0	0	0	0	0	0	0	0	0	1	0	0	0	0	0	0	0	0	0	1	0	1
-73	0	0	0	0	2	0	0	0	0	0	0	0	0	0	0	0	0	0	0	0	0	0	2
-72	0	0	0	0	0	0	0	0	0	0	0	0	0	0	0	0	0	0	0	1	0	0	1
-71	0	0	0	0	0	0	1	0	0	0	0	0	0	0	0	0	0	0	0	0	0	0	1
-68	0	0	0	1	0	0	0	0	0	0	0	0	0	0	0	0	0	0	0	0	0	0	1
-67	0	0	0	0	0	0	0	0	0	0	3	0	0	2	0	0	0	0	0	0	1	0	5
-66	0	0	0	1	0	0	0	0	0	0	1	0	0	0	0	0	0	0	0	0	0	0	2
-61	0	2	0	0	1	0	6	0	0	0	0	0	0	1	0	0	0	0	0	0	2	0	10
-60	0	0	0	0	1	0	0	0	0	0	0	0	0	0	0	0	0	0	0	0	0	0	1
-58	0	0	0	0	0	0	0	0	0	0	1	0	0	0	0	0	0	0	0	0	0	0	1
-57	0	0	1	1	0	0	0	0	0	0	0	0	0	0	0	0	0	0	0	0	0	0	2
-56	0	0	0	0	0	0	0	0	0	0	0	0	0	2	0	0	0	0	0	0	0	0	2
-54	0	0	0	1	0	0	0	0	1	1	0	0	0	0	0	0	0	0	0	0	0	0	3
-53	0	0	0	1	0	0	0	0	0	1	0	0	0	0	0	0	0	0	0	0	0	0	2
-52	0	0	0	0	0	0	0	0	0	1	0	0	0	0	0	0	0	0	0	0	0	0	1
-51	0	0	1	0	0	0	0	0	0	0	0	0	0	0	0	0	0	0	0	0	0	0	1
-50	0	0	0	0	2	0	0	0	0	0	0	0	0	0	1	0	0	0	0	0	2	0	3
-48	0	0	0	1	0	0	0	0	1	1	14	0	0	1	0	0	0	0	0	0	9	1	18
-47	0	0	1	0	0	0	0	0	4	0	0	0	0	0	0	0	0	0	0	0	0	2	5
-46	0	0	1	0	0	0	0	1	0	0	0	0	0	0	0	0	0	0	0	0	1	0	2
-44	0	0	0	0	1	0	0	0	0	0	0	0	0	0	0	0	0	0	0	0	0	0	1
-43	0	0	0	1	0	0	1	0	0	0	0	1	0	0	0	0	0	0	0	0	0	0	3
-42	0	0	0	0	0	0	0	0	1	3	0	0	0	0	0	0	0	0	0	0	0	0	4
-41	0	0	0	0	0	0	0	0	1	0	0	0	0	0	0	0	0	0	0	0	0	0	1
-40	0	0	0	0	0	0	0	0	1	0	0	0	0	1	0	0	0	0	0	0	0	0	2
-36	0	0	0	2	0	0	0	1	0	0	0	0	0	0	1	0	2	0	0	0	0	0	6
-35	0	0	0	0	0	0	0	0	0	0	0	2	0	0	0	0	0	1	0	0	0	0	3
-34	0	0	0	0	0	0	0	0	0	0	0	2	0	0	0	0	1	0	0	1	2	0	4
-33	0	0	0	0	2	0	0	0	0	0	0	0	0	0	0	0	0	0	0	0	0	0	2
-31	0	0	0	0	0	0	0	0	0	0	0	0	0	0	0	0	0	1	0	0	0	0	1
-30	0	0	0	1	0	0	0	0	1	0	0	0	0	0	0	0	0	0	0	0	1	0	2
-29	0	0	0	0	0	0	0	0	4	1	1	0	0	0	0	0	1	1	0	0	2	3	8
-28	0	0	0	0	0	0	1	0	0	0	0	0	0	0	0	0	0	1	0	0	1	0	2
-27	0	0	0	0	0	0	0	0	0	0	0	0	0	0	1	0	0	0	0	0	0	1	1
-26	0	0	2	0	0	0	0	0	0	0	1	0	0	0	0	0	0	0	0	0	0	0	3
-25	0	0	0	3	0	0	0	0	0	0	0	0	0	0	0	0	0	0	0	0	0	0	3
-24	0	0	1	0	0	0	0	0	0	0	0	0	0	0	0	0	0	0	0	0	1	0	1
-23	0	0	0	0	1	0	0	0	0	0	0	1	0	0	0	1	0	0	0	0	0	0	3
-22	0	0	0	0	0	0	1	0	0	0	0	0	0	0	0	0	0	0	0	0	0	0	1
-21	0	0	0	0	0	0	0	0	0	0	1	1	0	0	0	0	0	0	0	0	1	0	2
-20	0	0	0	0	0	0	0	0	1	0	0	1	0	0	0	0	0	0	0	0	0	0	2
-19	0	0	0	0	0	0	0	0	0	0	0	0	0	1	0	0	0	0	0	0	1	0	1
-18	0	0	56	32	4	0	3	3	2	29	6	5	18	41	0	23	24	10	0	7	65	0	263
-17	0	25	26	4	2	0	6	11	6	12	3	64	10	124	0	8	31	4	14	6	160	2	356
-16	0	3	9	5	4	0	2	1	1	2	0	7	7	17	0	2	6	1	1	1	21	0	69
-15	0	0	7	2	1	0	0	1	0	0	0	4	0	4	0	0	2	0	1	0	5	0	22
-14	0	1	0	0	0	0	0	0	1	0	0	0	0	1	0	0	0	1	0	0	2	0	4
-13	1	0	0	1	0	0	0	0	0	0	0	0	0	1	1	0	0	0	0	0	0	0	4
-12	0	0	0	0	0	0	0	0	0	0	0	0	0	0	0	0	0	2	0	0	0	0	2
-11	0	0	0	0	1	0	0	0	0	0	0	0	0	0	0	0	0	0	0	0	0	0	1
-10	0	0	0	1	0	0	0	0	0	0	0	0	0	0	1	0	0	0	0	0	0	0	2
-9	0	6	0	0	0	0	0	1	0	0	0	0	1	0	0	0	0	0	0	0	0	0	8
-8	0	1	0	0	0	0	0	1	1	1	0	0	0	0	0	0	0	1	0	0	1	0	5
-7	0	0	2	1	0	0	0	0	0	0	0	0	0	0	0	0	0	0	0	0	0	0	3
-6	0	0	0	0	0	0	0	0	0	1	0	0	0	0	0	0	0	0	0	0	0	0	1
-5	0	0	0	0	0	0	0	0	0	1	0	0	0	0	0	0	0	0	0	0	0	0	1
-4	0	0	0	0	0	0	0	1	1	0	0	0	0	0	0	1	1	0	1	0	3	0	5
-3	2	0	0	1	1	0	0	2	2	1	0	0	0	1	1	0	0	2	0	0	6	1	13
-2	8	2	3	8	3	0	2	12	4	13	141	7	0	11	7	6	9	11	9	1	189	8	257
-1	14	0	6	26	7	0	5	31	12	16	23	10	5	10	4	8	7	14	1	7	99	9	206
1	385	47	190	232	121	310	121	337	196	419	101	505	209	265	66	210	273	411	33	123	1036	111	4554
2	52	8	26	27	17	45	9	49	11	56	21	55	24	42	6	41	30	47	6	24	129	6	596
3	2	0	1	1	2	4	0	3	1	8	2	3	1	2	0	0	2	2	0	1	10	0	35
4	1	0	1	1	0	0	0	0	0	0	3	0	0	0	0	1	0	0	1	0	1	0	8
5	0	1	1	1	0	2	0	0	0	1	4	0	0	7	0	0	1	1	1	1	5	0	21
6	0	1	0	0	0	1	0	0	0	0	0	0	0	1	0	0	0	0	0	0	0	0	3
7	0	0	0	0	0	1	0	0	0	0	2	0	0	0	0	0	0	1	0	0	0	0	4
8	0	0	0	0	0	0	0	0	0	0	2	0	0	0	0	0	0	0	0	0	0	0	2
9	0	0	0	0	0	1	0	0	1	0	0	0	0	0	0	0	0	0	0	0	1	0	2
10	0	0	0	0	0	0	0	1	0	0	0	2	0	0	0	0	0	0	0	0	1	0	3
11	0	0	0	0	1	0	0	0	0	0	0	0	0	0	0	0	0	0	0	0	0	0	1
12	1	0	0	0	1	1	0	1	0	0	0	5	0	1	0	1	0	1	21	0	25	0	33
13	1	0	0	0	0	0	0	0	0	0	0	2	2	0	0	1	0	0	0	0	5	0	6
14	0	0	0	7	0	1	0	0	6	0	2	2	1	0	0	0	0	0	0	0	3	0	19
15	0	0	0	0	0	0	0	0	6	1	3	0	0	1	0	1	0	0	1	0	5	0	13
16	88	29	29	49	3	32	18	22	24	92	1270	49	41	12	9	26	72	42	43	11	455	8	1961
17	5	2	3	1	0	9	6	4	2	19	69	9	4	3	2	10	7	3	8	0	69	3	166
18	1	0	1	0	0	1	0	1	0	6	9	1	0	1	0	0	1	2	0	1	13	0	25
19	0	0	0	0	0	0	0	0	1	3	0	0	0	1	0	0	0	0	0	0	4	0	5
20	0	0	0	0	0	0	0	0	0	0	0	0	0	0	1	0	0	0	0	0	1	0	1
21	2	3	0	0	0	0	0	0	0	0	0	0	0	0	0	0	0	0	0	0	0	0	5
22	112	14	98	67	23	104	4	40	3	42	25	48	75	42	1	48	43	65	6	13	26	1	873
23	17	2	13	16	2	20	1	6	1	12	3	11	10	2	0	6	12	15	0	2	1	0	151
24	4	0	5	18	0	4	0	1	0	3	1	2	2	1	0	3	0	0	0	0	0	0	44
25	0	0	0	0	0	0	0	0	0	0	0	0	0	2	0	0	0	0	1	0	0	0	3
26	1	0	0	0	0	0	0	0	0	0	0	0	0	0	0	0	0	0	0	1	0	0	2
27	0	0	0	0	0	0	0	0	0	0	0	0	0	0	0	0	1	0	0	0	0	0	1
28	0	0	2	0	0	1	0	0	0	0	2	0	0	0	0	3	0	0	0	0	2	0	8
32	1	1	0	4	0	2	0	0	1	0	24	1	0	1	0	0	1	0	20	0	23	0	56
33	0	0	0	0	0	2	1	1	0	0	1	0	0	0	0	0	0	1	7	0	0	0	13
34	1	0	0	0	0	1	0	0	0	0	0	0	0	0	0	0	0	0	0	0	0	0	2
35	0	0	0	1	0	0	1	0	0	0	0	0	0	0	0	0	0	1	0	0	2	0	3
36	0	0	0	0	0	0	0	0	0	1	0	0	0	0	0	0	0	0	0	0	0	0	1
38	32	1	23	35	8	15	1	22	1	16	4	15	20	1	0	7	12	15	1	5	4	0	234
39	6	0	1	2	0	3	0	5	0	3	0	0	2	3	0	0	3	11	0	0	0	0	39
40	0	1	0	0	1	0	0	0	0	0	0	0	0	0	0	0	0	0	0	0	1	0	2
42	10	0	3	0	0	0	0	1	0	1	8	0	0	3	0	47	11	1	0	0	77	0	85
43	1	0	1	1	0	1	0	0	0	0	1	1	0	0	0	9	0	0	0	0	11	0	15
44	0	0	0	0	0	0	0	0	0	0	0	0	0	0	0	1	0	0	0	0	1	0	1
45	2	0	0	5	0	2	0	0	0	0	0	0	0	0	0	0	0	0	0	0	0	0	9
47	1	0	0	0	0	0	0	0	0	0	0	0	0	0	0	0	0	0	0	0	0	0	1
50	0	0	0	0	0	0	0	1	0	0	0	0	0	0	0	0	0	0	0	0	1	0	1
51	0	0	0	0	0	0	0	0	0	0	1	0	0	0	0	1	0	0	0	0	1	0	2
52	0	0	1	0	0	1	0	0	0	0	0	2	0	0	1	0	0	0	0	0	0	1	5
53	3	0	0	1	1	1	0	0	0	0	0	0	0	0	0	0	0	0	0	1	0	0	7
54	0	0	0	0	0	0	0	0	0	0	0	0	0	0	0	0	0	0	0	1	0	0	1
55	0	0	0	0	0	0	0	0	0	0	2	0	2	0	0	0	0	0	0	0	2	0	4
56	0	0	0	0	0	0	0	0	0	0	0	0	0	0	1	0	1	0	0	0	1	0	2
57	4	0	0	0	2	1	0	1	0	2	0	0	5	0	0	0	2	0	0	0	13	0	17
58	0	0	0	1	1	1	0	0	0	1	0	1	0	0	0	0	0	0	0	0	3	0	5
59	0	0	0	0	0	0	0	0	1	0	0	0	0	0	0	2	0	0	0	0	0	1	3
60	0	0	0	0	0	0	0	0	0	0	0	0	0	0	0	0	0	0	5	0	5	0	5
61	0	0	0	0	0	0	0	0	0	0	0	0	0	0	1	0	0	0	0	0	0	0	1
62	0	0	0	0	0	0	0	0	1	0	0	0	0	0	1	0	0	0	2	0	2	0	4
63	0	0	0	0	0	0	0	0	0	0	0	0	1	0	1	0	0	1	0	1	0	0	4
64	2	0	0	0	0	0	0	0	0	2	0	0	0	2	0	1	0	0	0	0	1	0	7
66	1	0	1	0	0	1	0	0	0	0	0	0	0	0	0	0	0	1	0	0	0	0	4
70	1	0	0	0	0	0	0	0	0	0	0	0	0	0	0	0	0	0	0	0	0	0	1
76	0	0	0	0	0	1	0	0	0	0	0	0	0	0	0	0	0	0	0	0	0	0	1
77	0	0	1	0	0	0	0	0	0	0	0	0	0	0	0	0	0	0	0	0	0	0	1
80	0	0	0	0	0	1	2	1	0	0	0	0	0	0	0	3	0	0	0	0	0	0	7
83	0	0	0	0	0	0	0	0	0	0	1	0	0	0	0	0	0	0	0	0	1	0	1
84	0	0	0	0	0	0	0	0	0	2	0	0	0	0	0	0	0	0	0	0	0	0	2
85	0	0	0	0	0	0	0	0	0	0	0	0	0	0	0	1	0	0	0	0	0	0	1
86	0	0	0	0	2	0	0	0	1	0	0	0	0	0	0	0	0	0	0	0	0	0	3
87	0	0	0	0	1	0	0	0	0	0	0	0	0	0	0	0	0	0	0	0	0	0	1
90	0	0	0	0	0	0	0	0	0	0	0	1	0	0	0	0	0	0	0	0	0	0	1
96	0	0	0	0	0	0	0	0	0	1	0	0	0	0	1	0	0	0	0	0	0	0	2
97	0	0	1	0	0	1	0	0	0	0	0	0	1	0	0	0	0	0	0	0	0	0	3
101	0	0	0	0	0	0	0	0	0	0	0	0	0	0	0	0	0	1	0	0	0	0	1
102	0	0	0	0	0	0	0	0	0	0	0	0	0	0	0	0	0	1	0	0	0	0	1
103	0	0	1	0	0	0	0	0	0	0	0	1	0	0	0	0	0	0	0	0	0	0	2
107	0	0	0	0	0	0	0	0	0	1	0	0	0	0	0	0	0	0	0	0	0	0	1
108	0	0	0	0	0	0	0	1	0	0	0	0	0	0	0	0	0	0	0	0	0	0	1
109	0	0	0	0	2	0	0	0	0	0	0	0	0	0	0	0	0	0	0	0	0	0	2
110	0	0	1	0	0	0	0	0	0	0	0	0	0	0	0	0	0	0	0	0	0	0	1
115	0	0	0	0	0	0	0	0	0	1	0	0	0	0	0	0	0	0	0	0	1	0	1
117	0	0	0	0	0	0	0	0	0	0	1	0	0	0	1	0	0	0	0	0	1	0	2
119	0	0	0	2	0	0	0	0	0	0	0	0	0	0	0	0	0	0	0	0	1	0	2
125	0	0	0	0	0	0	0	0	0	0	0	0	0	0	0	0	2	0	0	0	0	0	2
128	1	0	2	0	0	1	0	0	3	1	0	3	4	0	1	1	1	1	0	0	0	3	19
129	0	0	0	9	0	2	0	1	0	0	0	0	0	0	0	1	2	1	0	2	2	8	18
130	0	0	0	3	0	0	0	0	0	0	0	0	0	0	0	0	0	0	0	0	0	3	3
133	0	0	0	0	0	0	0	1	0	0	0	0	0	0	0	0	0	0	0	0	0	0	1
144	0	0	0	0	0	0	0	0	1	1	1	0	0	0	1	0	1	1	0	0	3	1	6
145	0	0	0	0	0	0	0	0	0	0	0	0	0	0	0	0	1	3	0	0	0	0	4
147	0	0	0	0	0	0	0	0	1	0	0	0	0	0	0	0	0	0	0	0	0	0	1
148	0	0	0	0	0	0	0	0	0	0	0	1	0	0	0	1	0	0	0	0	0	0	2
156	15	0	0	2	1	4	0	2	4	3	2	1	4	0	0	1	3	2	0	6	12	4	50
157	0	0	0	0	0	0	0	0	0	3	0	0	0	0	0	0	0	0	0	1	1	0	4
160	0	0	0	0	0	0	0	0	0	0	0	0	0	1	0	0	0	0	0	0	1	0	1
168	0	0	0	0	0	0	0	0	0	0	0	0	1	0	0	0	0	0	0	0	0	0	1
172	1	0	0	1	0	1	0	0	0	0	4	0	0	0	0	0	1	0	0	0	3	0	8
180	0	0	0	0	0	0	0	0	1	0	0	0	0	0	0	0	0	0	0	0	0	0	1
182	0	0	0	0	0	0	0	0	0	3	0	0	0	0	0	0	0	0	0	0	3	0	3
184	1	0	0	0	0	0	0	0	1	0	0	0	0	0	0	0	0	0	0	0	0	0	2
185	0	0	0	0	0	1	0	0	0	1	0	0	0	0	0	0	0	0	0	0	0	0	2
186	0	0	0	0	0	0	0	0	0	0	0	0	0	0	0	0	1	0	0	0	0	0	1
187	0	0	0	0	0	0	1	0	0	0	0	0	0	0	0	0	0	1	0	0	0	0	2
188	0	0	0	0	0	0	0	0	1	0	0	0	0	0	0	0	0	0	0	0	0	0	1
189	0	0	0	0	0	0	0	0	1	0	0	0	0	0	0	0	0	0	0	0	0	0	1
190	0	0	0	0	0	0	0	0	1	0	0	0	0	0	0	0	0	0	0	0	0	0	1
197	0	0	0	0	0	0	0	1	0	0	0	0	0	0	0	0	0	0	0	0	0	0	1
