 	A	C	D	E	F	G	H	I	K	L	M	N	P	Q	R	S	T	V	W	Y	Nterm	Cterm	Sum
-112	0	0	0	0	0	0	0	0	0	0	0	0	0	0	0	0	0	0	2	0	0	0	2
-104	0	0	0	0	0	0	0	0	0	0	0	0	0	0	0	0	0	0	1	0	0	0	1
-102	0	0	0	0	0	0	0	0	0	0	0	0	0	0	0	0	0	0	0	1	0	0	1
-92	0	0	0	0	0	0	0	0	0	0	0	0	0	0	0	0	0	0	0	1	0	0	1
-91	0	1	0	0	0	0	0	0	0	0	0	0	0	0	0	0	0	0	0	1	0	0	2
-90	0	0	0	0	1	0	0	0	0	0	0	0	0	0	0	0	0	0	0	0	0	0	1
-89	0	1	0	0	2	0	0	0	0	0	0	0	0	0	0	0	0	0	0	1	0	0	4
-88	0	1	0	0	0	0	0	0	0	0	0	0	0	0	0	0	0	0	0	0	1	0	1
-85	0	0	0	0	0	0	0	0	0	0	0	0	0	0	2	0	0	0	0	0	0	0	2
-77	0	0	0	0	0	0	0	0	0	0	0	0	0	0	0	0	0	0	0	1	0	0	1
-75	0	5	0	0	0	0	0	0	0	0	0	0	0	0	0	0	0	0	0	0	0	0	5
-74	0	3	0	0	0	0	0	0	0	0	0	0	0	0	1	0	0	0	0	0	0	1	4
-73	0	2	0	0	0	0	1	0	0	0	0	0	0	0	0	0	0	0	0	0	0	0	3
-71	0	0	0	1	0	0	0	0	0	0	0	0	0	0	0	0	0	0	0	0	0	0	1
-70	0	0	0	1	0	0	0	0	0	0	0	0	0	0	0	0	0	0	0	0	0	0	1
-68	0	0	0	0	0	0	0	0	1	0	0	0	0	0	0	0	0	0	0	0	0	0	1
-66	0	0	0	0	0	0	0	0	0	0	0	0	0	0	0	0	0	0	0	1	0	0	1
-63	0	0	0	0	0	0	0	0	1	0	0	0	0	0	0	0	0	0	0	0	0	1	1
-62	0	0	0	0	0	0	1	0	0	0	0	0	0	0	2	0	0	0	0	0	0	0	3
-61	0	2	0	0	0	0	6	0	0	0	0	0	0	0	0	0	0	0	0	1	3	0	9
-60	0	0	0	0	0	0	0	0	1	0	0	0	0	0	0	0	0	0	3	0	0	1	4
-59	0	0	0	0	0	0	0	0	0	0	0	0	0	0	1	0	0	0	0	0	0	0	1
-58	0	0	0	0	0	0	0	0	0	0	0	0	0	0	2	0	0	0	0	0	0	2	2
-57	0	277	10	10	2	0	3	0	4	0	5	3	0	2	2	0	0	0	0	4	3	1	322
-56	0	20	3	2	3	0	1	2	0	3	4	2	0	2	0	0	0	0	0	0	2	0	42
-55	0	3	0	0	0	0	0	1	0	1	1	0	0	0	0	0	0	0	0	0	0	0	6
-54	0	0	0	0	0	0	0	0	0	1	0	0	0	0	0	0	0	0	0	0	0	0	1
-53	0	0	0	0	0	0	0	0	0	1	0	0	0	0	0	0	0	0	0	0	0	0	1
-52	0	0	0	0	0	0	0	0	0	0	0	1	0	0	0	0	0	0	0	0	0	0	1
-51	0	0	0	0	1	0	0	0	1	0	0	0	0	0	0	0	0	0	0	0	0	0	2
-50	0	0	1	0	1	0	0	0	0	0	0	0	0	0	0	0	0	0	0	0	1	0	2
-48	0	0	0	0	1	0	0	0	0	0	0	0	0	0	0	0	0	0	0	0	0	0	1
-47	0	0	0	0	0	0	0	0	1	0	0	0	0	0	0	0	0	0	0	0	0	1	1
-46	0	0	0	0	0	0	0	0	0	0	0	0	0	0	1	0	0	0	0	2	2	0	3
-45	0	6	2	2	0	0	0	0	0	1	0	0	0	1	0	0	0	0	1	0	6	0	13
-44	0	0	0	1	0	0	0	1	0	1	1	0	0	0	1	0	2	0	0	0	2	0	7
-43	0	1	0	1	0	0	0	1	0	0	0	1	0	0	0	0	0	0	0	0	0	0	4
-42	0	0	0	0	0	0	0	1	0	0	0	0	0	0	0	0	0	0	0	0	0	0	1
-41	0	0	0	0	0	0	0	0	0	0	0	0	0	0	0	0	1	1	0	0	1	0	2
-40	0	0	0	0	0	0	0	0	0	0	0	0	0	0	1	0	0	0	0	0	0	0	1
-39	0	0	0	0	0	0	0	0	0	1	0	0	0	2	0	0	0	0	0	0	0	0	3
-37	0	0	0	0	0	0	4	0	0	0	0	1	0	0	0	0	0	0	0	0	0	0	5
-36	0	0	0	0	0	0	0	0	1	0	0	0	1	0	0	0	1	0	0	0	0	1	3
-35	0	0	0	0	0	0	0	0	0	1	0	0	0	1	0	0	0	0	0	0	0	0	2
-34	0	0	0	0	0	0	0	0	0	0	0	2	0	0	0	0	0	0	0	0	2	0	2
-33	0	0	1	0	0	0	0	0	0	0	0	0	0	0	0	0	0	0	0	0	0	0	1
-32	0	0	0	2	1	0	0	0	0	1	0	0	0	0	0	0	0	0	0	0	1	0	4
-31	0	0	0	0	0	0	0	0	0	0	0	0	0	2	0	0	0	0	0	0	1	0	2
-29	0	0	0	0	0	0	0	0	1	0	0	0	0	0	0	1	0	0	0	0	1	0	2
-27	0	0	0	0	0	0	0	0	0	0	0	0	0	0	1	0	0	0	0	0	0	0	1
-26	0	0	0	0	0	0	0	0	0	1	0	0	0	0	0	0	0	0	0	0	0	0	1
-23	0	0	0	0	0	0	0	0	0	1	0	0	0	0	0	0	0	0	0	0	0	0	1
-22	0	0	0	0	0	0	0	0	0	0	0	1	0	0	0	0	0	1	0	0	0	0	2
-20	0	0	0	0	0	0	0	0	0	0	0	0	0	0	0	0	0	0	0	1	0	0	1
-19	0	0	0	0	0	0	0	1	1	0	0	0	0	0	0	0	0	0	0	0	0	0	2
-18	0	0	78	36	8	0	3	11	2	22	3	4	15	55	2	13	47	8	0	2	87	2	309
-17	0	38	32	20	5	0	5	16	11	22	3	48	13	193	2	11	38	16	12	15	237	2	500
-16	0	2	4	3	0	0	2	2	1	7	1	2	0	18	0	5	4	4	0	0	21	0	55
-15	0	0	2	0	0	0	1	2	0	1	0	4	1	2	0	1	0	0	0	0	4	0	14
-14	1	1	0	3	1	0	0	6	0	0	0	0	0	0	0	1	0	0	0	0	2	0	13
-13	0	0	0	0	0	0	0	0	1	0	0	1	0	1	0	1	2	0	0	0	0	0	6
-11	1	0	0	0	0	0	0	0	0	0	0	0	0	0	0	0	0	0	0	0	0	0	1
-10	0	0	0	0	0	0	0	0	0	0	1	0	0	0	0	0	0	0	0	0	0	0	1
-9	1	4	0	0	0	0	0	0	0	0	0	1	0	0	1	0	0	0	0	0	0	0	7
-8	0	1	0	0	0	0	0	0	1	0	0	0	1	0	0	0	0	2	2	0	0	0	7
-5	0	0	0	0	0	0	0	0	1	0	0	0	0	0	0	1	0	0	0	0	0	0	2
-4	0	0	0	0	0	0	1	0	0	0	0	0	0	0	1	0	0	0	0	0	1	0	2
-3	0	0	0	1	0	0	0	0	0	2	0	0	1	3	0	0	0	0	0	0	3	0	7
-2	1	1	1	8	0	0	0	6	0	4	0	1	1	4	2	3	3	8	0	5	29	0	48
-1	9	2	5	14	6	0	1	12	2	14	5	4	0	10	3	6	6	9	2	2	66	2	112
1	419	24	217	194	114	342	106	264	127	362	86	584	233	272	46	161	224	356	49	110	620	57	4290
2	41	7	30	38	19	63	7	18	16	28	13	69	30	37	3	17	21	36	6	8	44	1	507
3	3	1	0	1	0	7	1	1	2	0	2	6	1	1	0	2	2	2	0	1	1	0	33
4	0	0	0	2	2	0	1	0	0	0	0	0	0	0	0	0	5	0	10	0	6	0	20
5	0	1	1	3	0	0	0	0	0	1	1	0	1	3	0	0	1	1	1	0	3	0	14
8	0	0	0	2	0	0	0	0	0	0	0	0	0	0	0	0	0	0	0	0	0	0	2
9	0	0	0	0	0	0	0	0	0	0	0	0	0	2	0	0	0	0	0	0	0	0	2
11	0	0	0	0	0	0	0	0	0	0	0	0	0	0	0	2	0	0	0	0	0	0	2
12	0	1	0	0	0	0	0	0	0	2	0	0	0	0	0	1	0	0	37	0	37	0	41
13	0	0	0	0	0	0	0	0	0	0	0	0	1	0	0	0	0	0	0	0	1	0	1
14	2	0	2	3	0	0	2	0	3	7	2	0	1	0	0	1	0	2	0	0	9	0	25
15	0	0	0	0	0	1	0	0	6	0	1	0	0	0	0	0	0	0	0	0	1	2	8
16	35	3	18	45	8	66	33	17	8	36	716	14	55	17	2	34	25	31	32	11	239	14	1206
17	7	0	6	7	2	15	11	0	4	5	75	12	5	6	0	11	5	6	10	7	38	0	194
18	0	0	0	0	0	1	0	0	0	2	2	0	1	1	0	0	1	0	1	0	3	0	9
19	0	0	0	0	0	0	0	0	0	1	0	0	1	0	1	0	0	0	0	0	1	0	3
21	0	0	1	0	0	0	0	0	0	0	0	0	0	0	0	0	0	1	0	0	0	0	2
22	65	3	61	61	15	78	1	25	0	34	18	55	47	35	0	34	41	53	3	13	9	1	642
23	17	1	15	20	2	41	0	8	1	17	9	28	15	7	0	14	22	6	2	1	0	0	226
24	5	2	4	11	2	19	0	1	0	3	0	2	4	3	0	2	4	1	0	2	1	0	65
25	1	0	0	0	0	0	0	2	0	0	1	0	1	0	0	0	0	1	0	0	0	0	6
26	3	0	0	0	0	0	0	0	0	0	0	0	0	0	0	0	0	0	0	0	1	0	3
27	0	0	0	0	1	0	0	0	0	0	0	0	0	0	0	0	0	0	0	0	1	0	1
28	0	0	0	0	0	0	0	0	3	0	2	0	3	0	0	0	0	0	0	0	2	0	8
29	0	0	0	0	0	1	0	0	0	0	0	0	0	0	0	0	0	1	0	0	0	0	2
30	0	0	0	0	0	0	0	0	0	0	0	0	0	0	0	0	0	1	0	0	1	0	1
31	0	0	0	0	0	1	0	0	0	0	0	0	0	0	0	0	0	0	0	0	0	0	1
32	0	0	0	1	0	0	1	0	0	0	3	0	0	0	0	0	1	2	7	0	0	0	15
33	0	0	0	1	0	1	0	1	0	0	1	1	0	0	0	0	0	0	4	1	0	0	10
34	0	0	1	0	0	0	3	0	0	0	0	0	0	0	0	0	0	1	0	0	0	0	5
35	1	0	1	0	0	0	0	0	1	0	0	0	0	0	1	0	0	0	0	0	0	0	4
36	0	0	1	0	0	0	0	0	0	1	0	0	0	0	0	0	0	0	0	0	0	0	2
38	16	1	13	16	8	12	0	17	2	24	3	7	16	9	0	12	12	7	0	2	1	1	177
39	13	0	4	1	1	8	0	3	0	1	3	2	7	2	0	2	0	5	0	0	1	0	52
40	0	4	0	0	0	1	0	0	1	0	1	0	0	0	0	1	0	0	0	0	1	0	8
41	0	0	0	0	0	0	0	1	0	0	0	0	0	0	0	0	0	0	0	0	0	0	1
42	9	0	1	2	0	0	0	1	5	1	10	1	2	4	0	54	9	1	0	0	80	0	100
43	1	0	0	0	0	0	0	1	0	0	0	4	0	0	0	8	1	0	0	0	11	0	15
44	0	0	0	0	0	0	0	0	0	0	0	0	0	0	0	1	0	0	0	0	0	0	1
45	0	0	0	0	0	1	0	0	0	0	0	0	0	1	0	0	0	0	0	0	1	0	2
46	0	1	0	0	0	2	1	0	0	0	0	0	0	0	0	0	0	0	0	0	0	0	4
50	0	0	0	0	0	0	0	1	0	1	0	0	0	0	0	0	0	0	0	0	1	0	2
51	0	0	2	0	0	0	0	0	0	0	0	0	0	1	0	0	0	0	0	0	0	0	3
52	0	0	0	0	0	0	0	0	0	0	0	0	0	0	0	0	0	0	0	1	0	0	1
53	0	0	0	0	0	1	0	0	0	0	0	0	0	0	0	0	0	0	0	0	0	0	1
54	0	0	0	0	1	1	0	0	0	0	0	0	0	0	0	0	0	0	0	0	0	0	2
56	0	0	0	0	0	0	0	0	0	0	0	0	0	0	0	0	2	0	0	0	2	0	2
57	0	0	1	0	0	2	0	0	1	0	0	0	0	0	0	0	0	0	0	0	1	0	4
58	0	0	0	0	0	0	0	0	3	0	0	1	1	0	0	0	1	1	0	0	1	0	7
59	1	0	0	0	0	0	0	1	1	0	0	0	0	0	0	0	0	0	0	0	1	0	3
61	0	0	0	1	0	0	0	0	0	0	0	0	0	0	0	0	0	0	0	0	1	0	1
62	0	0	0	0	0	0	0	0	0	0	0	0	1	0	0	0	0	0	0	0	0	0	1
63	1	0	0	0	2	1	0	0	0	0	0	0	0	0	1	1	0	0	0	0	2	0	6
64	1	0	0	0	0	0	0	0	0	0	0	0	0	1	0	3	0	0	0	0	2	0	5
66	2	0	0	0	0	0	0	0	0	0	0	0	0	0	0	0	0	0	1	0	0	0	3
69	0	0	0	1	0	0	0	0	0	0	0	0	0	0	0	0	0	0	0	0	0	0	1
70	0	0	0	0	0	0	0	0	1	0	0	0	0	1	1	0	0	0	0	0	1	1	3
71	0	0	0	0	0	0	0	0	0	0	0	1	0	0	0	0	0	0	0	0	1	0	1
72	0	0	0	1	0	1	0	0	1	0	0	0	0	0	0	0	0	0	0	1	1	0	4
75	1	0	0	0	0	0	0	0	0	0	0	0	0	0	0	0	0	0	0	0	0	0	1
78	0	0	0	0	0	0	0	1	0	0	0	0	0	0	0	0	0	0	0	0	0	0	1
79	0	0	0	0	0	0	0	1	0	0	0	0	0	0	0	0	0	0	0	0	1	0	1
80	0	0	0	1	0	0	1	0	0	2	0	0	1	0	0	8	0	0	0	0	0	0	13
81	0	0	0	0	0	0	2	0	0	0	0	0	0	0	0	0	0	0	0	0	0	0	2
84	0	0	0	0	0	0	0	0	0	1	0	0	0	0	0	0	0	0	0	0	0	0	1
87	0	0	0	0	0	0	0	0	0	1	0	0	0	0	1	0	0	0	0	0	1	0	2
88	0	0	0	0	0	0	0	0	0	1	0	0	0	0	0	0	0	0	0	0	1	0	1
89	0	0	0	0	0	0	0	0	0	0	0	1	0	0	0	0	0	0	0	0	0	0	1
91	0	0	0	0	0	0	0	0	0	0	0	0	0	1	0	0	0	0	0	1	0	0	2
94	0	1	0	0	0	0	0	0	0	0	0	0	0	0	0	0	0	0	0	0	0	0	1
95	0	0	0	0	0	0	0	0	0	0	1	0	0	0	0	0	0	0	0	0	0	0	1
98	0	0	0	0	0	1	0	0	0	0	0	0	0	0	0	0	0	0	0	0	1	0	1
100	0	0	0	1	0	0	0	0	3	0	0	0	1	0	0	0	0	0	0	0	2	0	5
101	0	0	0	0	0	0	0	1	0	0	0	0	1	0	0	0	0	0	0	0	1	0	2
105	0	0	0	0	0	1	0	0	0	0	0	0	0	0	0	2	0	0	0	0	0	0	3
106	1	0	0	0	0	0	0	0	0	0	0	0	0	0	0	0	0	0	0	0	0	0	1
108	0	0	0	0	0	0	0	0	0	0	0	0	0	1	0	0	0	0	0	0	0	0	1
110	0	0	0	0	0	1	0	0	0	0	0	0	0	0	0	0	0	0	0	0	0	0	1
111	0	0	0	0	0	2	0	0	0	0	0	0	0	0	0	1	0	0	0	0	0	0	3
113	0	0	0	0	0	0	0	0	0	0	1	0	0	0	1	0	0	0	0	0	2	0	2
115	0	2	0	0	0	0	0	0	0	0	0	0	0	1	0	0	0	0	0	0	1	0	3
117	0	0	0	0	0	0	0	0	0	0	0	0	0	1	0	0	0	0	0	0	1	0	1
121	0	0	1	1	0	0	0	0	0	0	0	0	0	0	0	0	0	0	0	1	0	0	3
122	0	0	0	0	0	0	0	0	0	0	0	0	0	0	0	0	0	0	0	1	0	0	1
125	0	0	0	0	0	0	0	0	0	0	0	0	0	0	0	0	1	0	0	0	0	0	1
128	3	0	0	0	0	0	0	4	2	1	0	1	3	0	2	1	0	0	0	2	5	4	19
129	2	0	1	4	0	0	0	0	0	1	0	0	0	0	0	0	1	0	0	0	0	4	9
130	0	0	0	0	1	0	0	0	0	0	0	0	0	0	1	0	0	0	0	0	0	0	2
131	0	0	0	0	0	0	0	0	1	0	0	0	0	0	0	0	0	0	0	0	0	1	1
133	0	0	0	0	0	0	0	0	0	0	0	0	0	0	0	0	1	0	0	0	0	0	1
135	1	0	0	0	0	0	0	0	0	0	0	0	0	0	0	0	0	0	0	0	0	0	1
136	0	0	0	0	0	0	0	0	0	0	0	0	0	0	0	1	0	0	0	0	1	0	1
138	1	0	0	0	0	0	0	0	0	0	0	0	0	0	0	0	0	0	0	0	0	0	1
139	0	0	0	0	0	0	0	0	0	0	0	0	0	0	0	1	0	0	0	0	0	0	1
143	1	0	0	0	0	1	0	0	0	0	0	0	0	0	0	0	0	1	0	0	1	0	3
144	0	0	1	0	0	0	0	0	1	0	0	0	0	0	0	0	0	1	0	0	0	0	3
145	0	0	0	0	0	0	0	0	0	0	0	0	0	0	0	0	1	0	0	0	0	0	1
146	0	0	0	0	0	0	0	0	0	0	0	0	0	0	1	0	0	0	0	0	0	0	1
151	1	0	0	0	0	2	0	0	0	0	0	0	0	0	0	0	0	0	0	0	1	0	3
152	7	46	2	7	2	2	2	1	0	4	0	0	0	0	0	5	1	3	0	0	19	0	82
153	1	2	0	1	1	0	0	0	0	1	0	0	0	0	0	1	0	1	0	1	2	0	9
154	0	1	0	0	1	0	0	0	0	0	0	0	0	0	0	1	0	0	0	0	1	0	3
156	8	0	0	0	1	2	0	3	2	6	3	0	0	0	0	2	2	4	0	2	13	2	35
157	2	0	1	1	0	2	0	0	0	3	0	0	0	0	0	1	0	0	0	3	1	0	13
167	0	0	1	0	0	0	0	0	0	0	0	0	0	0	0	1	0	0	0	0	0	0	2
169	0	0	0	0	0	0	0	0	2	1	0	0	0	0	0	0	0	0	0	0	1	0	3
171	2	0	0	0	0	0	0	0	0	0	0	0	0	0	0	0	0	0	0	0	0	0	2
172	0	0	1	0	0	0	0	1	0	0	3	0	0	0	1	0	0	0	0	0	3	1	6
173	1	0	0	0	0	0	0	0	0	0	1	0	0	0	0	0	0	0	0	0	1	0	2
181	0	0	0	0	0	0	0	2	0	0	0	0	0	0	0	0	0	0	0	0	2	0	2
182	0	0	0	0	0	0	0	0	0	1	0	0	0	0	0	0	0	0	0	0	1	0	1
184	0	0	0	0	0	0	1	0	1	0	0	0	0	0	0	0	0	0	0	0	0	0	2
186	0	0	0	0	0	1	0	0	0	0	0	0	0	0	0	0	0	0	0	0	0	0	1
189	0	0	0	0	0	0	0	0	2	1	0	0	0	0	0	0	0	0	0	0	0	0	3
191	0	0	0	0	0	1	0	0	0	0	0	0	0	0	0	0	0	0	0	0	0	0	1
196	0	0	0	0	0	0	0	0	2	0	0	0	0	0	0	1	0	0	0	0	0	2	3
197	0	0	0	0	0	0	0	0	0	0	1	0	0	0	0	0	0	0	0	0	1	0	1
198	0	0	0	0	0	0	0	0	0	0	2	0	0	0	0	0	0	0	0	0	1	0	2
