 	A	C	D	E	F	G	H	I	K	L	M	N	P	Q	R	S	T	V	W	Y	Nterm	Cterm	Sum
-121	0	0	0	0	0	0	0	0	0	0	0	0	0	0	0	0	0	0	1	0	0	0	1
-104	0	0	0	0	0	0	0	0	0	0	0	0	0	0	0	0	0	0	0	1	0	0	1
-101	0	0	0	0	0	0	0	0	0	0	0	0	0	0	0	0	0	0	1	0	0	0	1
-99	0	0	0	0	0	0	0	0	0	0	0	0	0	0	3	0	0	0	0	0	0	0	3
-94	0	0	0	0	0	0	0	0	0	0	0	0	0	0	0	0	0	0	1	0	1	0	1
-91	0	0	0	0	0	0	0	0	0	0	0	0	0	0	0	0	0	0	0	1	0	0	1
-89	0	0	0	0	0	0	0	0	0	0	0	0	0	0	1	0	0	0	0	0	0	0	1
-87	0	0	0	0	1	0	0	0	0	0	0	0	0	0	0	0	0	0	0	0	0	0	1
-84	0	0	0	0	1	0	0	0	0	0	0	0	0	0	0	0	0	0	0	0	1	0	1
-83	0	0	0	0	0	0	0	0	0	0	0	0	0	0	0	0	0	0	0	3	0	0	3
-81	0	0	0	0	0	0	0	0	0	0	0	0	0	0	1	0	0	0	0	0	0	0	1
-80	0	0	0	0	0	0	0	0	0	0	0	0	0	0	1	0	0	0	0	0	0	0	1
-78	0	0	0	0	2	0	0	0	0	0	0	0	0	0	0	0	0	0	0	0	0	0	2
-76	0	0	0	0	0	0	0	0	0	0	0	0	0	0	1	0	0	0	0	0	0	1	1
-75	0	0	0	0	0	0	0	0	0	0	0	0	0	0	1	0	0	0	0	0	0	0	1
-73	0	0	0	0	0	0	0	0	0	0	0	0	0	0	1	0	0	0	0	0	0	0	1
-72	0	0	0	0	0	0	0	0	0	0	0	0	0	0	1	0	0	0	1	0	0	0	2
-71	0	0	0	1	0	0	0	0	2	0	0	0	0	0	0	0	0	0	1	0	2	0	4
-70	0	0	0	0	0	0	0	0	2	0	0	0	0	0	1	0	0	0	0	0	1	0	3
-67	0	0	0	0	1	0	0	0	0	0	0	0	0	0	2	0	0	0	0	0	0	0	3
-66	0	0	0	1	0	0	0	0	1	0	0	0	0	0	0	0	0	0	0	0	0	1	2
-63	0	0	0	0	0	0	0	0	0	0	0	0	0	1	1	0	0	0	0	0	0	0	2
-62	0	0	0	1	0	0	0	0	0	0	0	0	0	0	0	0	0	0	0	0	0	0	1
-61	0	0	0	1	0	0	4	0	1	0	0	0	0	0	0	0	0	0	0	0	0	1	6
-60	0	0	0	1	0	0	1	0	0	0	0	0	0	0	0	0	0	0	0	0	0	0	2
-59	0	0	0	1	1	0	0	0	0	0	0	0	0	0	0	0	0	0	0	0	0	0	2
-58	0	0	1	0	0	0	0	0	1	0	1	0	0	0	0	0	0	0	0	0	0	0	3
-56	0	0	0	0	0	0	0	0	0	4	0	0	0	0	0	0	0	0	0	0	0	0	4
-52	0	0	0	0	0	0	0	0	0	1	0	0	0	0	0	0	0	0	0	0	0	0	1
-51	0	0	0	0	0	0	0	1	0	1	0	0	0	0	0	0	0	0	0	0	1	0	2
-49	0	0	0	0	0	0	1	0	0	0	0	0	0	0	0	0	0	0	0	0	0	0	1
-48	0	0	1	1	0	0	0	1	1	2	21	0	0	2	1	0	0	0	0	0	11	2	30
-47	0	0	0	0	0	0	1	0	0	2	3	0	0	0	1	0	0	0	1	0	1	0	8
-46	0	0	0	1	0	0	0	0	0	1	0	0	0	0	0	0	0	0	0	0	0	0	2
-43	0	1	1	0	0	0	0	0	0	2	1	0	0	1	0	0	0	0	1	0	0	0	7
-42	0	0	0	0	0	0	0	0	0	1	0	0	0	0	0	0	0	0	0	0	0	0	1
-41	0	0	0	0	0	0	0	0	0	0	0	0	0	0	0	0	0	1	0	0	0	0	1
-40	0	0	0	1	0	0	0	0	1	0	0	0	0	0	0	0	0	0	0	0	0	0	2
-39	0	0	0	0	0	0	0	0	0	0	0	0	1	0	3	0	0	1	0	0	0	3	5
-37	0	0	0	0	0	0	0	1	0	0	0	0	0	0	0	0	0	0	0	0	0	0	1
-36	0	0	0	0	1	0	0	0	1	0	0	1	0	0	0	0	2	0	1	0	0	0	6
-35	0	0	0	0	1	0	0	0	0	1	0	1	0	0	1	0	1	0	0	0	0	0	5
-34	0	0	0	0	0	0	0	0	1	1	0	0	0	0	0	0	0	0	0	0	0	0	2
-32	0	0	0	0	0	0	0	0	0	0	0	0	1	0	0	0	0	0	0	0	0	0	1
-29	0	0	0	2	0	0	0	0	1	0	0	0	0	0	0	0	0	0	0	0	0	1	3
-28	0	0	0	0	0	0	1	0	0	0	0	0	0	0	0	0	0	1	0	0	1	0	2
-27	0	0	0	0	0	0	0	1	0	0	0	0	0	0	0	0	0	0	0	0	0	0	1
-26	0	0	1	0	0	0	0	0	0	0	0	2	0	0	0	0	0	0	0	0	0	0	3
-25	0	0	0	10	0	0	0	1	0	0	0	1	0	0	0	0	0	0	0	1	0	0	13
-24	0	0	0	0	0	0	0	0	0	0	0	0	0	0	0	0	0	0	0	1	0	0	1
-22	0	0	0	0	1	0	0	1	0	0	0	0	0	0	0	0	0	0	0	0	0	0	2
-21	0	0	0	0	0	0	0	0	0	1	0	0	0	0	0	0	0	1	0	1	1	0	3
-20	0	0	0	0	0	0	0	0	0	0	0	0	0	1	0	0	1	0	0	0	0	0	2
-19	0	0	0	0	0	0	0	0	0	0	0	0	0	1	0	0	0	2	0	0	1	0	3
-18	0	2	67	57	4	0	5	11	3	29	3	0	11	53	0	28	39	11	2	3	89	0	328
-17	0	33	12	13	4	0	6	13	12	16	6	50	11	125	1	11	39	13	1	5	165	4	371
-16	0	10	7	8	1	0	0	3	3	2	0	6	3	20	1	0	4	3	1	2	35	0	74
-15	0	1	2	2	0	0	0	1	0	2	0	6	0	8	0	0	2	0	0	0	8	0	24
-14	0	0	0	0	0	0	0	0	1	1	0	0	0	0	1	0	1	0	0	0	1	0	4
-13	1	0	0	0	0	0	0	0	0	1	1	0	0	0	1	2	1	0	0	0	1	0	7
-12	0	0	0	0	0	0	0	0	0	0	0	0	0	0	0	0	0	1	0	0	0	0	1
-11	0	0	0	0	0	0	0	0	1	0	0	0	0	0	0	0	1	0	0	0	0	0	2
-10	0	0	0	0	1	0	0	0	0	0	0	0	0	0	0	0	0	0	0	0	0	0	1
-9	1	0	0	1	0	0	0	1	0	1	0	0	0	0	0	0	0	0	0	0	0	0	4
-8	0	0	0	0	0	0	0	1	1	0	0	0	0	0	0	0	0	0	0	0	0	1	2
-4	0	0	0	0	0	0	0	0	0	0	1	0	0	0	0	0	1	0	0	0	2	0	2
-3	0	0	0	0	1	0	1	1	1	0	3	0	0	0	0	0	0	0	1	0	4	1	8
-2	21	0	6	11	13	0	2	14	3	19	379	12	4	9	1	9	9	10	3	9	422	1	534
-1	25	0	9	20	13	0	1	22	13	18	49	7	3	16	3	11	18	30	0	6	158	9	264
1	539	57	271	320	137	348	120	463	232	577	141	396	251	310	63	271	268	564	35	161	1416	142	5524
2	52	9	29	32	11	33	19	59	19	67	21	44	42	46	5	34	45	70	3	12	106	2	652
3	4	1	0	5	1	4	2	5	3	4	0	2	2	2	0	1	5	6	0	2	2	0	49
4	0	1	0	0	0	0	0	0	0	0	0	0	0	0	0	0	0	0	6	0	2	0	7
5	0	0	0	1	0	2	0	0	0	1	0	0	0	1	0	1	0	0	6	0	1	0	12
6	0	0	0	1	1	1	0	0	0	0	0	0	0	0	0	0	0	0	0	0	0	0	3
7	0	0	0	0	0	0	0	4	0	0	1	0	0	0	0	0	0	0	0	0	0	0	5
8	0	1	0	0	1	0	0	0	1	0	0	0	0	0	0	0	0	0	0	0	0	0	3
12	3	0	0	0	0	0	0	0	0	1	0	4	1	0	1	0	0	0	6	0	11	1	16
13	1	0	1	0	0	0	0	0	0	1	0	3	1	0	0	0	1	0	0	0	4	0	8
14	0	0	0	4	0	0	0	0	5	0	3	0	0	1	0	0	0	0	0	0	4	0	13
15	0	0	0	2	0	1	0	0	0	0	8	0	0	1	0	0	1	0	3	0	11	0	16
16	33	9	23	55	4	65	12	17	6	30	1082	18	41	20	6	39	23	35	107	5	402	8	1630
17	11	2	4	11	5	24	3	6	3	6	147	8	10	9	0	11	6	8	26	0	86	2	300
18	0	1	2	1	1	2	0	1	0	2	10	1	0	1	0	0	0	1	4	1	7	0	28
19	0	0	0	0	0	0	0	0	2	1	2	1	1	0	0	0	0	0	0	0	1	0	7
21	0	4	0	0	0	0	0	0	0	0	0	0	0	0	0	0	0	0	0	0	0	0	4
22	43	13	46	54	15	49	1	15	3	30	9	19	30	15	0	34	26	30	1	5	13	1	438
23	11	1	3	6	0	14	1	4	0	6	2	6	15	8	0	9	6	5	1	1	0	0	99
24	3	0	1	18	0	5	0	1	0	2	0	1	3	0	0	1	1	3	0	0	0	0	39
25	0	0	0	0	0	0	0	0	0	0	0	0	0	0	0	0	0	1	1	0	0	0	2
26	2	0	0	0	0	0	0	0	0	0	0	0	0	0	0	0	0	0	0	0	0	0	2
28	1	0	0	0	0	0	0	0	1	0	2	0	0	0	0	0	0	0	0	0	2	0	4
29	0	0	0	0	0	0	0	0	0	0	0	0	0	0	0	0	1	0	0	0	0	0	1
30	0	0	0	0	0	0	0	0	0	0	0	0	0	1	1	1	0	1	0	0	2	0	4
31	0	0	0	0	0	0	0	0	0	0	0	0	1	0	0	0	0	0	0	0	0	0	1
32	0	0	2	9	0	1	0	0	0	1	2	1	5	2	0	5	3	3	67	0	28	0	101
33	1	0	1	4	0	0	0	3	0	1	2	0	0	0	0	2	0	2	14	0	8	0	30
34	1	0	0	0	0	0	2	0	0	0	0	0	0	0	0	0	0	0	1	0	1	0	4
36	0	0	0	0	0	1	0	0	0	0	0	0	1	0	0	0	0	0	0	0	0	0	2
37	0	0	0	0	0	0	1	0	0	0	0	0	0	0	0	0	0	0	0	0	1	0	1
38	19	0	11	10	5	10	2	14	0	7	2	1	14	1	0	5	7	5	0	6	0	0	119
39	11	0	3	1	1	5	0	4	0	7	1	0	1	0	0	0	0	5	0	0	1	0	39
40	0	0	0	1	1	0	0	0	1	0	0	0	0	1	1	0	0	1	0	0	1	1	6
41	0	0	0	1	0	0	0	0	0	0	0	0	0	0	0	0	0	0	0	0	1	0	1
42	10	0	0	0	0	0	0	1	0	0	3	1	0	0	0	34	0	0	0	0	46	0	49
43	1	0	0	0	0	1	0	0	0	0	1	0	0	0	0	5	0	0	0	0	7	0	8
44	0	0	0	0	0	0	0	0	0	0	0	0	0	0	1	0	0	0	0	0	0	1	1
46	0	0	0	0	0	1	0	0	0	0	0	0	0	0	0	0	0	0	0	0	0	0	1
47	0	0	0	1	0	0	0	0	0	0	0	0	0	0	0	0	0	0	0	0	0	0	1
48	0	0	1	0	0	1	0	0	0	0	0	0	0	0	0	0	0	0	4	0	0	0	6
50	0	0	0	0	0	0	0	1	1	0	0	0	0	0	0	0	0	0	0	0	1	0	2
51	0	0	0	0	0	0	0	0	0	0	0	0	0	0	1	0	0	0	0	0	0	0	1
52	0	0	0	0	0	0	0	0	0	0	0	0	0	0	2	0	0	1	0	0	0	1	3
53	3	0	0	3	0	0	0	0	0	1	0	0	0	0	0	0	0	0	0	0	0	0	7
54	0	0	0	0	0	0	0	0	0	0	2	0	0	0	0	0	0	1	0	0	2	0	3
55	0	0	0	0	0	0	0	0	0	0	5	0	0	0	0	0	0	0	0	0	5	0	5
56	1	0	0	0	0	0	0	0	0	0	1	0	0	0	0	0	0	0	0	0	1	0	2
57	20	0	1	2	0	13	2	1	1	6	0	0	4	0	0	1	2	11	0	0	57	0	64
58	1	0	1	1	0	7	0	0	0	2	0	0	3	0	2	0	0	3	0	0	16	0	20
59	0	0	0	0	0	1	0	0	0	0	0	0	0	0	1	0	0	0	0	0	2	0	2
60	0	0	0	0	0	0	0	0	0	0	0	0	0	0	0	0	0	0	6	0	6	0	6
64	2	0	0	0	0	0	0	0	0	1	0	0	0	0	0	0	0	0	0	2	0	0	5
65	1	0	0	0	0	0	0	0	0	0	0	0	0	0	0	1	0	0	0	0	0	0	2
69	0	0	0	0	0	0	0	0	0	0	0	2	0	0	0	0	0	0	0	0	0	0	2
72	0	0	0	0	0	1	0	0	0	1	0	0	0	0	0	0	0	0	0	0	0	0	2
73	0	0	0	0	0	0	0	0	0	0	0	0	1	0	0	0	0	0	0	0	0	0	1
74	0	0	0	0	0	0	0	0	0	0	0	0	3	0	0	1	0	0	0	0	1	0	4
76	0	0	0	0	0	0	1	0	0	0	0	0	0	0	0	1	0	0	0	0	0	0	2
78	0	0	0	0	0	1	0	0	0	0	0	1	0	0	0	0	0	0	0	0	0	0	2
83	1	0	0	0	0	0	0	0	0	0	0	0	0	0	0	0	0	0	0	0	0	0	1
84	0	0	0	1	0	0	0	0	0	1	1	0	0	0	0	0	0	0	0	0	0	0	3
85	0	1	0	0	0	0	0	0	1	0	0	0	0	0	0	0	0	0	0	0	0	0	2
88	0	0	0	0	0	1	0	0	0	0	0	0	1	0	0	0	0	0	0	0	0	0	2
89	1	0	0	0	0	0	0	0	0	0	0	0	0	0	0	0	0	0	0	0	0	0	1
90	0	0	0	0	0	0	0	0	1	0	0	0	0	0	0	0	0	0	0	0	0	0	1
91	0	0	0	0	0	0	0	0	0	1	0	0	0	0	0	0	0	0	0	0	0	0	1
95	0	0	0	0	0	0	0	0	0	0	0	0	0	0	0	0	0	0	0	1	0	0	1
96	0	0	0	0	0	0	0	0	0	0	0	0	0	0	0	2	0	0	0	0	0	0	2
97	0	0	0	0	0	0	0	0	0	0	0	0	0	0	2	0	0	0	0	2	0	2	4
98	0	0	0	0	0	0	0	0	0	1	0	0	0	0	0	0	0	0	0	0	0	0	1
99	0	0	0	0	0	0	0	0	0	0	0	0	0	1	0	0	0	0	0	0	0	0	1
100	0	0	0	0	0	0	0	0	1	0	0	0	1	0	0	0	0	0	0	0	0	0	2
101	0	0	0	0	0	0	0	0	0	1	0	0	0	0	0	0	0	0	0	0	0	0	1
102	0	0	0	0	0	0	0	0	1	0	0	0	0	0	0	0	0	0	0	0	0	0	1
108	0	0	0	0	0	0	0	1	0	0	0	0	0	0	0	0	0	0	0	0	0	0	1
109	0	0	0	0	1	0	0	0	0	0	0	0	0	0	0	0	0	0	0	0	0	0	1
111	0	0	1	1	1	0	0	0	0	0	0	0	0	0	0	1	0	0	0	0	0	0	4
112	0	0	0	3	0	0	0	0	0	0	0	0	0	0	0	1	0	0	0	0	0	1	4
113	0	0	0	0	0	1	0	0	0	0	0	0	0	0	0	0	1	0	0	0	0	0	2
114	0	0	0	1	0	0	0	1	0	0	0	0	0	0	0	1	0	0	0	0	0	2	3
115	0	0	0	1	0	0	0	0	0	0	0	0	0	0	0	1	0	0	0	0	0	1	2
116	1	0	0	0	0	0	0	0	0	0	0	0	0	0	0	0	1	1	0	0	1	0	3
118	0	0	0	0	0	0	0	1	0	0	0	0	0	0	0	0	0	0	0	0	1	0	1
121	0	0	0	1	0	0	0	0	0	0	0	0	0	0	0	0	0	0	0	0	1	0	1
127	0	0	0	0	0	0	0	0	0	1	0	0	0	0	1	0	0	0	0	0	0	1	2
128	2	0	0	0	2	0	0	2	2	4	0	2	1	0	0	1	0	1	0	0	3	2	17
129	0	0	0	16	0	0	0	0	0	1	0	1	0	0	0	11	0	1	0	0	0	16	30
130	0	0	0	6	0	0	0	0	0	0	0	0	0	0	0	1	0	1	0	0	0	6	8
131	1	0	0	1	0	0	0	0	1	0	0	0	0	0	0	0	0	0	0	0	1	0	3
133	0	0	0	0	0	0	0	1	0	1	0	0	0	0	0	0	0	0	0	0	0	0	2
141	0	0	0	1	0	0	0	0	0	0	0	0	0	0	0	0	0	0	0	0	0	0	1
145	0	0	0	0	0	0	0	1	0	1	0	0	1	0	0	0	0	0	0	0	0	0	3
147	0	0	2	0	0	0	0	0	0	0	0	0	0	0	0	0	0	0	0	2	0	0	4
149	0	1	0	0	0	0	0	0	0	0	0	0	0	0	0	0	0	0	0	0	0	0	1
151	0	0	1	3	0	0	0	0	0	0	0	0	0	0	0	4	0	0	0	0	0	0	8
152	0	2	0	0	0	0	0	0	0	0	0	0	0	0	0	1	0	0	0	0	0	0	3
153	0	1	0	0	0	0	0	0	0	0	0	0	0	0	0	0	0	0	0	0	0	0	1
156	6	0	0	1	0	5	0	1	5	6	2	1	0	0	1	4	1	6	0	5	12	6	44
157	3	0	1	1	0	0	0	1	0	0	0	0	0	0	1	1	1	1	0	0	0	1	10
161	0	0	0	0	0	0	0	0	0	0	0	0	0	0	0	0	0	0	1	0	0	0	1
163	0	0	0	0	0	0	0	0	0	0	0	0	0	1	0	0	0	0	0	0	1	0	1
166	0	0	0	0	0	0	0	0	0	0	0	0	0	0	1	0	0	0	0	0	0	1	1
167	1	0	1	2	0	2	0	0	0	0	0	0	0	0	0	3	0	0	0	0	0	1	9
168	1	0	0	0	0	0	0	0	0	0	0	0	0	0	0	0	0	0	0	0	0	0	1
172	0	0	0	1	0	0	0	0	0	0	0	0	0	0	0	0	0	0	0	0	0	0	1
173	1	0	0	0	0	0	0	0	0	0	0	0	0	0	0	0	0	1	0	0	0	0	2
181	0	0	0	0	0	0	0	1	0	0	0	0	0	0	0	0	0	0	0	0	1	0	1
182	0	0	0	0	0	1	0	0	0	2	0	0	0	0	0	0	0	0	0	0	2	0	3
183	0	0	1	0	0	0	0	0	0	0	0	0	0	0	0	0	0	0	0	0	0	0	1
184	0	0	0	0	0	0	0	0	0	0	0	1	0	0	0	0	0	0	0	0	0	0	1
185	1	0	0	0	0	0	0	0	0	0	0	0	0	0	0	0	0	0	0	0	0	0	1
189	0	0	1	1	0	0	0	0	0	0	0	0	0	0	0	0	0	0	0	0	0	0	2
191	0	0	1	0	0	0	0	0	0	0	0	0	0	0	0	0	0	0	0	0	0	0	1
