 	A	C	D	E	F	G	H	I	K	L	M	N	P	Q	R	S	T	V	W	Y	Nterm	Cterm	Sum
-115	0	0	0	0	0	0	0	0	0	0	0	0	0	0	0	0	0	0	1	0	0	0	1
-103	0	5	0	0	0	0	0	0	0	0	0	0	0	0	0	0	0	0	0	0	0	0	5
-102	0	0	0	0	0	0	0	0	0	0	0	0	0	0	0	0	0	0	0	3	0	0	3
-100	0	0	0	0	0	0	0	0	0	0	0	0	0	0	0	0	0	0	0	1	0	0	1
-99	0	0	0	0	0	0	0	0	0	0	0	0	0	0	1	0	0	0	0	0	0	1	1
-94	0	0	0	0	0	0	0	0	0	0	0	0	0	0	0	0	0	0	1	0	1	0	1
-93	0	1	0	0	0	0	0	0	0	0	0	0	0	0	1	0	0	0	0	0	0	0	2
-92	0	1	0	0	0	0	0	0	0	0	0	0	0	0	0	0	0	0	0	0	0	0	1
-91	0	2	0	0	0	0	0	0	0	0	0	0	0	0	1	0	0	0	0	0	0	1	3
-90	0	0	0	0	1	0	0	0	0	0	0	0	0	0	0	0	0	0	0	0	0	0	1
-89	0	4	0	0	0	0	0	0	0	0	0	0	0	0	1	0	0	0	0	2	0	0	7
-88	0	2	0	0	2	0	0	0	0	0	0	0	0	0	0	0	0	0	0	0	0	0	4
-87	0	0	0	0	0	0	0	0	0	0	0	0	0	0	1	0	0	0	0	0	0	0	1
-83	0	0	0	0	0	0	0	0	0	0	0	0	0	0	1	0	0	0	0	1	0	0	2
-81	0	0	0	0	1	0	0	0	0	0	0	0	0	0	1	0	0	0	0	1	0	0	3
-74	0	0	0	0	0	0	0	0	0	0	0	0	0	0	1	0	0	0	0	0	0	0	1
-73	0	4	0	0	0	0	0	0	0	0	0	0	0	0	0	0	0	0	0	0	0	0	4
-71	0	0	0	1	0	0	0	0	0	0	0	0	0	0	1	0	0	0	0	0	0	0	2
-70	0	0	0	0	0	0	0	0	0	0	0	0	0	0	2	0	0	0	0	0	0	0	2
-68	0	0	0	1	0	0	0	0	0	0	0	0	0	0	0	0	0	0	0	0	0	0	1
-67	0	0	0	0	0	0	0	0	0	0	1	0	0	0	1	0	0	0	0	0	0	0	2
-66	0	0	0	0	0	0	0	0	0	0	0	0	0	0	0	0	0	0	0	1	0	0	1
-65	0	0	0	1	0	0	0	0	0	0	0	0	0	0	0	0	0	0	0	0	0	0	1
-64	0	0	0	1	0	0	0	0	0	0	0	0	0	0	0	0	0	0	0	0	0	0	1
-63	0	0	0	0	0	0	0	0	0	0	0	0	0	0	1	0	0	0	0	0	0	0	1
-62	0	0	0	0	0	0	0	0	0	0	0	0	0	1	0	0	0	0	0	0	0	0	1
-61	0	1	0	0	0	0	4	0	0	0	0	0	0	0	0	0	0	0	0	1	1	0	6
-59	0	0	0	0	3	0	0	0	0	0	0	0	0	0	0	0	0	0	0	0	0	0	3
-58	0	0	0	0	0	0	0	0	0	0	2	0	0	0	0	0	0	0	0	0	0	0	2
-57	0	0	0	0	0	0	1	0	0	0	0	0	0	0	0	0	0	0	0	0	0	0	1
-56	0	0	0	0	1	0	0	0	0	0	0	0	0	0	0	0	0	0	0	0	0	0	1
-55	0	0	0	0	0	0	0	1	0	0	0	0	0	0	1	0	0	0	0	0	0	0	2
-51	0	0	2	0	0	0	0	0	0	0	0	0	0	0	0	0	0	0	0	0	0	0	2
-50	0	0	0	0	2	0	0	0	0	0	0	0	0	0	0	0	0	0	0	0	2	0	2
-49	0	0	1	0	0	0	0	0	0	0	0	0	0	0	0	0	0	0	0	0	0	0	1
-48	0	0	0	0	1	0	0	1	0	0	16	0	0	1	0	0	0	0	0	0	7	0	19
-47	0	0	0	1	0	0	0	0	6	0	1	1	0	0	0	0	0	0	0	0	0	3	9
-45	0	0	0	0	0	0	0	0	0	1	0	0	0	0	0	0	0	0	0	0	0	0	1
-44	0	0	0	0	0	0	0	0	0	1	0	0	0	0	0	0	0	0	0	0	0	0	1
-43	0	0	0	0	0	0	0	0	0	0	0	1	0	0	0	0	0	0	0	0	0	0	1
-42	0	0	0	0	0	0	0	1	0	2	0	1	0	0	0	0	0	0	0	0	0	0	4
-41	0	0	0	0	0	0	1	1	1	0	0	0	0	0	0	0	0	0	0	0	1	0	3
-40	0	0	0	0	0	0	0	0	1	0	0	0	0	0	1	0	0	0	0	0	0	0	2
-39	0	0	1	0	0	0	0	0	0	0	0	0	0	0	0	0	0	0	0	0	0	0	1
-38	0	0	0	0	0	0	0	0	0	0	0	0	1	0	0	0	0	0	0	0	1	0	1
-36	0	0	0	0	0	0	0	0	0	1	0	2	0	0	0	0	1	1	0	0	0	0	5
-35	0	0	0	0	0	0	0	0	0	0	0	1	0	1	0	0	0	0	0	0	0	0	2
-31	0	0	0	0	1	0	0	0	1	0	0	0	0	1	0	0	0	0	0	0	0	0	3
-30	0	0	0	0	0	0	0	0	0	0	1	0	0	1	0	0	0	1	0	0	0	0	3
-29	0	0	0	0	0	0	0	0	1	0	1	0	0	0	0	0	0	0	0	0	1	1	2
-27	0	0	0	0	0	0	0	0	0	2	1	0	0	0	1	0	0	0	0	0	1	0	4
-26	0	0	1	0	0	0	0	1	0	0	1	1	0	0	0	0	0	0	0	0	0	0	4
-25	0	0	0	3	0	0	0	0	0	0	0	0	0	0	0	1	0	0	0	1	0	0	5
-23	0	0	0	0	0	0	0	0	0	0	0	0	0	0	0	0	0	0	2	0	2	0	2
-21	0	0	0	0	0	0	0	1	0	0	0	0	0	0	0	0	0	0	0	0	0	0	1
-20	0	0	0	0	0	0	0	0	1	0	0	0	0	1	0	0	0	0	0	0	1	0	2
-19	0	0	0	1	0	0	0	2	0	2	0	0	0	0	0	0	0	0	0	0	1	0	5
-18	0	0	77	39	2	0	0	2	2	35	2	5	10	43	0	25	30	5	1	5	75	0	283
-17	0	26	23	10	2	0	6	8	7	22	5	65	11	124	0	8	31	6	18	5	170	0	377
-16	0	1	8	3	0	0	3	3	2	3	0	4	6	17	2	1	10	1	0	0	17	0	64
-15	0	1	4	0	0	0	0	2	0	0	1	3	1	2	0	1	3	1	0	0	4	0	19
-14	1	0	0	1	0	0	0	0	2	0	0	0	0	0	0	0	0	1	0	0	0	0	5
-13	0	0	0	0	0	0	0	0	0	0	0	0	0	0	0	0	1	0	0	0	0	0	1
-11	0	0	1	0	0	0	0	0	1	1	0	0	0	0	0	0	0	0	0	0	0	0	3
-9	0	11	1	0	0	0	0	0	0	0	0	0	1	0	0	0	1	0	0	0	1	0	14
-8	1	5	0	0	0	0	0	0	0	1	0	0	0	1	1	0	0	0	0	0	0	0	9
-7	0	1	2	0	0	0	0	0	0	0	0	0	0	0	0	0	0	0	0	0	0	0	3
-5	0	0	0	0	0	0	0	0	0	0	0	0	0	0	0	0	1	1	1	0	1	0	3
-4	0	0	1	0	0	0	0	0	0	0	1	0	0	0	0	0	0	0	1	0	2	0	3
-3	1	0	0	1	1	0	0	0	1	1	0	0	0	0	0	0	2	0	0	0	3	1	7
-2	13	1	3	11	4	0	1	9	4	8	130	9	1	6	6	4	8	19	6	3	172	8	246
-1	12	0	5	23	5	0	5	23	15	23	20	11	5	19	5	8	10	27	3	4	110	9	223
1	399	44	162	244	139	357	116	335	147	386	78	672	219	203	66	183	273	371	46	100	823	91	4540
2	47	7	31	39	22	60	13	32	19	51	13	92	44	33	8	22	27	48	4	16	98	6	628
3	4	0	1	1	1	5	2	2	3	6	3	6	1	2	1	1	2	4	1	3	7	0	49
4	1	0	0	1	0	0	0	4	0	1	1	1	0	0	0	0	1	0	0	0	1	0	10
5	0	1	1	2	0	4	1	1	0	1	2	0	0	6	0	0	1	0	0	1	6	0	21
6	0	0	0	0	0	0	0	0	0	0	0	1	0	0	0	0	0	0	0	0	0	0	1
7	0	1	0	0	0	1	0	0	0	0	2	0	0	0	0	0	0	0	0	0	0	0	4
8	0	0	0	0	0	0	0	0	0	0	1	0	1	0	0	0	0	0	0	0	0	0	2
9	0	1	0	1	0	0	0	0	0	0	0	0	0	0	0	0	0	0	0	0	0	0	2
11	0	0	0	0	0	0	0	1	0	0	0	0	1	0	0	0	0	0	0	0	0	0	2
12	0	0	2	0	0	0	0	1	0	0	0	5	2	1	1	0	0	0	24	0	31	1	36
13	0	0	0	0	0	0	0	1	0	0	0	1	1	0	0	2	0	0	0	0	3	0	5
14	3	0	0	4	0	0	1	0	5	2	4	0	0	0	0	2	0	0	0	0	7	0	21
15	0	2	0	0	0	1	0	0	5	0	1	0	0	0	0	0	0	0	0	0	2	2	9
16	61	4	27	38	3	37	18	20	5	25	919	18	21	31	2	25	57	53	35	10	391	3	1409
17	3	1	2	5	1	15	1	1	1	6	73	9	4	4	1	9	0	3	7	4	50	1	150
18	1	0	0	2	0	0	0	0	0	4	6	2	2	0	0	0	0	2	0	1	11	0	20
19	1	0	0	0	0	0	0	0	2	1	0	1	0	0	0	0	0	0	0	0	1	0	5
21	1	0	0	0	0	0	0	0	0	0	1	0	0	0	0	0	0	0	0	0	1	0	2
22	106	5	87	69	22	125	3	42	2	48	22	57	60	43	1	31	36	53	3	8	19	1	823
23	15	0	14	26	5	24	1	4	1	14	8	19	9	5	0	5	16	16	2	3	0	0	187
24	1	0	7	13	1	7	0	1	0	0	1	1	2	0	0	5	4	2	1	2	0	0	48
25	0	0	1	0	0	0	0	0	0	1	0	1	0	1	0	0	0	0	0	0	0	0	4
28	0	0	0	3	0	1	0	0	4	0	2	0	0	0	0	5	0	0	0	0	3	0	15
29	0	0	0	0	0	0	0	0	0	1	0	1	0	0	0	1	0	0	0	0	0	0	3
31	0	0	0	0	0	0	0	0	0	1	0	0	0	0	0	0	0	0	0	0	0	0	1
32	0	0	0	0	0	2	3	0	0	0	17	0	0	2	0	1	1	4	9	0	15	0	39
33	1	0	0	0	0	0	0	0	0	0	3	0	1	0	0	1	2	0	1	0	2	0	9
34	0	0	0	0	0	0	0	0	0	1	1	0	0	0	0	1	0	1	0	0	1	0	4
35	0	0	0	0	0	0	0	0	0	0	0	0	0	0	0	0	0	1	0	0	0	0	1
36	0	0	1	0	0	0	0	0	0	0	0	0	0	0	0	0	0	0	0	0	0	0	1
38	39	2	26	18	7	17	1	38	0	10	1	7	22	1	0	6	3	18	1	2	3	0	219
39	9	0	4	8	1	3	0	13	0	6	2	2	0	1	0	1	2	11	0	0	0	0	63
40	2	0	0	0	1	0	0	0	0	0	0	0	0	0	0	0	0	0	0	0	0	0	3
41	0	0	0	0	0	0	0	1	0	0	0	0	0	0	0	1	0	0	0	0	1	0	2
42	8	0	0	1	0	0	0	0	0	1	9	1	0	0	0	56	14	0	0	0	86	0	90
43	1	0	0	1	0	2	0	0	0	0	2	2	0	2	0	6	0	0	0	0	10	0	16
44	0	0	0	0	0	1	0	0	0	1	0	0	1	0	0	0	0	0	0	0	0	0	3
45	2	0	0	3	0	1	0	0	0	0	0	0	2	0	0	0	0	0	0	0	0	0	8
46	1	0	0	0	0	0	0	0	0	0	0	0	0	0	0	0	0	0	0	0	1	0	1
47	0	0	0	0	0	0	0	0	0	0	0	0	0	0	1	0	0	0	0	0	0	0	1
48	0	0	0	0	0	0	0	0	0	0	0	0	0	0	0	0	0	0	1	0	0	0	1
50	0	0	0	0	0	0	0	2	0	0	0	0	0	0	0	0	0	0	0	0	2	0	2
51	0	0	2	0	0	0	0	0	0	0	0	0	0	0	0	0	0	0	0	0	0	0	2
52	0	0	0	0	0	1	0	0	0	0	0	0	0	0	2	0	0	0	0	0	0	2	3
53	1	0	1	1	0	1	0	0	0	0	0	0	0	0	0	1	0	0	0	1	0	0	6
54	0	0	0	0	0	2	0	0	0	0	0	0	0	0	0	0	0	0	0	0	0	0	2
55	0	0	0	0	0	0	0	0	0	0	2	0	0	0	0	0	0	0	0	0	2	0	2
56	1	0	0	0	0	0	0	0	0	0	0	0	0	0	0	0	3	0	0	0	3	0	4
57	3	0	0	0	0	2	0	0	0	3	0	0	0	0	0	0	0	1	0	0	8	0	9
58	0	0	0	0	0	1	0	0	2	0	0	1	0	0	0	2	1	0	0	0	4	0	7
59	0	0	0	0	0	0	0	0	0	0	0	1	0	0	0	0	0	1	0	0	0	0	2
60	0	0	0	0	0	1	0	0	0	0	0	0	0	0	0	0	0	0	3	0	3	0	4
62	0	0	0	0	0	0	0	0	0	0	0	0	1	0	0	0	2	0	0	0	0	0	3
63	0	0	0	0	1	1	0	0	0	0	0	0	2	0	2	1	0	0	0	0	1	0	7
64	2	0	0	0	0	0	0	0	0	2	0	0	0	2	0	4	0	0	0	0	4	0	10
65	0	0	0	1	0	0	0	0	0	0	0	0	0	0	0	0	0	0	0	0	0	0	1
66	1	0	0	0	0	0	0	0	0	0	0	0	0	0	0	0	0	1	0	0	0	0	2
68	0	0	0	0	0	0	0	0	1	0	0	1	0	0	0	0	0	0	0	0	0	1	2
69	0	0	0	0	0	1	0	0	0	0	0	0	0	0	0	0	0	0	0	0	1	0	1
71	1	0	0	0	0	0	0	0	0	1	0	0	0	0	0	0	0	0	0	0	0	0	2
72	0	0	0	0	0	1	0	0	0	0	0	0	0	0	0	0	0	0	0	0	0	0	1
74	0	0	0	1	0	0	0	0	0	0	0	1	0	0	0	0	0	0	0	0	0	0	2
75	0	0	0	1	0	0	0	0	0	0	0	0	0	0	0	0	0	0	0	0	0	0	1
76	1	0	0	0	0	0	0	0	0	0	0	0	1	0	0	0	0	0	0	0	0	0	2
80	0	0	0	1	0	0	0	1	0	0	0	0	2	0	0	4	0	0	0	0	0	0	8
81	0	0	0	0	0	0	1	0	1	1	1	0	0	0	0	0	1	0	0	0	1	0	5
83	0	0	0	0	0	0	0	0	0	0	1	0	0	0	0	0	0	0	0	0	1	0	1
84	0	0	0	1	0	0	0	0	0	3	0	0	0	0	0	0	0	0	0	0	0	0	4
86	0	0	0	0	0	1	0	0	0	0	0	0	0	0	0	0	0	0	0	0	0	0	1
87	0	0	0	0	0	0	0	0	0	0	0	0	0	0	0	0	0	2	0	0	0	0	2
88	0	0	0	2	0	0	0	0	0	0	0	0	0	0	0	0	0	0	0	0	2	0	2
90	0	0	0	0	0	1	0	0	0	1	0	0	0	0	0	0	0	0	0	0	1	0	2
91	0	0	0	0	0	0	0	0	0	0	0	0	0	0	0	0	0	0	0	1	0	0	1
95	0	0	0	0	0	0	0	0	0	0	0	0	0	0	0	0	0	1	0	0	0	0	1
96	0	0	0	0	0	0	0	0	0	0	0	0	1	0	0	0	0	0	0	0	1	0	1
97	0	0	0	0	0	0	0	0	0	0	0	0	0	0	3	0	0	0	0	0	0	3	3
101	0	0	0	0	0	0	0	0	0	0	0	0	0	0	0	0	0	2	0	0	0	0	2
102	1	0	0	0	0	0	0	0	0	0	0	0	0	0	0	0	0	0	0	0	1	0	1
105	0	0	0	0	0	0	1	0	0	0	0	0	1	0	0	0	0	0	0	0	0	0	2
107	0	0	0	0	0	0	0	0	0	1	0	0	0	0	0	0	0	0	0	0	0	0	1
109	1	0	0	0	0	0	0	0	0	0	0	0	0	0	0	0	0	0	0	0	0	0	1
110	0	0	0	0	0	0	0	0	0	0	0	1	0	0	0	0	0	0	0	0	0	0	1
111	0	0	0	1	0	0	0	0	0	0	0	0	0	0	0	0	0	0	0	0	0	0	1
114	1	0	0	0	0	0	0	0	0	0	0	0	0	0	0	0	0	0	0	0	0	0	1
115	0	0	0	0	0	0	0	1	0	0	0	0	0	0	0	0	0	0	0	0	0	0	1
116	0	0	0	0	0	1	0	0	0	0	0	0	0	0	0	0	0	0	0	0	0	0	1
119	0	0	0	1	0	0	0	0	0	0	0	0	0	0	0	0	0	0	0	0	1	0	1
123	0	0	0	0	0	0	0	0	0	0	0	0	0	0	1	0	0	0	0	0	0	0	1
124	0	0	0	0	1	0	0	0	0	0	0	0	0	0	0	0	0	0	0	0	0	0	1
125	0	0	0	0	0	0	0	0	0	0	0	0	0	0	0	0	2	0	0	0	0	0	2
128	2	0	0	1	0	0	0	2	1	0	0	2	2	0	1	1	1	1	0	2	0	2	16
129	0	0	0	8	0	2	1	1	0	1	0	0	1	0	0	0	0	0	0	1	1	8	15
130	0	0	0	4	0	0	0	0	0	0	0	0	0	0	0	1	0	0	0	0	0	4	5
132	0	0	0	0	0	1	0	0	0	0	0	0	0	0	0	0	0	0	0	0	0	0	1
133	0	0	1	0	0	0	0	1	0	0	0	0	0	0	0	0	0	0	0	0	0	0	2
134	0	0	0	0	0	0	0	0	0	0	1	0	0	0	0	0	0	0	0	0	0	0	1
138	0	1	0	0	0	0	0	0	0	0	0	0	0	0	0	0	0	0	0	0	0	0	1
139	0	0	0	0	0	0	0	0	0	1	0	0	0	0	0	0	0	0	0	0	0	0	1
144	0	0	0	0	1	0	0	0	0	0	0	0	0	0	0	0	0	1	0	0	0	0	2
145	0	0	0	0	0	0	0	0	0	0	0	0	0	0	0	0	0	1	0	0	0	0	1
147	0	0	1	0	1	0	0	0	0	0	0	0	0	0	0	0	0	0	0	0	2	0	2
148	0	0	0	0	1	0	0	0	0	0	0	0	0	0	0	0	0	0	0	0	1	0	1
152	0	2	0	0	0	0	0	0	0	0	0	0	0	0	0	0	0	0	0	0	0	0	2
156	13	0	1	2	0	5	0	2	1	4	2	1	6	1	0	3	3	4	0	5	11	1	53
157	4	0	0	0	0	2	0	0	0	5	1	0	1	0	0	0	0	0	1	1	3	0	15
160	0	0	0	0	0	0	0	0	0	1	0	0	0	0	0	0	0	0	0	0	0	0	1
165	0	0	0	0	0	0	0	0	0	0	0	0	2	0	0	0	0	0	0	0	2	0	2
171	0	0	0	1	0	0	0	0	0	0	0	0	0	0	0	0	0	0	0	0	0	0	1
172	0	0	0	2	0	0	0	0	0	0	4	0	0	0	0	0	0	0	0	0	4	0	6
173	0	0	1	0	0	0	0	0	0	0	0	0	0	0	0	0	0	0	0	0	0	0	1
182	0	0	0	0	0	0	0	0	0	3	0	0	0	0	0	0	0	0	0	0	3	0	3
183	0	0	0	0	0	0	0	0	0	0	0	0	0	0	0	1	0	0	0	0	0	0	1
184	0	0	0	0	0	0	0	0	2	0	0	0	0	0	0	0	0	0	0	0	0	0	2
186	0	0	0	0	0	0	0	0	0	1	0	0	0	0	0	0	0	0	0	0	0	0	1
187	1	0	0	0	0	0	0	0	0	0	0	0	0	0	0	0	1	0	0	0	0	0	2
189	0	0	1	0	0	2	0	0	1	0	0	0	0	0	0	0	0	0	0	0	0	0	4
190	0	0	0	0	0	0	0	0	0	0	0	0	0	0	0	1	0	1	0	0	0	0	2
196	0	0	0	0	0	0	0	0	1	0	0	0	0	0	0	0	0	0	0	0	0	1	1
