 	A	C	D	E	F	G	H	I	K	L	M	N	P	Q	R	S	T	V	W	Y	Nterm	Cterm	Sum
-103	0	0	0	0	0	0	0	0	0	0	0	0	0	0	0	0	0	0	1	0	0	0	1
-100	0	0	0	0	0	0	0	0	0	0	0	0	0	0	0	0	0	0	1	0	0	0	1
-99	0	0	0	0	0	0	0	0	0	0	0	0	0	0	5	0	0	0	0	0	0	1	5
-85	0	0	0	0	0	0	0	0	0	0	0	0	0	0	1	0	0	0	0	0	0	0	1
-78	0	0	0	0	0	0	1	0	0	0	0	0	0	0	0	0	0	0	0	0	0	0	1
-75	0	0	0	0	1	0	0	0	0	0	0	0	0	0	0	0	0	0	0	0	0	0	1
-71	0	0	0	0	0	0	0	0	5	0	0	0	0	0	1	0	0	0	0	0	4	0	6
-70	0	0	0	0	0	0	0	0	0	0	0	0	0	0	1	0	0	0	0	0	0	0	1
-69	0	0	0	1	0	0	0	0	0	0	0	0	0	1	0	0	0	0	0	0	0	0	2
-68	0	0	0	0	0	0	1	0	0	0	0	0	0	0	0	0	0	0	0	0	0	0	1
-66	0	0	0	0	0	0	0	0	3	0	0	0	0	0	0	0	0	0	0	0	0	0	3
-63	0	0	0	0	0	0	0	0	1	0	0	0	0	0	0	0	0	0	0	0	0	0	1
-62	0	0	0	1	0	0	0	0	0	0	0	0	0	0	1	0	0	0	0	0	0	0	2
-61	0	0	0	0	0	0	4	0	0	0	0	0	0	0	0	0	0	0	1	0	0	0	5
-60	0	0	0	0	0	0	0	0	0	0	1	0	0	0	0	0	0	0	0	0	0	0	1
-59	0	1	0	0	1	0	0	0	0	0	0	0	0	0	0	0	0	0	0	0	0	0	2
-57	0	0	0	0	1	0	1	0	0	0	0	0	0	0	0	0	0	0	0	0	0	0	2
-56	0	0	0	0	0	0	0	0	0	3	0	0	0	1	0	0	0	0	0	0	0	0	4
-55	0	0	1	0	0	0	0	0	0	0	0	0	0	0	0	0	0	0	0	0	0	0	1
-54	0	0	1	0	0	0	0	0	0	0	0	0	0	0	0	0	0	0	0	0	0	0	1
-51	0	0	0	0	0	0	0	0	0	1	1	0	0	0	0	0	0	0	0	1	1	0	3
-50	0	0	0	0	5	0	0	1	0	0	0	0	0	0	0	0	0	0	0	0	5	0	6
-48	0	0	0	1	1	0	0	2	0	1	17	0	0	0	0	0	0	0	0	0	6	0	22
-47	0	0	0	1	0	0	1	2	0	1	1	1	0	0	1	0	0	0	0	0	0	1	8
-46	0	0	0	0	0	0	0	0	0	1	0	0	0	1	0	0	0	0	0	0	1	0	2
-45	0	0	0	0	0	0	0	0	0	0	0	0	0	0	1	0	0	0	0	0	0	1	1
-44	0	0	0	0	0	0	0	0	0	1	0	0	0	0	0	0	0	0	0	0	0	0	1
-43	0	1	2	0	0	0	0	0	0	0	0	1	0	0	0	0	1	0	0	0	0	0	5
-42	0	0	0	0	0	0	0	0	0	1	0	1	0	0	0	0	0	0	0	0	0	0	2
-41	0	0	0	0	0	0	0	0	0	0	0	0	0	0	0	0	1	0	0	0	0	0	1
-40	0	0	0	1	0	0	0	0	0	0	0	1	0	0	0	0	0	0	0	0	0	0	2
-38	0	0	0	0	0	0	0	0	0	1	0	0	0	0	0	0	0	0	1	0	0	0	2
-37	0	0	0	1	0	0	0	1	0	0	0	0	0	1	0	0	0	0	0	0	1	0	3
-36	0	0	0	1	0	0	0	0	0	0	0	0	0	0	0	0	2	0	0	0	1	0	3
-35	0	0	0	0	0	0	0	0	0	0	0	0	0	0	0	0	0	0	0	2	0	0	2
-34	0	0	0	0	0	0	0	0	0	1	1	0	0	0	0	0	0	0	0	1	0	0	3
-31	0	0	0	0	0	0	0	0	0	1	0	0	1	0	0	0	0	0	0	0	0	0	2
-30	0	0	0	0	0	0	0	0	0	0	1	0	0	0	1	0	0	0	0	0	0	0	2
-29	0	0	0	1	0	0	0	0	1	1	0	0	0	1	0	0	0	1	0	0	0	1	5
-28	0	0	0	0	0	0	0	0	0	1	0	0	1	0	0	0	1	1	1	0	1	0	5
-26	0	0	2	0	0	0	0	0	0	0	0	0	0	0	0	0	0	0	0	0	0	0	2
-25	0	0	0	8	0	0	0	1	0	0	0	0	0	0	0	0	0	0	0	0	0	0	9
-24	0	0	0	0	0	0	0	0	0	0	0	0	0	0	1	0	0	0	1	0	1	0	2
-22	0	0	0	1	0	0	0	0	0	0	0	0	3	0	0	1	3	0	0	0	0	0	8
-21	0	0	0	0	0	0	0	1	0	0	0	0	0	0	0	0	1	0	0	0	1	0	2
-20	0	0	0	0	0	0	0	0	0	0	0	0	0	0	0	0	0	0	1	0	0	0	1
-19	0	0	0	2	0	0	0	0	0	0	0	0	0	0	0	2	0	1	0	0	0	0	5
-18	0	0	36	50	5	0	6	8	1	19	6	2	8	55	1	20	43	4	0	5	84	0	269
-17	0	34	21	12	6	0	14	9	11	14	2	39	13	134	1	10	27	9	1	6	182	1	363
-16	0	8	3	3	1	0	2	1	2	5	1	6	5	27	1	4	7	5	0	1	32	0	82
-15	0	0	2	1	0	0	0	0	0	0	1	3	0	6	0	0	0	0	0	0	5	0	13
-14	0	0	0	0	0	0	0	0	1	1	0	2	0	0	0	0	0	0	0	0	1	0	4
-13	0	0	0	0	0	0	0	0	0	3	0	0	1	0	0	1	0	0	0	0	0	0	5
-12	0	0	0	0	2	0	0	0	0	0	0	0	0	0	0	0	0	0	0	0	1	0	2
-11	0	0	0	0	0	0	0	0	1	1	0	0	0	0	0	0	0	0	0	0	1	0	2
-10	0	0	0	1	0	0	0	0	0	0	0	0	0	0	0	0	1	0	1	0	0	0	3
-9	1	2	1	0	0	0	0	1	0	0	0	0	0	0	0	0	0	0	0	0	0	0	5
-8	0	1	0	0	0	0	0	0	0	0	0	0	0	0	0	0	0	0	0	0	0	0	1
-5	0	0	0	0	0	0	0	0	0	0	0	0	0	1	0	0	2	0	0	0	2	0	3
-4	0	0	0	0	0	0	0	0	0	0	1	0	0	1	1	0	0	0	0	0	1	1	3
-3	1	0	1	0	0	0	1	7	0	1	0	0	0	0	1	0	0	0	0	0	1	1	12
-2	23	3	6	16	5	0	6	15	3	31	466	17	7	13	1	11	10	19	11	6	511	3	669
-1	24	5	9	13	6	0	1	19	11	23	61	15	4	15	3	18	22	29	3	7	195	7	288
1	507	37	247	329	157	345	146	433	219	628	123	378	293	279	72	291	285	553	35	167	1348	142	5524
2	67	10	30	44	13	58	18	56	17	53	28	61	56	42	0	24	34	69	3	21	90	1	704
3	2	0	2	1	1	4	2	2	1	3	0	2	7	3	0	2	6	1	0	0	6	0	39
4	0	0	0	0	0	1	0	0	0	0	0	0	2	0	0	0	0	1	6	0	0	0	10
5	0	0	0	0	0	0	0	1	0	0	0	0	0	3	0	0	0	1	2	0	3	0	7
6	0	0	0	0	0	0	0	0	1	0	0	0	0	1	0	0	0	0	1	0	2	0	3
8	0	0	0	0	0	0	0	0	0	1	0	0	2	0	0	0	0	0	0	0	0	0	3
12	0	0	0	0	1	0	0	1	0	0	0	3	0	0	0	1	0	0	8	0	11	0	14
13	0	0	0	0	0	0	0	1	0	0	0	2	1	0	0	0	0	0	0	0	3	0	4
14	0	0	0	0	1	0	0	0	5	0	0	1	0	0	0	0	0	1	0	0	0	0	8
15	1	0	0	0	0	0	1	0	4	2	1	0	1	1	0	0	0	0	3	0	3	0	14
16	59	8	24	58	3	64	7	18	13	29	1154	41	52	21	6	30	32	39	84	5	422	12	1747
17	18	3	4	21	3	28	3	2	2	7	146	7	11	7	1	12	8	7	18	4	99	1	312
18	2	0	0	1	0	1	0	1	0	3	10	1	0	1	0	1	6	1	3	1	12	0	32
19	0	0	0	0	0	1	1	0	2	1	0	0	0	0	0	0	0	0	0	0	2	0	5
20	0	0	0	0	0	0	0	0	0	0	0	0	0	0	3	0	0	0	0	0	3	0	3
22	54	11	57	46	28	53	1	28	2	34	14	33	36	20	1	32	28	41	0	10	9	2	529
23	10	2	9	5	2	11	0	6	0	5	2	6	11	8	0	7	14	5	2	1	0	0	106
24	1	1	2	13	0	0	0	1	0	4	2	2	2	3	0	1	3	3	0	0	1	0	38
26	0	0	0	0	0	1	0	0	0	0	0	0	0	0	0	0	0	0	0	0	0	0	1
28	1	0	0	2	0	0	0	0	0	0	3	0	0	0	0	0	0	0	0	0	3	0	6
29	0	0	0	0	0	0	0	0	0	0	0	0	0	0	3	0	0	0	0	0	0	3	3
30	0	0	0	0	0	0	0	0	0	0	0	0	0	0	3	0	0	1	0	0	4	0	4
31	0	0	0	0	0	0	0	0	1	1	0	0	0	0	0	0	1	0	0	0	0	0	3
32	1	0	0	5	1	0	0	0	0	1	2	1	1	1	0	0	3	3	64	0	25	0	83
33	0	0	1	0	0	5	0	1	0	1	0	1	1	1	0	0	1	4	23	0	11	0	39
34	0	0	1	0	0	0	1	0	0	0	0	0	0	0	0	0	0	0	1	0	0	0	3
35	0	0	0	0	0	0	1	0	0	0	0	0	0	0	0	0	0	0	0	0	1	0	1
36	0	0	0	0	0	0	0	0	1	1	0	0	0	0	0	0	0	0	0	0	0	1	2
38	15	1	10	7	3	12	0	6	1	16	3	1	8	3	0	7	14	8	0	6	1	0	121
39	9	0	5	3	1	2	0	3	0	3	0	0	4	0	0	2	2	4	0	4	0	0	42
40	1	0	0	0	1	1	0	0	0	0	0	0	0	1	1	0	1	0	0	0	1	1	6
41	1	0	0	0	0	0	0	0	0	0	2	0	0	0	0	3	0	0	0	0	5	0	6
42	10	0	1	0	0	0	0	0	2	1	5	1	0	1	0	27	3	0	1	0	44	0	52
43	0	0	0	0	0	1	0	0	0	0	0	0	0	0	0	1	1	0	0	0	2	0	3
45	0	0	0	0	0	0	0	0	0	0	0	0	0	1	0	0	0	0	0	0	0	0	1
46	0	0	0	0	0	0	0	0	0	1	0	0	0	0	0	0	0	1	0	0	0	0	2
48	0	0	0	0	0	1	0	0	0	0	2	0	0	0	0	0	0	0	5	0	0	0	8
49	0	0	0	0	0	0	0	0	0	0	0	0	0	0	0	0	0	0	1	0	0	0	1
50	0	0	0	0	0	0	0	0	0	0	0	0	0	0	0	1	0	0	0	0	0	0	1
51	0	0	0	0	0	0	0	0	0	0	0	0	0	0	1	0	0	0	0	0	0	0	1
53	1	0	0	0	0	0	0	1	0	0	0	0	0	0	0	1	0	0	0	0	0	0	3
54	0	0	1	0	0	1	0	0	0	0	2	0	0	0	0	0	0	0	0	0	2	0	4
55	0	0	0	0	0	0	0	0	0	0	5	0	0	0	0	0	1	0	0	0	5	0	6
56	1	0	0	0	0	0	0	0	0	0	0	0	0	0	0	0	0	0	0	0	0	0	1
57	7	0	0	0	0	16	2	4	0	4	0	0	0	0	1	2	3	9	0	2	45	0	50
58	2	0	0	0	0	1	1	1	0	1	0	0	0	0	1	0	0	5	0	0	11	0	12
59	0	0	0	0	0	0	0	0	0	0	0	2	0	0	0	0	0	0	0	0	0	0	2
60	0	0	0	0	0	0	0	0	0	0	0	0	0	0	0	2	0	0	8	0	8	0	10
61	1	0	0	0	0	0	0	0	0	0	0	0	0	0	1	0	0	0	1	0	2	0	3
62	0	0	2	0	0	0	0	0	0	0	0	0	0	0	0	0	0	0	0	0	0	0	2
63	0	0	0	0	0	0	0	0	0	0	0	0	0	0	0	0	0	0	0	1	1	0	1
64	2	0	0	0	0	0	0	1	0	0	0	0	0	0	0	3	1	0	0	1	4	0	8
65	1	0	0	0	0	0	0	0	0	0	0	0	0	0	0	0	0	0	0	0	1	0	1
66	0	0	0	0	0	0	0	1	0	0	0	0	0	0	0	0	0	0	0	0	1	0	1
67	0	0	0	0	0	0	1	0	0	0	0	0	0	0	0	0	0	0	0	0	0	0	1
69	0	0	0	1	0	0	0	0	0	0	0	0	0	0	0	0	0	0	0	0	0	0	1
70	0	0	0	0	0	0	0	0	0	0	0	0	0	0	0	0	0	1	0	0	0	0	1
73	0	0	0	0	0	0	0	0	0	0	0	0	0	0	1	1	0	0	0	0	0	0	2
74	0	0	0	0	0	0	0	0	0	0	0	0	0	0	0	1	0	0	0	0	1	0	1
75	0	0	0	0	0	0	0	0	1	0	0	0	0	0	0	0	0	0	0	2	0	0	3
76	0	0	0	0	0	0	0	0	0	0	0	0	0	0	1	0	0	0	0	0	0	1	1
77	0	0	0	0	0	0	0	0	0	1	0	0	0	0	0	0	0	0	0	0	1	0	1
80	0	0	0	0	0	0	1	0	0	0	0	0	0	0	0	1	0	0	0	0	0	0	2
81	0	0	0	1	0	0	0	0	0	0	1	0	0	0	0	0	0	0	0	0	1	0	2
82	0	0	0	0	0	0	0	0	0	0	0	1	0	0	0	0	0	0	0	0	0	0	1
84	0	0	0	1	0	0	0	0	1	1	0	0	0	0	0	0	0	0	0	0	0	1	3
86	0	0	0	0	0	0	0	0	0	0	0	0	0	0	0	0	0	0	1	0	0	0	1
89	1	0	0	0	0	0	0	0	0	0	0	0	0	1	0	0	0	0	0	0	0	0	2
90	0	0	0	0	0	0	0	0	0	0	0	0	0	1	0	0	0	0	0	0	0	0	1
91	0	0	1	0	0	0	0	0	0	0	0	0	0	0	0	0	0	0	0	0	0	0	1
93	0	0	0	0	0	0	0	0	0	0	0	0	0	0	1	0	0	0	0	0	0	0	1
94	0	0	0	0	0	0	0	0	0	0	0	0	0	0	1	0	0	0	0	0	0	0	1
95	0	0	0	0	0	0	0	0	1	0	1	0	0	0	0	0	0	0	0	0	0	0	2
99	0	0	0	0	0	0	0	0	0	0	0	0	0	0	0	0	0	2	0	0	0	0	2
100	0	0	0	0	0	0	0	0	0	0	0	0	0	0	0	1	0	0	0	0	0	0	1
102	0	0	0	0	0	0	0	0	2	0	0	0	0	0	0	0	0	0	0	0	0	1	2
106	0	0	0	0	0	1	0	0	0	0	0	0	0	0	0	0	0	0	0	0	0	0	1
108	0	0	0	0	1	0	0	0	0	0	0	0	1	0	0	0	0	1	0	0	0	0	3
109	0	0	0	0	0	0	0	0	0	0	0	0	0	0	0	1	0	0	0	0	1	0	1
110	0	0	2	0	0	0	0	0	0	0	0	0	0	0	0	0	0	0	0	0	0	0	2
111	0	0	0	1	0	1	0	0	0	0	0	0	0	0	0	3	0	0	0	0	0	0	5
112	0	0	0	2	0	0	0	0	0	0	0	0	0	0	0	0	0	0	0	0	0	1	2
114	0	0	0	1	0	0	0	0	0	0	0	0	0	0	0	0	0	0	0	0	0	1	1
116	1	0	0	0	0	0	0	0	0	0	0	0	0	0	0	0	1	0	0	0	0	0	2
120	1	0	0	0	0	0	0	0	0	0	0	0	0	0	0	0	0	0	0	0	1	0	1
123	0	0	0	0	0	0	0	0	0	0	0	0	0	1	0	0	0	0	0	0	0	0	1
124	0	0	0	0	0	0	0	0	0	0	0	0	0	0	0	1	0	0	0	0	0	0	1
127	0	0	0	0	0	0	0	0	0	4	0	0	0	0	0	0	0	0	0	0	0	0	4
128	3	0	0	0	3	1	1	0	0	1	1	2	2	0	1	0	1	1	0	0	4	1	17
129	0	0	0	23	0	1	0	0	0	0	0	0	0	0	0	6	0	1	0	0	0	21	31
130	0	0	1	5	0	0	0	0	0	0	0	0	0	0	0	1	0	0	0	0	0	5	7
132	0	0	1	0	0	0	0	0	0	0	0	1	0	0	0	0	0	0	0	0	0	0	2
138	1	0	0	0	0	0	0	0	0	0	0	0	0	0	0	0	0	0	0	0	0	0	1
139	0	0	0	0	0	0	0	0	0	0	0	0	1	0	0	0	0	0	0	0	0	0	1
144	0	0	0	0	0	0	0	0	0	0	1	0	0	0	0	0	2	1	0	0	2	0	4
145	0	0	0	0	0	0	0	0	0	0	0	0	0	0	0	0	0	2	0	0	0	0	2
147	0	0	0	0	1	0	0	0	0	0	0	1	0	0	0	0	0	0	0	0	2	0	2
148	0	0	0	0	0	0	1	0	0	0	0	1	0	0	0	0	0	0	0	0	2	0	2
151	0	0	0	1	0	0	0	0	1	0	0	0	0	0	0	7	0	0	0	0	0	0	9
154	0	0	0	0	0	0	0	0	0	0	0	0	0	0	0	0	0	1	0	0	0	0	1
156	11	0	0	1	0	6	0	5	0	10	1	0	1	1	0	5	1	3	0	1	9	0	46
157	7	0	0	1	0	0	0	0	0	4	1	0	1	0	0	0	0	0	0	0	3	0	14
158	0	0	0	0	0	0	0	0	0	0	1	0	0	0	0	0	0	0	0	0	0	0	1
166	0	0	0	0	0	0	0	0	0	0	0	0	0	0	0	0	1	0	0	0	0	0	1
167	3	0	1	2	0	0	0	0	0	0	0	0	0	0	0	2	0	0	0	0	0	0	8
168	0	0	0	1	0	0	0	0	0	0	0	0	0	0	0	0	0	0	0	0	0	0	1
169	0	0	0	0	0	0	0	0	0	1	0	0	0	0	0	0	0	0	0	0	0	0	1
174	0	0	0	0	0	0	0	0	1	0	0	0	0	0	0	0	0	1	0	0	0	0	2
176	0	0	0	0	0	0	0	0	0	1	0	0	0	0	0	0	0	0	0	0	1	0	1
181	0	0	0	0	0	0	0	2	0	0	0	0	0	0	0	0	0	0	0	0	2	0	2
182	0	0	1	1	0	0	0	0	0	1	0	0	0	0	0	0	0	0	0	0	1	0	3
184	0	0	0	0	0	0	0	0	1	0	0	0	0	0	0	0	0	1	0	0	0	0	2
187	0	0	0	0	0	0	0	0	0	0	0	0	0	0	0	1	0	0	0	0	0	0	1
188	1	0	0	0	0	0	0	0	1	0	0	0	0	0	0	0	0	0	0	0	0	0	2
189	0	0	0	1	0	0	0	0	0	0	0	0	0	0	0	0	0	0	0	0	0	0	1
190	0	0	0	0	0	0	0	0	1	0	0	0	0	0	0	1	0	0	0	0	0	0	2
191	0	0	0	0	0	0	0	0	0	0	0	0	0	0	0	2	0	0	0	0	0	0	2
196	0	0	0	0	0	1	0	0	0	0	0	0	0	0	0	0	0	0	0	0	0	0	1
