 	A	C	D	E	F	G	H	I	K	L	M	N	P	Q	R	S	T	V	W	Y	Nterm	Cterm	Sum
-115	0	0	0	0	0	0	0	0	0	0	0	0	0	0	0	0	0	0	1	0	0	0	1
-110	0	0	0	0	0	0	0	0	0	0	0	0	0	0	0	0	0	0	1	0	0	0	1
-101	0	0	0	0	0	0	0	0	0	0	0	0	0	0	0	0	0	0	0	1	0	0	1
-99	0	0	0	0	0	0	0	0	0	0	0	0	0	0	3	0	0	0	0	0	0	0	3
-96	0	0	0	0	0	0	0	0	0	0	0	0	0	0	1	0	0	0	0	0	0	1	1
-92	0	0	0	0	0	0	0	0	0	0	0	0	0	0	1	0	0	0	0	0	0	0	1
-91	0	0	0	0	0	0	0	0	0	0	0	0	0	0	1	0	0	0	0	1	0	0	2
-88	0	0	0	0	0	0	0	0	0	0	0	0	0	0	1	0	0	0	0	0	1	0	1
-87	0	0	0	0	1	0	0	0	0	0	0	0	0	0	0	0	0	0	0	0	0	0	1
-86	0	0	0	0	0	0	0	0	0	0	0	0	0	0	1	0	0	0	0	0	0	0	1
-85	0	0	0	0	1	0	0	0	0	0	0	0	0	0	0	0	0	0	0	0	0	0	1
-83	0	0	0	0	0	0	0	0	0	0	0	0	0	0	0	0	0	0	3	1	0	0	4
-82	0	0	0	0	0	0	0	0	0	0	0	0	0	0	1	0	0	0	0	0	0	1	1
-80	0	0	0	0	0	0	1	0	0	0	0	0	0	0	0	0	0	0	0	0	0	0	1
-79	0	1	0	0	0	0	0	0	0	0	0	0	0	0	0	0	0	0	0	0	0	0	1
-78	0	0	0	0	0	0	0	0	0	0	0	0	0	0	2	0	0	0	0	0	0	0	2
-77	0	0	0	0	0	0	0	0	0	0	0	0	0	0	0	0	0	0	1	0	0	0	1
-74	0	0	0	0	0	0	0	0	0	0	2	0	0	0	0	0	0	0	0	0	1	0	2
-73	0	0	0	0	1	0	0	0	0	0	0	0	0	0	0	0	0	0	0	0	0	0	1
-72	0	1	0	0	0	0	0	0	0	0	0	0	0	0	1	0	0	0	0	0	0	0	2
-71	0	0	0	0	0	0	0	0	0	0	0	0	0	0	0	0	0	0	1	1	1	0	2
-69	0	0	0	0	0	0	0	0	0	0	0	0	0	1	0	0	0	0	0	0	0	0	1
-66	0	0	0	1	0	0	0	0	0	0	0	0	0	1	0	0	0	0	0	0	0	0	2
-65	0	0	0	0	0	0	0	0	1	0	0	0	0	0	0	0	0	0	0	0	0	0	1
-64	0	0	0	0	0	0	0	0	0	0	0	0	0	1	0	0	0	0	0	0	0	0	1
-63	0	0	0	0	1	0	0	0	0	0	0	0	0	0	1	0	0	0	0	0	0	0	2
-62	0	0	0	1	0	0	0	0	0	0	0	0	0	0	0	0	0	0	0	0	0	0	1
-61	0	1	0	1	0	0	5	0	0	0	0	0	0	0	0	0	0	0	0	1	1	0	8
-60	0	0	0	1	0	0	0	0	0	0	0	0	0	0	0	0	0	0	0	0	0	0	1
-59	0	1	0	0	0	0	0	0	0	0	0	0	0	0	2	0	0	0	0	0	0	0	3
-58	0	0	0	0	0	0	0	0	0	0	2	0	0	0	0	0	0	0	1	0	0	0	3
-56	0	0	0	0	1	0	0	0	0	3	0	0	0	0	0	0	0	0	0	0	0	0	4
-55	0	0	1	0	0	0	0	0	0	0	0	0	0	0	0	0	0	0	0	0	0	0	1
-54	0	0	0	0	0	0	0	0	1	0	0	0	0	0	0	0	0	0	0	0	0	0	1
-51	0	0	0	0	0	0	0	1	0	0	0	0	0	0	0	0	0	0	0	1	0	0	2
-50	0	0	1	0	2	0	0	0	0	0	0	0	0	0	0	0	0	0	0	0	2	0	3
-49	0	0	0	0	0	0	0	0	0	0	1	0	0	0	0	0	0	0	0	0	0	0	1
-48	0	0	1	1	2	0	0	2	1	1	28	1	0	1	0	0	0	0	0	0	6	1	38
-47	0	0	0	0	0	0	1	0	3	0	0	1	0	0	1	0	0	0	0	0	0	3	6
-46	0	0	0	0	0	0	0	0	0	0	0	0	0	1	0	0	0	0	0	1	1	0	2
-45	0	0	0	0	0	0	0	0	0	2	0	0	0	0	0	0	0	0	0	0	0	0	2
-44	0	0	0	0	0	0	0	1	0	0	0	0	0	0	0	0	0	0	0	0	0	0	1
-43	0	0	0	0	0	0	0	0	0	0	0	1	0	0	0	0	1	0	0	0	0	0	2
-42	0	0	0	0	0	0	0	0	0	2	0	1	0	0	0	0	0	0	0	0	0	0	3
-41	0	0	1	0	0	0	0	0	0	0	1	0	0	0	0	0	0	0	0	0	0	0	2
-40	0	0	0	0	0	0	0	0	0	0	0	0	0	1	0	0	0	0	0	0	0	0	1
-39	0	0	0	0	0	0	0	0	0	0	0	0	0	0	1	0	0	0	0	0	0	1	1
-38	0	0	0	0	0	0	0	0	0	1	0	0	0	0	0	0	0	0	0	0	0	0	1
-36	0	0	1	0	1	0	0	1	0	2	0	0	0	0	0	0	1	0	1	0	1	0	7
-35	0	0	1	0	0	0	0	0	0	0	0	0	0	0	0	0	2	0	0	0	0	0	3
-34	0	0	0	0	0	0	0	1	0	0	0	1	0	0	0	0	0	0	0	0	1	0	2
-32	0	0	1	0	0	0	0	0	0	0	0	0	1	0	0	0	0	0	0	2	0	0	4
-31	0	0	0	0	0	0	0	0	0	1	0	0	0	0	0	0	0	0	0	0	0	0	1
-29	0	0	1	0	0	0	0	0	2	1	0	0	0	1	0	0	0	0	0	0	2	2	5
-28	0	0	0	0	0	0	0	0	0	0	0	0	0	0	1	1	0	2	0	2	0	1	6
-27	0	0	0	0	0	0	0	0	0	1	2	1	0	0	0	0	0	1	0	0	0	0	5
-26	0	0	1	0	0	0	0	0	0	0	0	0	0	0	0	0	0	0	0	0	0	0	1
-25	0	0	0	4	0	0	0	0	0	0	0	0	0	0	0	0	0	0	0	0	0	0	4
-24	0	0	1	0	0	0	0	2	0	0	0	0	0	0	0	0	0	0	0	0	0	0	3
-23	0	0	0	0	0	0	0	0	0	0	0	0	0	1	0	0	0	0	0	0	0	0	1
-22	0	0	0	0	0	0	0	0	0	0	0	0	0	0	0	0	1	0	0	0	0	0	1
-21	0	0	1	0	1	0	1	1	0	0	0	0	0	0	0	0	0	0	0	0	0	0	4
-20	0	0	0	0	0	0	0	0	0	0	0	0	0	1	1	0	0	1	0	0	0	0	3
-19	0	0	0	0	0	0	0	0	0	1	0	0	0	0	0	0	0	0	0	0	0	0	1
-18	0	2	61	43	1	0	1	6	2	21	4	1	5	49	0	24	28	5	0	6	77	1	259
-17	0	28	21	5	4	0	3	10	11	18	2	50	19	111	1	9	39	3	7	9	158	1	350
-16	0	7	7	3	2	0	0	1	3	2	0	6	3	23	0	0	15	1	0	3	32	1	76
-15	0	0	1	1	0	0	0	1	0	1	1	4	0	8	0	0	2	0	0	0	8	0	19
-14	0	0	0	0	0	0	0	0	0	1	0	1	0	0	0	0	0	0	0	0	0	0	2
-13	0	0	0	0	0	0	0	0	0	0	0	0	0	0	0	1	0	0	0	0	0	0	1
-12	0	0	2	0	0	0	0	0	0	0	0	0	0	0	0	0	0	0	0	0	0	0	2
-11	0	0	0	0	0	0	0	0	1	1	0	0	0	0	0	0	0	0	0	1	0	0	3
-9	1	2	0	0	0	0	0	1	0	2	0	0	0	0	0	0	0	0	0	0	0	0	6
-8	0	1	1	1	0	0	1	0	0	0	0	0	0	0	0	1	0	0	0	0	1	0	5
-7	0	0	0	1	0	0	0	0	0	0	0	0	0	0	0	0	0	0	0	0	0	0	1
-6	1	0	0	0	0	0	0	0	0	0	0	0	0	0	0	0	0	0	0	0	1	0	1
-5	0	0	2	0	0	0	0	0	0	0	0	0	0	0	0	0	0	0	0	0	0	0	2
-4	0	0	1	0	0	0	0	0	0	0	0	0	0	0	0	1	0	0	0	0	0	0	2
-3	0	0	0	1	0	0	0	0	0	2	1	1	0	0	1	0	1	1	0	0	4	1	8
-2	13	4	5	14	11	0	2	16	6	16	238	7	5	8	2	8	5	28	7	8	293	3	403
-1	34	3	14	18	14	0	4	30	14	34	58	18	6	18	8	13	20	28	4	4	199	14	342
1	636	52	263	332	176	373	148	490	280	568	145	400	281	337	92	252	357	594	53	186	1524	186	6015
2	82	11	44	40	11	54	17	63	24	58	23	69	51	54	1	34	51	76	5	19	139	9	787
3	7	1	1	3	0	3	2	4	2	4	1	3	0	3	1	0	2	1	0	1	5	0	39
4	1	0	0	3	0	0	1	2	0	1	0	0	0	0	0	0	1	0	19	0	13	0	28
5	1	0	0	2	0	2	0	0	0	0	0	0	0	2	0	0	0	0	7	0	6	0	14
7	1	3	0	0	0	3	0	0	0	1	0	0	0	0	0	0	0	0	0	0	0	0	8
8	1	2	1	0	0	1	0	0	0	1	0	0	0	0	0	0	0	0	0	0	0	0	6
9	0	0	0	0	0	0	0	0	0	0	0	0	0	1	0	0	0	0	0	0	1	0	1
10	2	0	0	0	0	0	0	0	0	0	0	0	1	0	0	0	1	0	0	0	2	0	4
11	0	0	0	0	0	0	0	1	1	0	0	0	0	0	0	0	0	0	1	0	1	1	3
12	0	0	0	0	0	1	0	2	2	0	0	5	2	3	1	1	0	0	27	0	34	1	44
13	0	0	0	0	1	0	0	0	0	0	0	3	0	0	0	0	0	0	0	0	3	0	4
14	1	0	0	4	0	0	0	1	3	3	1	3	0	0	0	0	0	1	0	0	4	0	17
15	2	0	1	0	0	0	0	0	3	2	3	0	0	2	0	1	0	0	2	0	7	0	16
16	23	4	35	52	8	66	8	12	12	30	883	19	18	16	6	17	31	31	138	10	320	9	1419
17	13	2	7	15	3	32	1	3	6	12	135	10	5	5	3	5	11	15	22	5	89	3	310
18	1	0	1	0	1	2	0	0	0	4	8	0	0	1	0	1	0	0	1	0	10	0	20
19	0	0	1	0	0	0	0	1	3	0	1	0	3	0	0	0	0	0	0	0	1	0	9
20	0	0	0	0	0	1	0	0	0	0	0	0	0	0	0	0	0	0	0	0	0	0	1
21	0	3	1	0	0	1	0	0	0	0	0	0	0	0	0	1	0	0	0	0	1	0	6
22	52	7	34	40	12	50	3	22	1	30	16	27	41	20	0	32	23	24	1	7	9	0	442
23	8	0	3	24	1	13	1	1	1	8	1	9	8	6	0	4	9	2	0	3	0	0	102
24	3	0	1	17	0	1	0	0	0	1	0	1	5	1	1	2	2	1	0	1	0	1	37
25	1	0	0	0	0	0	0	0	0	0	1	0	0	0	0	0	0	0	0	0	0	0	2
26	0	0	0	0	0	0	0	0	0	0	1	0	0	0	0	0	0	0	1	0	0	0	2
27	0	0	0	0	0	0	0	0	0	0	0	1	0	0	0	0	0	0	0	0	0	0	1
28	0	0	0	1	0	0	0	0	1	0	3	0	0	0	1	0	0	0	0	0	3	0	6
29	0	0	0	0	0	1	0	0	0	0	0	0	0	0	0	0	0	1	0	0	1	0	2
30	0	0	0	0	0	0	0	0	0	0	0	0	0	0	1	0	0	0	0	0	1	0	1
32	2	0	2	0	1	1	0	0	2	1	2	0	0	2	0	2	2	2	70	0	10	0	89
33	2	0	2	0	0	0	0	2	2	0	0	2	0	0	0	1	3	1	21	1	8	0	37
34	0	0	0	0	0	0	1	0	0	0	0	0	0	0	0	0	0	0	0	0	0	0	1
35	0	0	0	0	1	0	1	0	0	0	0	0	0	1	0	1	0	0	0	0	1	0	4
36	1	0	0	0	0	0	0	0	0	0	0	0	0	0	0	0	0	0	0	0	0	0	1
37	0	0	0	0	0	0	0	0	0	0	0	0	0	2	0	0	0	0	0	0	0	0	2
38	24	0	7	13	2	13	0	8	0	14	0	6	9	1	0	5	2	2	0	6	1	0	112
39	11	0	3	4	0	0	0	1	1	1	1	1	3	1	0	1	0	0	0	2	5	0	30
40	0	0	1	0	0	0	0	2	0	0	0	0	0	0	0	0	1	0	0	0	1	0	4
41	0	0	0	0	0	0	0	0	0	0	0	0	0	0	0	1	0	0	0	0	0	0	1
42	10	0	0	2	0	1	0	0	0	2	6	2	1	1	0	49	10	1	0	0	74	0	85
43	0	0	0	0	0	0	0	1	0	0	2	0	0	1	0	6	0	0	0	0	8	0	10
44	0	0	0	1	1	0	0	0	0	0	0	0	0	0	0	0	1	0	0	0	1	0	3
46	0	0	0	0	0	0	0	0	0	0	0	0	0	0	0	1	0	0	0	0	0	0	1
47	1	0	0	0	0	0	0	0	0	0	0	0	0	1	0	0	0	0	0	0	0	0	2
48	0	0	0	0	0	1	0	0	0	0	0	0	0	0	0	0	0	0	0	0	0	0	1
51	0	0	2	0	0	0	0	0	0	0	0	0	0	0	0	0	0	0	0	0	0	0	2
52	0	0	0	0	1	0	0	0	0	0	0	0	0	0	1	0	0	0	0	0	0	1	2
53	2	0	0	3	0	2	0	0	0	1	0	1	0	0	0	0	0	0	0	0	0	0	9
54	1	0	0	0	0	0	0	0	0	0	0	0	0	0	0	0	0	0	0	0	0	0	1
55	0	0	0	0	0	0	0	0	0	0	5	0	0	0	0	0	0	0	0	0	5	0	5
56	0	0	0	0	0	0	0	0	0	0	2	0	0	0	0	0	0	0	1	0	2	0	3
57	18	0	1	2	4	14	2	3	0	7	0	2	6	1	2	4	4	13	0	2	77	0	85
58	3	1	0	5	2	5	1	1	2	4	0	0	5	0	0	3	0	4	0	1	21	0	37
59	0	0	0	0	0	0	0	0	1	0	0	0	0	0	0	1	0	0	0	0	0	0	2
60	0	0	0	1	0	0	0	0	0	0	0	0	0	0	0	0	0	0	2	0	2	0	3
61	0	0	0	0	0	0	0	0	0	0	0	0	0	0	0	0	0	0	1	0	1	0	1
62	0	0	0	0	0	0	0	0	1	0	0	0	0	0	0	0	0	0	0	1	1	0	2
64	2	0	0	0	0	0	0	1	0	1	0	0	0	0	0	2	0	0	0	1	2	0	7
65	1	0	0	0	0	1	0	0	0	0	0	0	0	0	1	0	0	0	0	0	0	0	3
66	0	0	0	0	0	1	0	0	0	0	0	0	0	0	0	0	0	0	0	0	0	0	1
68	0	0	0	0	0	0	0	0	1	0	0	0	0	0	0	0	0	0	0	0	0	1	1
69	0	0	0	0	0	0	0	0	0	0	0	0	0	0	0	0	1	0	0	0	1	0	1
70	1	0	0	0	0	0	0	1	0	0	0	1	0	1	0	0	0	0	0	0	2	0	4
71	0	0	0	0	0	0	0	0	0	0	0	0	0	0	0	1	0	1	0	0	0	0	2
72	0	0	0	0	0	1	0	0	0	0	0	0	0	0	0	0	0	0	0	0	0	0	1
74	0	0	0	0	0	0	0	0	1	0	0	0	1	0	0	0	0	0	0	0	0	0	2
75	0	0	0	1	0	0	0	0	1	0	0	0	0	0	0	0	0	0	0	0	0	0	2
76	0	0	0	0	0	0	0	2	0	0	0	0	0	0	0	0	1	0	0	0	0	0	3
77	0	0	0	0	0	1	0	1	0	1	0	0	0	0	0	0	0	0	0	0	0	0	3
80	0	0	0	0	0	0	0	0	1	0	0	0	0	0	0	1	0	0	0	0	0	1	2
81	0	0	0	0	0	0	0	1	0	0	0	0	1	0	0	0	0	0	0	0	0	0	2
82	1	0	0	0	0	0	0	0	0	0	0	0	0	0	0	0	0	0	0	0	0	0	1
83	0	0	0	0	0	0	0	0	0	0	0	0	0	0	0	0	0	1	0	0	0	0	1
84	0	0	0	0	0	0	0	0	0	5	0	0	0	0	0	0	0	0	0	0	0	0	5
85	0	0	0	1	0	0	0	0	0	0	0	0	0	0	0	0	0	0	0	0	0	0	1
86	0	0	0	0	0	0	0	0	0	0	0	1	0	0	0	0	0	0	1	0	0	0	2
87	0	0	0	0	0	0	0	0	0	0	0	0	1	0	0	0	0	0	0	0	1	0	1
89	0	0	0	0	0	0	0	0	0	0	0	0	1	0	0	0	0	0	0	0	0	0	1
92	0	0	0	0	0	0	0	0	0	0	0	0	0	0	0	0	0	1	0	0	0	0	1
95	0	0	1	0	0	0	0	0	0	0	0	0	0	0	1	0	0	0	0	0	0	0	2
96	0	0	0	0	0	0	0	0	0	0	0	1	0	0	0	0	0	0	0	0	0	0	1
97	0	0	0	0	0	0	0	0	0	0	0	0	1	0	1	0	0	0	0	0	0	1	2
99	0	0	1	0	0	1	0	0	0	0	0	0	0	0	0	0	0	0	0	0	1	0	2
100	0	0	0	0	0	0	0	0	0	0	1	0	0	0	0	0	0	0	0	0	0	0	1
102	0	0	1	0	0	0	0	0	0	0	0	0	0	0	0	0	0	0	0	0	0	0	1
103	0	0	0	0	0	0	0	0	0	0	0	1	0	0	0	0	0	0	0	0	0	0	1
104	0	0	0	0	0	0	0	0	0	0	1	0	0	0	0	0	0	0	0	0	0	0	1
105	0	0	0	0	0	0	0	0	0	2	0	0	0	0	0	1	0	0	0	0	0	0	3
107	0	0	0	0	0	1	0	0	1	0	0	0	0	0	0	0	0	0	0	0	0	0	2
108	0	0	0	0	0	0	0	0	0	0	0	0	0	1	0	0	0	0	0	0	0	0	1
109	0	0	0	0	1	0	0	0	0	0	0	0	0	0	0	0	0	0	0	0	0	0	1
115	0	0	0	2	0	0	0	0	0	1	0	0	0	1	0	0	0	0	0	0	0	2	4
116	0	0	0	1	0	0	0	0	0	0	0	0	1	0	0	0	1	0	0	0	0	1	3
117	0	0	0	0	0	0	0	0	0	0	1	0	0	0	0	0	0	0	0	0	1	0	1
118	0	0	0	0	0	0	0	0	0	0	0	0	0	1	0	0	0	0	0	0	0	0	1
119	0	0	0	1	0	0	0	0	0	0	0	0	0	0	0	0	0	0	0	0	1	0	1
124	1	0	0	0	0	0	0	0	0	0	0	0	0	0	0	0	0	0	0	0	0	0	1
127	0	0	0	0	0	0	0	0	0	2	0	0	0	0	0	0	0	0	0	0	0	0	2
128	3	0	0	0	4	2	0	1	0	0	0	2	3	1	0	3	0	1	0	2	5	0	22
129	0	0	2	11	0	1	0	1	0	1	0	0	1	0	0	0	1	3	0	0	3	13	21
130	0	0	0	4	0	2	0	0	0	0	0	0	0	0	0	1	0	0	0	0	0	4	7
133	0	0	0	0	0	0	0	0	0	0	0	1	0	0	0	0	0	0	0	0	0	0	1
138	0	0	0	0	0	0	0	0	0	0	0	1	0	0	0	0	0	1	0	0	0	0	2
142	0	0	1	0	0	0	0	0	0	0	0	0	0	1	0	0	0	0	0	0	0	0	2
143	0	0	0	0	0	1	0	0	0	0	0	0	0	0	0	0	0	0	0	0	0	0	1
144	0	0	0	0	0	0	0	1	0	0	0	0	0	0	0	0	0	0	0	0	1	0	1
145	0	0	0	0	0	0	0	0	0	0	0	0	0	1	0	0	0	0	0	0	1	0	1
147	0	0	1	0	0	0	0	0	0	0	0	4	0	0	0	0	0	0	0	0	4	0	5
148	0	0	0	0	0	0	2	0	0	0	0	0	0	0	0	0	0	0	0	0	0	0	2
152	0	2	0	0	0	0	0	0	0	0	0	0	0	0	0	0	0	0	0	0	0	0	2
156	4	0	2	1	0	0	0	2	5	10	1	1	0	0	0	0	0	3	0	3	15	5	32
157	1	0	0	0	0	1	0	0	0	2	0	0	0	0	1	0	0	1	0	1	2	1	7
160	0	0	0	0	0	0	0	0	0	1	0	0	0	0	0	0	0	0	1	0	0	0	2
164	0	0	0	0	0	0	0	0	1	0	0	0	0	0	0	0	0	0	0	0	1	0	1
165	0	0	0	0	0	0	0	0	0	0	0	0	1	0	0	0	0	0	0	0	1	0	1
167	0	0	0	0	0	0	0	0	0	0	0	0	0	0	0	2	0	0	0	0	0	0	2
171	0	0	0	1	0	0	0	0	0	0	0	0	0	0	1	0	0	0	0	0	0	0	2
172	0	0	0	1	0	0	0	0	0	0	2	0	0	0	0	0	0	0	0	0	2	0	3
173	0	0	0	0	0	0	0	0	0	0	2	0	0	0	0	0	0	0	0	0	1	0	2
177	0	0	0	0	0	0	0	0	0	0	0	0	1	0	0	0	0	0	0	0	0	0	1
179	0	0	0	0	0	0	0	0	0	0	0	0	0	0	0	0	0	0	0	1	0	0	1
181	0	0	0	0	0	0	0	0	0	0	0	1	0	0	0	0	0	0	0	0	1	0	1
182	0	0	0	0	0	0	0	0	1	0	0	0	0	0	0	0	0	0	0	0	0	1	1
183	0	0	0	0	0	0	0	0	0	0	0	0	0	0	0	1	0	0	0	0	1	0	1
189	0	0	0	0	0	0	0	0	1	0	0	0	0	0	0	0	0	0	0	0	0	0	1
190	0	0	0	0	0	0	0	0	1	0	0	0	0	0	0	0	0	0	0	0	0	0	1
