 	A	C	D	E	F	G	H	I	K	L	M	N	P	Q	R	S	T	V	W	Y	Nterm	Cterm	Sum
-113	0	0	0	0	0	0	0	0	0	0	0	0	0	0	0	0	0	0	1	0	0	0	1
-102	0	0	0	0	0	0	0	0	0	0	0	0	0	0	0	0	0	0	0	1	0	0	1
-101	0	0	0	0	0	0	0	0	0	0	0	0	0	0	0	0	0	0	1	0	0	0	1
-99	0	0	0	0	0	0	0	0	0	0	0	0	0	0	4	0	0	0	0	0	0	1	4
-98	0	0	0	0	0	0	0	0	0	0	0	0	0	0	1	0	0	0	0	0	0	0	1
-92	0	0	0	0	0	0	0	0	0	0	0	0	0	0	1	0	0	0	0	0	0	0	1
-89	0	0	0	0	0	0	0	0	0	0	0	0	0	0	0	0	0	0	1	0	0	0	1
-86	0	0	0	0	0	0	0	0	0	0	0	0	0	0	1	0	0	0	0	0	0	0	1
-85	0	1	0	0	0	0	0	0	0	0	0	0	0	0	1	0	0	0	0	0	0	0	2
-83	0	0	0	0	0	0	0	0	0	0	0	0	0	0	0	0	0	0	1	1	0	0	2
-78	0	0	0	0	0	0	0	0	0	0	0	0	0	0	1	0	0	0	0	0	0	0	1
-77	0	0	0	0	1	0	0	0	0	0	0	0	0	0	0	0	0	0	0	0	0	0	1
-72	0	0	0	0	0	0	0	0	0	0	0	0	0	0	1	0	0	0	0	0	0	0	1
-71	0	0	0	1	0	0	0	0	1	0	0	0	0	0	0	0	0	0	0	0	1	0	2
-69	0	0	0	0	0	0	0	0	1	0	0	0	0	0	0	0	0	0	0	0	0	0	1
-67	0	0	0	0	0	0	0	0	0	0	0	0	0	1	0	0	0	0	0	0	0	0	1
-65	0	0	0	1	0	0	0	0	0	0	0	0	0	0	0	0	0	0	0	0	0	0	1
-63	0	0	0	0	0	0	1	0	1	0	0	0	0	0	1	0	0	0	0	0	0	0	3
-62	0	0	0	0	0	0	0	0	0	0	0	0	0	0	1	0	0	0	1	0	0	1	2
-61	0	0	0	0	0	0	4	0	0	0	0	0	0	0	0	0	0	0	0	0	0	0	4
-58	0	0	1	0	1	0	0	0	0	0	1	0	0	0	0	0	0	0	1	0	0	0	4
-56	0	0	1	0	0	0	0	0	0	3	0	0	0	0	1	0	0	0	0	0	0	1	5
-54	0	0	0	0	0	0	0	0	0	1	0	0	0	0	0	0	0	0	0	0	0	0	1
-51	0	0	0	0	1	0	0	0	0	0	0	0	0	0	0	0	0	0	0	0	0	0	1
-50	0	0	0	0	1	0	0	0	0	0	0	0	0	1	0	0	0	0	0	0	1	0	2
-48	0	0	3	1	0	0	0	0	0	2	15	0	0	1	0	0	0	0	0	0	8	0	22
-47	0	0	0	0	0	0	0	0	2	1	2	0	0	0	0	0	0	0	0	0	0	2	5
-46	0	0	0	0	0	0	0	0	0	0	0	0	0	0	1	0	0	0	0	0	0	0	1
-45	0	0	1	0	0	0	0	0	0	0	0	0	0	1	0	0	0	0	0	0	0	0	2
-44	0	0	0	0	0	0	0	0	0	0	0	0	0	0	0	0	1	0	0	0	0	0	1
-42	0	0	0	0	0	0	0	0	0	2	0	0	0	0	0	0	0	0	0	0	0	0	2
-41	0	0	0	0	0	0	0	0	2	0	0	0	0	0	0	0	0	0	1	0	0	0	3
-39	0	0	0	0	0	0	0	0	0	0	0	0	0	1	0	0	0	0	0	0	0	0	1
-37	0	0	0	0	0	0	0	0	0	0	0	0	1	0	0	0	0	0	0	0	0	0	1
-36	0	0	0	0	1	0	0	1	0	1	0	0	0	0	1	0	2	0	0	1	0	0	7
-35	0	0	0	0	0	0	0	0	0	0	0	1	0	0	0	0	1	0	0	2	0	0	4
-34	0	0	0	0	0	0	0	1	0	0	0	1	0	0	0	0	0	0	0	0	1	0	2
-33	0	0	0	0	0	0	0	0	0	0	0	1	0	0	0	0	0	0	0	0	0	0	1
-32	0	0	0	0	0	0	0	0	0	1	0	0	1	0	0	0	0	0	0	0	0	0	2
-31	0	0	0	0	0	0	0	0	0	1	0	0	1	0	0	0	0	0	0	0	0	0	2
-30	0	0	0	0	0	0	0	0	0	0	0	0	0	1	0	0	1	0	0	0	1	0	2
-29	0	0	0	0	0	0	0	0	2	0	0	0	0	0	0	1	0	0	0	0	1	1	3
-27	0	0	1	0	0	0	0	0	0	0	0	0	0	0	1	0	0	0	0	0	0	0	2
-26	0	0	0	1	0	0	0	0	0	0	1	0	1	0	0	0	0	0	0	0	0	0	3
-25	0	0	0	4	0	0	0	1	0	0	0	0	0	0	0	0	0	0	0	0	0	0	5
-23	0	0	0	0	0	0	0	0	0	0	0	0	0	0	1	0	0	0	0	0	0	1	1
-21	0	0	0	0	0	0	0	0	0	1	0	0	1	1	0	0	0	1	0	1	1	0	5
-19	0	0	0	0	0	0	0	0	0	1	0	0	0	2	0	1	1	0	0	0	2	0	5
-18	0	2	66	51	3	0	2	6	0	25	6	4	13	49	1	21	36	6	1	7	91	1	299
-17	0	26	21	8	4	0	5	15	10	14	7	53	19	126	1	13	44	7	10	14	178	0	397
-16	0	1	10	4	1	0	0	5	2	2	0	6	1	25	2	2	4	2	2	1	32	0	70
-15	0	0	0	0	0	0	1	1	0	0	0	4	1	4	0	0	0	2	0	0	4	0	13
-14	1	1	0	0	1	0	0	0	2	1	0	0	0	1	1	0	0	1	0	0	3	0	9
-13	0	0	0	0	0	0	0	0	0	0	0	0	0	1	0	0	0	1	0	0	1	0	2
-12	0	0	1	1	0	0	0	0	0	1	0	0	1	0	0	0	0	1	0	0	0	0	5
-11	0	0	1	1	1	0	0	0	0	0	0	0	0	0	0	0	0	1	0	0	0	0	4
-10	0	0	1	0	0	0	0	0	0	0	0	0	0	0	0	0	0	0	0	0	0	0	1
-9	1	5	0	1	0	0	0	0	0	0	0	0	0	0	0	0	0	0	0	0	0	0	7
-8	0	1	0	0	0	0	0	0	0	0	0	1	0	0	0	0	0	0	0	0	0	0	2
-7	0	0	0	0	0	0	0	0	0	0	0	0	0	0	0	0	0	0	1	0	1	0	1
-6	0	0	0	0	0	0	0	0	0	2	0	0	0	0	0	1	0	0	0	0	0	0	3
-5	0	0	1	0	0	0	0	0	0	0	0	0	0	0	0	0	0	0	0	0	0	0	1
-4	0	0	0	0	0	0	0	0	0	0	0	0	0	0	2	1	0	0	0	0	0	1	3
-3	0	0	0	1	0	0	0	1	1	0	0	0	0	0	0	0	0	0	0	0	0	1	3
-2	19	2	4	19	2	0	3	15	5	16	269	9	3	13	2	7	6	25	12	4	315	3	435
-1	29	2	11	23	10	0	3	25	14	25	65	10	7	10	7	15	16	26	5	9	189	12	312
1	665	49	246	354	178	364	167	492	266	627	155	410	244	374	83	318	332	563	44	195	1495	167	6126
2	73	7	36	49	18	45	17	60	24	74	24	82	44	47	4	40	56	75	7	20	124	8	802
3	2	2	0	1	1	2	0	3	3	3	0	4	5	0	0	2	3	4	0	4	2	0	39
4	0	0	0	0	0	0	0	0	0	1	0	0	0	0	1	0	0	0	2	0	2	0	4
5	2	0	0	1	0	0	0	0	0	0	0	0	0	0	0	0	0	0	3	0	2	0	6
6	0	0	0	0	0	0	0	1	0	0	0	0	0	0	0	0	0	0	0	0	1	0	1
7	0	5	0	0	0	0	0	1	0	0	4	0	0	0	0	0	0	0	0	0	0	0	10
8	1	1	0	0	0	0	0	0	0	2	1	0	3	0	0	1	0	0	0	0	0	0	9
9	2	1	0	0	0	0	0	0	0	0	0	0	0	0	0	0	0	0	0	1	1	0	4
10	0	0	1	0	0	0	0	0	0	0	0	0	0	0	0	0	0	0	0	0	0	0	1
12	0	0	0	0	0	0	0	0	0	1	0	3	1	0	0	0	0	0	23	0	27	0	28
13	0	0	0	0	0	0	0	1	0	0	0	1	1	0	0	0	0	0	2	0	4	0	5
14	0	0	0	1	0	0	0	1	4	3	0	1	0	0	0	0	0	0	0	0	1	0	10
15	0	0	0	0	0	0	0	0	5	0	0	0	0	1	0	1	0	0	0	0	1	0	7
16	8	4	13	21	3	17	2	10	1	14	454	12	14	3	1	13	10	17	38	6	194	4	661
17	3	1	3	4	0	15	0	1	1	4	79	4	0	3	1	8	2	6	12	0	52	2	147
18	1	0	0	2	0	1	0	1	0	6	7	1	1	1	0	1	0	0	0	0	11	0	22
19	0	0	0	0	0	0	0	0	3	2	1	0	0	1	0	0	0	0	0	0	3	0	7
20	0	0	0	0	0	2	0	0	0	0	0	0	0	0	0	0	0	0	0	0	1	0	2
21	0	2	0	0	0	0	0	0	0	0	0	0	0	0	0	0	0	0	0	0	0	0	2
22	46	9	44	43	15	62	0	16	2	39	14	20	41	39	0	30	29	28	0	10	17	0	487
23	7	2	5	31	1	19	0	4	0	12	5	11	4	3	0	12	12	11	0	2	0	0	141
24	3	0	1	14	1	6	0	2	0	1	0	3	1	0	0	1	0	3	0	2	1	0	38
25	1	0	0	0	0	0	0	0	0	0	2	0	0	1	0	0	0	0	0	0	2	0	4
26	1	0	0	0	0	0	0	0	0	0	2	0	0	0	0	0	0	0	0	0	1	0	3
28	0	0	0	0	0	0	0	0	0	0	2	0	1	0	1	0	0	0	0	0	2	0	4
30	0	0	0	0	0	1	0	0	0	0	0	0	0	0	0	0	0	0	0	0	0	0	1
31	0	0	0	0	0	0	0	0	0	0	0	0	1	0	0	0	0	0	0	0	0	0	1
32	0	0	1	3	0	1	0	0	1	0	0	0	0	0	0	2	1	3	13	0	5	0	25
33	0	0	0	0	0	0	0	3	0	2	0	0	0	0	0	0	1	0	2	0	2	0	8
34	0	0	0	0	0	0	2	1	1	0	0	0	0	0	0	0	0	0	0	0	0	0	4
35	0	0	1	1	0	0	1	0	1	0	0	0	1	1	0	1	0	0	0	0	1	0	7
37	0	0	0	0	0	0	0	0	0	0	0	0	0	1	0	0	0	0	0	0	0	0	1
38	19	1	6	5	5	5	0	6	1	8	0	2	16	2	0	4	2	5	0	2	0	0	89
39	3	0	3	4	0	4	0	0	0	3	1	1	0	0	0	0	4	2	0	0	3	0	25
40	0	0	0	3	0	1	0	0	0	1	0	2	0	0	1	0	0	0	0	0	3	1	8
41	0	0	0	0	0	0	0	0	0	0	0	0	0	0	1	0	0	0	0	0	0	0	1
42	10	0	2	0	1	0	0	0	3	2	4	1	0	2	0	62	10	1	0	0	86	0	98
43	3	0	0	1	0	0	0	0	1	0	0	0	0	2	1	15	2	0	0	0	19	1	25
44	0	0	0	0	0	0	0	1	0	0	0	0	0	0	0	2	0	0	0	0	2	0	3
45	0	0	0	0	0	0	0	0	0	0	0	0	1	0	0	0	0	0	0	0	0	0	1
46	0	0	0	0	0	0	0	0	0	1	0	0	0	0	0	1	0	0	0	0	0	0	2
47	0	0	0	0	0	0	0	0	0	0	0	0	0	0	0	0	0	0	0	1	0	0	1
51	0	0	2	0	0	0	0	0	0	0	0	0	0	0	1	0	0	0	0	0	0	0	3
52	0	0	1	0	0	0	0	0	0	0	0	0	0	0	1	0	0	0	0	0	0	1	2
53	2	0	0	0	0	0	0	0	0	0	0	0	0	0	0	1	0	0	0	0	0	0	3
54	0	0	0	0	0	1	0	0	0	0	0	0	0	0	0	0	0	0	0	0	0	0	1
55	0	0	0	0	0	0	0	0	0	0	3	0	0	0	0	0	0	0	0	0	3	0	3
56	0	0	0	0	0	1	1	0	0	0	1	0	0	0	0	0	0	0	0	0	1	0	3
57	8	0	0	0	2	10	1	1	2	2	0	0	5	0	0	0	1	3	0	0	32	0	35
58	1	0	1	0	1	1	1	0	3	1	0	1	1	0	1	1	1	0	0	0	6	0	14
59	0	0	0	0	0	0	0	0	2	0	0	0	0	0	0	0	0	0	0	0	0	0	2
60	0	0	0	0	0	1	0	0	0	0	0	0	0	0	0	0	0	0	12	0	12	0	13
62	0	0	0	0	0	0	0	0	0	0	0	0	0	0	0	0	0	0	0	1	0	0	1
63	0	0	0	0	3	0	0	0	0	0	0	0	0	0	0	1	0	0	0	0	3	0	4
64	3	0	0	0	0	0	0	0	0	0	0	0	0	0	0	2	0	0	0	2	2	0	7
66	0	0	0	0	0	0	0	0	0	0	0	0	0	0	0	0	0	1	0	0	0	0	1
67	0	0	0	0	0	0	0	0	0	0	0	1	0	0	0	0	0	0	0	0	0	0	1
69	0	0	0	0	0	0	0	0	0	0	0	0	0	1	0	0	0	0	0	0	1	0	1
70	0	0	0	0	0	0	0	0	0	0	0	0	0	0	0	0	2	0	0	0	2	0	2
71	0	0	0	0	0	0	0	0	0	1	0	0	0	0	0	0	0	0	0	0	0	0	1
72	0	0	0	1	0	2	0	0	0	0	0	0	0	0	0	0	0	0	0	0	0	1	3
74	0	0	0	0	0	0	0	0	1	0	0	0	0	0	0	0	0	0	0	0	0	0	1
75	0	0	0	0	0	1	0	2	2	0	0	0	0	0	0	0	0	0	0	1	0	0	6
76	0	0	0	0	0	1	1	0	0	0	0	0	0	0	0	0	0	0	0	0	0	0	2
77	0	0	0	0	0	3	0	0	0	0	0	0	0	0	0	0	0	0	0	0	0	0	3
81	0	0	0	0	0	2	1	0	0	0	0	1	1	0	0	0	0	0	0	0	0	0	5
82	0	0	1	0	0	0	0	0	0	0	0	0	0	0	0	0	0	0	0	0	0	0	1
84	0	0	0	0	0	0	0	0	0	4	0	0	0	0	0	0	0	0	0	0	0	0	4
85	1	0	0	0	0	0	0	0	0	0	0	0	0	2	0	0	0	0	0	0	0	0	3
87	0	0	0	0	0	0	0	0	0	0	0	0	0	0	0	1	0	0	0	0	0	0	1
88	0	0	0	1	0	1	0	0	0	0	0	1	0	0	0	0	0	0	0	0	1	0	3
90	0	0	0	1	0	0	0	0	0	0	0	0	0	0	1	0	0	0	0	0	0	0	2
92	0	0	0	0	0	0	0	0	0	2	0	0	0	0	0	0	0	0	0	1	0	0	3
93	0	0	0	0	0	0	0	0	1	0	0	0	0	0	0	0	0	1	0	0	0	0	2
95	0	0	0	0	0	0	0	0	0	0	0	0	0	0	1	0	0	1	0	0	0	0	2
98	0	0	0	0	0	0	0	0	0	0	1	0	0	0	0	0	0	0	0	0	0	0	1
99	0	0	0	0	0	0	0	0	0	0	0	0	0	0	0	0	0	1	0	0	0	0	1
101	1	0	0	0	0	0	0	0	0	0	0	0	0	0	0	0	0	0	0	0	0	0	1
102	0	1	0	0	0	0	0	1	0	0	0	0	0	0	0	0	0	0	0	0	0	0	2
103	1	0	1	0	0	1	0	0	0	0	0	0	0	0	0	0	0	0	0	0	0	0	3
107	0	0	0	0	0	0	0	0	0	0	0	0	0	0	0	1	0	0	0	0	0	0	1
108	0	0	0	0	0	0	0	0	0	0	0	0	1	0	0	0	0	0	0	0	0	0	1
109	0	0	0	0	0	0	0	0	0	1	0	0	0	0	0	0	0	0	0	0	0	0	1
111	0	0	0	0	0	1	0	0	0	0	0	0	0	0	0	0	0	0	0	0	1	0	1
115	0	0	0	2	0	0	0	0	0	0	0	0	0	0	0	0	0	0	0	0	0	2	2
116	1	0	0	1	0	0	0	0	0	2	0	0	1	0	0	0	2	0	0	0	1	1	7
117	0	0	0	0	0	0	0	0	0	1	0	0	0	0	0	0	0	0	0	0	0	0	1
121	0	0	0	0	0	0	0	0	0	1	0	0	0	0	0	0	0	0	0	0	1	0	1
125	0	0	0	0	0	0	0	0	1	0	0	0	0	0	0	0	0	0	0	0	0	1	1
127	0	0	0	0	0	0	0	0	0	1	0	0	0	0	0	0	0	0	0	0	0	0	1
128	3	0	1	1	4	3	0	2	1	0	0	3	4	0	1	3	1	3	0	2	9	2	32
129	0	0	3	8	0	1	0	0	0	1	0	1	0	0	0	0	0	0	0	0	0	9	14
130	0	0	0	3	0	0	0	0	0	0	0	0	1	0	0	0	0	0	0	0	1	3	4
132	0	0	0	0	0	0	0	0	0	0	0	0	0	0	1	0	0	0	0	0	0	0	1
133	0	0	0	0	0	1	0	0	0	0	0	0	0	0	0	0	0	0	0	0	0	0	1
138	0	0	0	0	0	0	0	0	0	0	0	0	0	0	0	0	1	0	0	0	0	0	1
141	1	0	0	0	0	0	0	0	0	0	0	0	0	0	0	0	0	0	0	0	0	0	1
144	0	0	0	0	0	0	0	0	0	0	0	0	0	0	0	0	2	0	0	0	2	0	2
145	0	0	0	0	0	0	0	0	0	0	0	0	1	0	0	0	0	0	0	0	0	0	1
147	0	0	2	0	0	0	0	0	0	0	0	1	0	0	1	0	0	0	0	0	3	0	4
156	2	0	1	1	0	2	0	3	2	8	0	2	1	0	0	3	0	3	0	2	12	2	30
157	2	0	0	0	0	0	0	0	0	1	0	1	0	1	0	0	0	0	0	1	3	0	6
163	0	0	0	0	0	0	0	1	0	0	0	0	0	0	0	0	0	0	0	0	0	0	1
165	0	0	0	0	0	0	0	0	0	0	0	0	2	0	0	0	0	0	0	0	2	0	2
167	1	0	1	0	0	1	0	0	0	0	0	0	0	0	0	0	0	0	0	0	0	0	3
169	0	0	0	0	0	0	0	0	2	0	0	0	0	0	0	0	0	0	0	0	0	0	2
172	0	0	0	0	0	0	0	0	0	0	2	0	0	0	0	0	0	0	0	0	2	0	2
173	0	0	0	0	0	0	0	0	0	0	1	0	0	0	0	1	0	0	0	0	2	0	2
182	0	0	0	0	0	0	0	0	1	0	0	0	0	0	0	0	0	0	0	0	0	1	1
185	0	0	0	0	0	0	0	0	0	1	0	0	0	0	0	0	0	0	0	0	0	0	1
186	0	0	0	0	0	0	0	0	1	0	0	0	0	0	0	0	0	0	0	0	0	1	1
189	0	0	0	0	0	0	0	0	1	0	0	0	0	0	0	0	0	0	0	0	0	0	1
196	0	0	0	0	0	0	0	0	1	0	0	0	0	0	0	0	0	0	0	0	0	1	1
197	1	0	1	0	0	0	0	0	0	0	0	0	0	0	0	0	0	0	0	0	0	0	2
198	0	0	0	0	0	0	0	0	0	0	0	0	0	0	1	0	1	0	0	0	0	1	2
