 	A	C	D	E	F	G	H	I	K	L	M	N	P	Q	R	S	T	V	W	Y	Nterm	Cterm	Sum
-124	0	0	0	0	0	0	0	0	0	0	0	0	0	0	0	0	0	0	2	0	0	0	2
-123	0	0	0	0	0	0	0	0	0	0	0	0	0	0	0	0	0	0	1	0	0	0	1
-116	0	0	0	0	0	0	0	0	0	0	0	0	0	0	0	0	0	0	1	0	0	0	1
-112	0	0	0	0	0	0	0	0	0	0	0	0	0	0	0	0	0	0	2	0	0	0	2
-106	0	0	0	0	0	0	0	0	0	0	0	0	0	0	0	0	0	0	1	0	0	0	1
-103	0	0	0	0	0	0	0	0	0	0	0	0	0	0	0	0	0	0	1	0	0	0	1
-99	0	0	0	0	0	0	0	0	0	0	0	0	0	0	1	0	0	0	0	0	0	1	1
-98	0	0	0	0	0	0	0	0	0	0	0	0	0	0	1	0	0	0	0	0	0	0	1
-93	0	0	0	0	0	0	0	0	0	0	0	0	0	0	0	0	0	0	0	1	0	0	1
-92	0	1	0	0	0	0	0	0	0	0	0	0	0	0	0	0	0	0	0	0	0	0	1
-91	0	1	0	0	0	0	0	0	0	0	0	0	0	0	0	0	0	0	0	3	0	0	4
-90	0	0	0	0	0	0	0	0	0	0	0	0	0	0	0	0	0	0	0	1	0	0	1
-89	0	1	0	0	0	0	0	0	0	0	0	0	0	0	1	0	0	0	0	0	0	0	2
-88	0	0	0	0	1	0	0	0	0	0	0	0	0	0	0	0	0	0	0	0	0	0	1
-87	0	0	0	0	0	0	0	0	0	0	0	0	0	0	2	0	0	0	0	0	0	0	2
-86	0	0	0	0	0	0	0	0	0	0	0	0	0	0	1	0	0	0	0	0	0	0	1
-85	0	0	0	0	0	0	0	0	0	0	0	0	0	0	2	0	0	0	0	0	0	0	2
-80	0	0	0	0	0	0	0	0	0	0	0	0	0	0	0	0	0	0	1	0	0	0	1
-78	0	0	0	0	0	0	0	0	0	0	0	0	0	0	1	0	0	0	0	1	0	0	2
-77	0	0	0	0	1	0	0	0	0	0	0	0	0	0	0	0	0	0	0	0	0	0	1
-75	0	0	0	0	0	0	0	0	0	0	0	0	0	0	1	0	0	0	0	1	0	1	2
-74	0	0	0	0	0	0	0	0	0	0	0	0	0	0	1	0	0	0	0	0	0	1	1
-73	0	0	0	0	0	0	0	0	0	0	0	0	0	0	1	0	0	0	0	1	0	0	2
-72	0	0	0	0	0	0	0	0	0	0	1	0	0	0	0	0	0	0	0	0	0	0	1
-71	0	0	0	0	0	0	0	0	0	0	0	0	0	1	0	0	0	0	1	0	0	0	2
-70	0	0	0	0	0	0	0	0	0	0	0	0	0	0	1	0	0	0	0	0	0	0	1
-69	0	0	0	1	0	0	0	0	0	0	0	0	0	0	0	0	0	0	0	0	0	0	1
-67	0	0	0	2	1	0	0	0	0	0	1	0	0	0	0	0	0	0	0	0	1	0	4
-66	0	0	0	0	0	0	0	0	0	0	0	0	0	1	0	0	0	0	0	0	0	0	1
-65	0	0	0	0	1	0	0	0	0	0	0	0	0	0	0	0	0	0	0	0	0	0	1
-64	0	0	0	0	0	0	1	0	0	0	0	0	0	0	0	0	0	0	0	0	0	0	1
-63	0	0	0	0	1	0	0	0	0	0	0	0	0	0	0	0	0	0	0	0	0	0	1
-62	0	0	0	0	0	0	0	0	0	0	0	0	0	0	1	0	0	0	0	0	0	0	1
-61	0	0	0	0	0	0	6	0	0	0	0	0	0	1	0	0	0	0	0	0	0	0	7
-60	0	0	0	0	0	0	0	0	0	0	0	0	0	1	0	0	0	0	0	0	0	0	1
-59	0	0	0	0	1	0	0	0	0	0	0	0	0	0	0	0	0	0	0	0	0	0	1
-57	0	0	0	0	0	0	0	0	0	0	0	0	0	0	1	0	0	0	0	0	0	1	1
-56	0	0	0	0	0	0	0	1	0	1	0	0	0	0	0	0	0	0	0	0	1	0	2
-55	0	0	0	0	0	0	1	0	0	2	0	1	0	0	0	0	0	0	0	0	0	0	4
-54	0	0	0	0	0	0	0	0	0	0	0	0	0	1	0	0	0	0	0	0	0	0	1
-53	0	0	1	1	0	0	0	1	0	0	0	0	0	0	0	0	0	0	0	0	0	0	3
-51	0	0	2	0	0	0	0	0	0	1	0	0	0	0	0	0	0	0	0	0	1	0	3
-50	0	0	0	1	1	0	0	0	0	0	0	0	0	0	0	0	0	0	0	0	1	0	2
-48	0	2	4	7	2	0	0	3	7	9	46	2	0	3	0	0	0	0	0	1	21	7	86
-47	0	0	0	3	1	0	0	0	3	2	1	0	0	0	0	0	0	0	0	0	1	3	10
-46	0	0	1	0	0	0	0	0	0	0	0	0	0	1	0	0	0	0	0	2	2	0	4
-45	0	0	0	0	0	0	0	0	0	1	0	0	0	0	1	0	0	0	0	0	0	0	2
-44	0	0	1	0	0	0	0	0	0	0	0	0	0	0	0	0	0	0	0	0	0	0	1
-43	0	0	0	0	0	0	0	0	0	1	0	0	0	0	1	0	0	0	0	0	0	0	2
-42	0	0	1	0	0	0	1	3	1	0	1	0	0	0	0	0	0	0	0	0	0	0	7
-41	0	0	0	0	0	0	0	0	0	0	0	0	0	0	0	0	1	0	0	0	0	0	1
-40	0	0	0	0	2	0	0	0	0	0	0	0	1	0	0	0	0	0	0	0	0	0	3
-39	0	0	0	0	0	0	0	0	1	0	0	0	0	0	1	0	0	0	0	0	0	1	2
-38	0	0	0	0	0	0	0	0	0	0	0	1	0	0	0	0	0	0	0	0	0	0	1
-37	0	0	2	0	0	0	0	0	0	1	0	0	0	0	0	0	0	1	0	1	0	0	5
-36	0	0	0	1	0	0	0	0	0	0	0	1	0	0	0	0	1	0	0	0	0	0	3
-35	0	0	1	1	0	0	0	0	0	0	0	0	0	0	0	0	0	0	0	0	0	0	2
-34	0	0	0	0	0	0	0	0	0	0	0	2	0	0	0	0	0	2	0	0	2	0	4
-32	0	0	0	0	0	0	0	0	0	0	1	0	1	0	0	0	0	0	0	1	1	0	3
-31	0	0	0	0	0	0	0	0	1	0	1	0	0	0	0	0	1	1	0	0	0	0	4
-30	0	0	0	0	0	0	0	0	0	0	0	1	0	0	0	0	1	0	0	0	2	0	2
-29	0	0	0	0	0	0	0	0	0	1	0	0	0	0	0	0	0	0	0	0	0	0	1
-28	0	0	0	0	0	0	0	0	0	0	1	1	0	0	0	0	1	0	0	0	0	0	3
-27	0	1	0	0	0	0	0	0	0	0	0	0	0	2	2	0	1	0	0	0	1	0	6
-26	0	0	0	0	0	0	0	0	0	0	0	0	0	0	0	1	0	0	0	0	0	0	1
-25	0	0	0	2	0	0	0	1	0	0	1	0	0	0	0	0	0	0	0	0	1	0	4
-24	0	0	0	0	0	0	0	0	0	0	0	1	0	0	1	0	0	0	0	0	0	0	2
-23	0	0	0	0	0	0	0	0	0	1	0	0	0	0	0	0	0	0	0	0	0	0	1
-22	0	0	0	0	0	0	0	0	0	0	0	0	0	0	0	1	1	0	0	0	0	0	2
-21	0	0	1	0	0	0	0	0	0	0	0	0	1	0	0	0	0	0	0	0	0	0	2
-19	0	0	0	0	1	0	0	0	0	0	0	0	0	4	0	0	0	1	0	0	4	0	6
-18	0	1	45	44	8	0	2	7	0	31	6	7	9	64	0	22	43	10	2	6	102	0	307
-17	0	51	24	12	5	0	8	14	13	21	2	62	16	185	0	9	25	12	5	14	236	1	478
-16	0	7	2	1	0	0	5	4	1	6	1	5	5	24	2	3	4	1	0	2	29	0	73
-15	0	1	0	2	0	0	0	0	1	2	0	6	2	2	0	1	1	1	1	0	3	0	20
-14	1	0	0	0	0	0	0	0	2	0	0	0	0	0	0	0	0	0	0	0	0	0	3
-13	0	0	0	0	0	0	0	0	0	0	0	0	0	0	0	0	1	0	0	0	0	0	1
-12	0	0	0	0	0	0	0	0	0	0	0	1	0	0	0	0	0	0	0	0	0	0	1
-11	2	0	0	0	0	0	0	0	1	0	0	1	0	0	0	0	0	0	0	0	0	0	4
-9	1	3	0	1	0	0	1	3	0	0	0	0	0	0	0	0	0	0	0	0	0	0	9
-8	0	0	0	0	1	0	0	1	1	0	0	0	0	0	0	0	1	2	0	0	1	0	6
-7	0	0	0	0	0	0	0	0	0	0	0	0	0	1	0	0	0	0	0	0	1	0	1
-6	0	0	0	0	0	0	0	0	0	0	0	0	0	0	0	0	0	1	0	0	1	0	1
-5	0	0	0	2	0	0	0	1	0	0	0	0	0	1	0	0	0	0	0	0	0	0	4
-3	0	0	0	0	2	0	0	0	0	0	0	0	0	0	0	1	2	0	0	0	2	0	5
-2	9	3	2	7	4	0	0	10	5	7	66	5	2	3	4	5	3	12	3	2	94	5	152
-1	15	5	13	14	4	0	1	16	7	32	12	12	2	11	4	7	8	27	3	3	117	5	196
1	427	32	198	292	144	294	122	320	151	483	91	274	262	256	60	219	258	377	20	125	788	73	4405
2	41	6	25	30	12	46	10	47	8	47	17	39	42	33	1	20	32	51	3	9	62	0	519
3	7	3	1	0	0	6	0	2	1	2	1	2	3	1	0	4	2	1	0	2	5	0	38
4	2	0	0	0	0	1	0	0	1	0	0	0	0	0	1	0	1	0	18	0	2	1	24
5	0	1	4	2	0	1	0	0	0	0	0	1	0	3	0	0	0	0	0	0	4	0	12
6	0	0	1	1	0	0	0	1	0	0	0	0	1	1	0	0	0	0	0	0	1	0	5
7	0	0	0	0	0	0	0	2	0	0	0	0	0	0	0	0	0	0	0	0	0	0	2
9	2	0	1	0	0	0	0	0	0	0	0	0	0	0	0	0	2	1	1	0	3	0	7
10	0	0	0	0	0	0	0	0	0	0	0	1	0	0	0	0	0	0	0	0	1	0	1
11	0	0	0	0	0	0	0	1	0	0	0	0	0	0	1	0	0	0	0	0	1	1	2
12	1	0	0	0	0	0	0	2	0	1	0	2	0	0	0	0	0	0	39	0	41	0	45
13	0	0	0	0	0	0	0	0	1	1	0	0	0	0	0	0	0	0	3	0	3	0	5
14	0	0	0	0	0	0	0	0	3	0	1	1	0	0	0	1	0	0	0	0	0	0	6
15	0	1	1	3	1	0	1	0	3	1	4	1	1	0	0	3	0	1	16	0	12	0	37
16	78	3	61	101	11	98	17	29	30	77	1390	42	98	28	11	64	37	73	193	17	485	25	2458
17	20	2	12	12	5	25	6	6	6	19	150	10	18	8	4	13	18	14	27	5	78	2	380
18	3	1	2	3	1	6	1	2	0	6	10	1	3	0	0	1	0	2	2	0	11	0	44
19	1	1	0	0	0	1	0	0	2	0	0	0	0	0	0	0	0	0	0	0	0	0	5
20	0	0	1	0	0	0	0	0	0	0	0	0	0	1	0	0	1	0	0	0	1	0	3
21	0	4	0	0	0	0	0	0	0	0	0	0	1	2	0	0	0	0	0	0	0	0	7
22	77	11	70	54	29	80	4	33	1	53	18	54	64	36	0	52	50	53	4	25	13	0	768
23	17	2	16	8	4	15	0	5	0	9	4	17	23	8	0	7	10	8	2	6	1	0	161
24	5	1	4	8	6	8	0	2	1	4	1	3	8	5	0	2	8	2	0	1	0	0	69
25	0	0	0	0	0	1	1	0	1	1	0	0	1	1	0	1	0	0	0	0	0	0	7
26	1	0	0	0	0	0	0	0	0	2	1	0	0	3	0	2	0	0	0	0	4	0	9
27	2	0	0	0	0	0	1	0	0	2	0	0	0	0	0	0	0	0	0	0	1	0	5
28	0	0	0	0	0	0	0	0	2	0	6	1	1	0	0	2	0	0	0	0	8	0	12
29	1	0	0	0	0	0	0	0	0	0	0	0	0	1	0	0	0	0	0	0	0	0	2
30	0	0	0	0	0	0	0	0	0	0	0	0	0	0	1	1	0	0	0	0	1	0	2
31	1	0	0	0	0	0	0	0	0	0	0	0	0	0	0	0	0	0	0	0	0	0	1
32	3	2	4	8	4	8	1	0	1	4	5	2	5	4	0	3	5	6	105	0	16	0	170
33	1	1	1	1	2	2	1	1	0	0	0	0	2	4	0	0	1	2	23	2	4	0	44
34	0	0	0	0	0	0	5	0	0	0	0	0	0	0	0	0	0	0	2	0	0	0	7
35	0	0	0	0	0	0	0	0	0	0	0	0	0	0	0	1	0	0	0	0	0	0	1
37	0	0	0	0	0	0	0	0	0	0	0	0	0	0	0	0	0	1	0	0	0	0	1
38	32	1	29	13	4	20	0	28	2	25	7	13	19	9	0	13	15	13	0	6	1	1	249
39	14	2	8	4	1	7	0	12	0	3	4	2	4	3	0	6	4	11	1	0	1	0	86
40	3	0	0	0	0	0	1	1	0	0	0	0	0	0	0	0	0	0	0	0	2	0	5
41	0	0	0	0	1	0	0	1	0	0	0	0	0	0	0	1	0	0	0	0	1	0	3
42	9	0	2	0	0	0	0	0	0	2	2	1	0	2	0	41	1	0	0	0	52	0	60
43	0	0	0	0	0	0	0	1	0	0	1	0	0	0	0	2	0	0	0	0	4	0	4
44	0	0	0	0	0	0	0	0	0	1	2	0	0	0	0	0	2	0	0	0	4	0	5
45	0	0	0	1	1	0	0	0	0	0	0	0	1	0	0	0	0	0	0	0	0	0	3
46	0	0	0	0	0	2	0	0	0	0	0	0	0	0	0	0	0	0	0	0	0	0	2
47	0	0	0	0	0	0	0	0	0	1	0	0	0	1	0	0	0	0	0	0	0	0	2
48	0	0	0	0	0	2	0	1	1	0	0	0	0	0	0	1	0	0	1	0	0	1	6
51	0	0	1	0	0	0	0	0	0	0	0	0	0	0	1	1	0	0	0	0	0	0	3
52	0	0	0	0	0	0	0	0	0	0	0	0	0	0	1	0	0	0	0	0	0	1	1
53	0	0	1	0	1	0	0	1	0	0	0	0	1	0	0	1	1	0	0	0	0	0	6
54	0	0	0	0	1	0	0	0	0	1	0	0	1	0	0	1	0	0	0	0	0	0	4
55	0	0	0	0	1	0	0	0	0	0	0	0	0	0	0	1	0	0	0	0	0	0	2
56	1	0	0	0	0	0	0	0	0	0	0	0	0	0	0	0	2	0	0	0	2	0	3
57	2	0	1	0	0	6	1	0	0	2	0	0	0	0	1	1	3	1	0	0	11	1	18
58	1	0	0	0	0	1	0	2	0	1	0	0	0	0	1	0	0	2	0	0	5	0	8
59	0	0	0	0	0	0	0	0	0	0	0	1	0	0	0	0	0	0	0	0	0	0	1
60	1	0	0	0	0	0	0	0	0	0	0	0	0	0	0	0	0	0	2	0	3	0	3
62	0	0	0	0	0	0	1	0	0	0	0	0	0	0	0	0	0	0	0	0	1	0	1
63	1	0	0	1	0	0	0	0	0	0	0	0	0	0	0	0	0	0	0	0	0	0	2
64	1	0	0	0	0	0	0	0	0	0	0	0	1	0	0	2	0	0	0	0	2	0	4
65	0	0	0	0	0	0	0	1	0	0	0	0	0	0	0	0	0	0	0	0	1	0	1
66	0	0	0	0	0	0	2	0	0	0	0	0	0	0	0	1	0	0	0	0	0	0	3
67	0	0	0	1	1	0	0	3	0	0	0	0	0	0	0	0	0	0	0	0	1	3	5
68	0	0	0	0	0	0	0	0	0	0	0	0	0	0	0	0	0	1	0	0	0	0	1
69	0	0	0	1	0	0	0	0	0	0	0	0	0	0	0	0	0	0	0	0	0	0	1
72	0	0	0	0	0	3	0	0	0	0	0	1	0	0	0	0	0	0	0	0	1	0	4
74	0	0	0	0	0	1	0	0	1	0	0	0	0	1	0	0	0	0	0	0	0	1	3
77	0	0	0	0	0	0	0	0	0	0	0	0	0	1	0	1	0	0	0	0	0	0	2
79	0	0	0	0	0	0	0	0	0	0	0	0	0	0	2	0	0	0	0	0	0	1	2
80	0	0	0	1	0	0	0	0	0	0	0	0	0	0	0	2	0	0	0	0	0	0	3
81	0	0	0	1	0	0	1	0	0	0	0	0	2	0	0	0	0	0	0	0	1	0	4
82	0	0	0	0	0	0	0	0	0	0	0	1	0	0	0	0	0	0	0	0	0	0	1
83	0	0	0	0	0	0	0	0	0	0	0	0	0	1	0	1	0	0	0	0	0	0	2
85	1	0	0	0	0	0	0	0	0	0	0	0	0	0	1	0	0	0	0	0	0	1	2
86	0	0	0	1	0	0	0	0	1	0	0	0	0	0	0	0	0	0	0	0	0	0	2
87	0	0	1	0	0	0	0	0	0	0	0	0	0	0	0	0	0	0	0	0	0	0	1
88	0	0	0	2	0	0	0	0	0	0	0	0	0	0	0	0	0	1	0	0	3	0	3
91	0	0	0	0	0	0	0	0	0	0	0	1	0	0	0	0	0	0	0	2	2	0	3
92	0	0	0	0	0	0	0	0	0	0	0	0	0	0	0	1	0	0	0	0	1	0	1
93	0	0	0	0	0	0	0	0	0	0	0	0	0	0	0	0	0	1	0	0	0	0	1
94	0	0	0	0	0	0	0	0	0	0	0	0	0	0	0	1	0	0	0	0	0	0	1
95	0	0	0	0	0	0	0	0	0	1	0	0	0	0	0	0	0	0	0	0	0	0	1
97	0	0	0	0	0	0	0	0	0	0	1	0	0	0	0	0	0	0	0	0	1	0	1
99	0	0	1	0	0	0	0	0	0	0	0	0	0	0	0	0	1	0	0	0	0	0	2
100	0	0	0	0	0	0	0	0	4	0	0	0	0	0	0	0	0	0	0	0	2	0	4
101	0	0	0	0	0	0	0	0	0	0	0	0	1	0	0	0	0	0	0	0	1	0	1
102	1	0	0	0	0	0	0	0	0	0	0	0	0	0	0	0	0	0	0	1	1	0	2
103	1	0	0	0	0	0	0	0	0	0	0	0	0	0	0	0	0	0	0	0	0	0	1
105	0	0	0	0	0	0	1	0	0	0	0	0	0	0	0	0	0	1	0	0	2	0	2
108	0	0	0	0	0	1	0	1	0	0	0	0	0	0	0	0	0	0	0	0	0	0	2
111	0	0	0	0	1	0	0	0	0	0	0	0	0	0	0	0	0	0	0	0	1	0	1
114	1	0	0	0	0	0	0	0	0	0	0	0	0	0	1	0	0	0	0	0	1	0	2
115	0	0	0	0	0	0	0	0	0	0	0	0	0	0	0	0	0	0	2	0	0	0	2
123	0	0	0	0	0	1	0	0	0	0	0	0	0	0	0	0	0	0	0	0	0	0	1
125	0	0	1	0	0	0	0	0	0	0	0	0	0	0	0	0	0	0	0	0	0	0	1
128	2	0	0	1	3	1	1	2	2	0	0	1	2	0	0	0	0	3	0	0	5	2	18
129	1	0	1	5	0	1	0	0	0	2	0	0	0	0	0	5	0	0	0	2	1	4	17
132	0	0	0	2	1	0	0	0	0	0	0	0	0	0	0	0	0	0	0	0	0	0	3
133	0	0	1	0	0	0	0	0	0	0	0	0	0	0	0	0	0	0	0	0	0	0	1
141	0	0	0	0	0	0	0	0	0	0	0	0	0	0	0	1	0	0	0	0	0	0	1
144	0	0	2	0	1	0	0	0	1	0	0	0	0	0	0	1	0	0	0	0	0	1	5
145	0	0	0	0	0	0	0	0	0	1	0	0	0	0	0	0	0	0	0	0	0	0	1
147	0	0	0	0	1	0	0	0	2	1	0	2	0	1	1	0	0	1	0	0	4	0	9
148	0	0	0	0	0	0	0	1	1	0	0	0	0	0	1	0	0	0	0	0	1	0	3
150	0	0	0	0	0	0	0	0	0	0	0	0	0	0	2	0	0	0	0	0	0	0	2
151	0	0	1	1	0	0	0	0	0	0	0	0	0	0	0	1	0	0	0	0	0	0	3
152	2	9	0	0	0	0	0	0	0	0	0	0	0	0	0	0	0	0	0	0	2	0	11
153	2	0	0	0	0	0	0	0	0	0	0	0	0	0	0	0	1	0	0	0	2	0	3
156	6	0	1	1	0	6	3	3	1	5	5	2	2	0	0	3	0	5	0	0	13	1	43
157	3	0	1	2	0	1	0	0	0	2	0	0	0	0	0	0	1	0	0	0	1	0	10
158	0	0	0	1	0	0	0	0	0	0	0	0	0	0	0	0	0	0	0	0	0	0	1
160	0	0	0	0	0	0	0	0	0	1	0	0	0	0	0	0	0	0	0	0	1	0	1
161	1	0	0	0	0	0	0	0	0	0	0	0	0	0	0	0	0	0	0	0	0	0	1
162	0	0	0	0	0	0	0	1	0	0	0	0	0	0	0	0	0	0	0	1	1	0	2
164	0	0	0	0	0	0	0	0	0	0	0	0	0	0	1	0	0	0	0	0	0	0	1
167	2	0	0	1	0	0	0	0	0	0	0	0	0	0	0	1	0	0	0	0	0	1	4
168	0	0	0	0	0	0	0	1	0	0	0	0	0	0	0	0	0	0	0	0	0	0	1
169	0	0	0	0	0	0	0	0	0	0	0	0	0	0	1	0	0	0	0	0	0	0	1
172	1	1	0	1	0	0	0	0	0	1	2	0	1	0	0	1	0	0	0	0	3	0	8
173	0	0	1	0	0	0	0	0	0	1	0	0	0	0	0	1	0	0	0	0	1	0	3
174	0	0	0	0	0	0	0	0	1	0	0	0	0	0	0	0	0	0	0	0	0	0	1
178	0	0	0	0	0	0	0	0	0	0	0	0	0	0	0	0	1	0	0	0	0	0	1
179	0	0	0	0	0	0	0	0	0	0	0	0	0	0	0	0	0	1	0	0	0	0	1
181	2	0	0	0	0	0	0	3	0	0	0	0	0	0	1	0	0	0	0	0	3	0	6
182	0	0	0	0	0	0	0	0	0	2	0	0	0	0	0	0	0	0	0	0	2	0	2
183	0	0	0	0	0	0	0	0	0	0	0	0	0	0	0	1	0	0	0	0	0	0	1
184	0	0	0	0	0	0	0	0	0	0	0	0	0	0	0	0	0	1	0	0	0	0	1
185	0	0	0	0	0	1	0	0	0	0	0	0	0	0	0	0	0	0	0	0	0	0	1
188	0	0	1	0	0	2	0	0	2	0	0	0	0	0	0	0	0	0	0	0	0	0	5
189	0	0	0	0	0	0	0	0	3	0	0	0	0	0	0	0	0	0	0	0	0	0	3
193	0	0	0	0	1	0	0	0	0	0	0	0	0	0	0	0	0	0	0	0	0	0	1
196	0	0	0	0	0	0	0	0	2	0	0	0	0	0	0	1	0	0	0	0	0	1	3
197	0	0	0	0	0	0	0	0	0	0	0	0	0	1	0	0	0	0	0	0	1	0	1
198	0	0	0	0	0	0	0	0	0	1	0	0	0	0	0	0	0	0	0	0	0	0	1
