 	A	C	D	E	F	G	H	I	K	L	M	N	P	Q	R	S	T	V	W	Y	Nterm	Cterm	Sum
-124	0	0	0	0	0	0	0	0	0	0	0	0	0	0	0	0	0	0	1	0	0	0	1
-115	0	0	0	0	0	0	0	0	0	0	0	0	0	0	0	0	0	0	1	0	0	0	1
-112	0	0	0	0	0	0	0	0	0	0	0	0	0	0	0	0	0	0	1	0	0	0	1
-104	0	0	0	0	0	0	0	0	0	0	0	0	0	0	0	0	0	0	0	1	0	0	1
-102	0	0	0	0	0	0	0	0	0	0	0	0	0	0	0	0	0	0	0	2	0	0	2
-99	0	0	0	0	0	0	0	0	0	0	0	0	0	0	2	0	0	0	0	0	0	2	2
-92	0	2	0	0	0	0	0	0	0	0	0	0	0	0	1	0	0	0	0	0	0	0	3
-91	0	0	0	0	0	0	0	0	0	0	0	0	0	0	0	0	0	0	0	1	0	0	1
-90	0	0	0	0	1	0	0	0	0	0	0	0	0	0	0	0	0	0	0	0	0	0	1
-89	0	0	0	0	0	0	0	0	0	0	0	0	0	0	0	0	0	0	1	0	0	0	1
-87	0	0	0	0	0	0	0	0	0	0	0	0	0	0	1	0	0	0	0	0	0	0	1
-86	0	0	0	0	0	0	0	0	0	0	0	0	0	0	0	0	0	0	0	1	0	0	1
-85	0	0	0	0	0	0	0	0	0	0	0	0	0	0	2	0	0	0	0	0	0	0	2
-81	0	0	0	0	0	0	0	0	0	0	0	0	0	0	1	0	0	0	0	0	0	0	1
-80	0	0	0	0	1	0	0	0	0	0	0	0	0	0	1	0	0	0	0	0	0	1	2
-78	0	0	0	0	0	0	0	0	0	0	0	0	0	0	0	0	0	0	0	1	0	0	1
-77	0	0	0	0	1	0	1	0	0	0	0	0	0	0	0	0	0	0	0	0	0	0	2
-75	0	0	0	0	0	0	0	0	0	0	0	0	0	0	2	0	0	0	0	0	0	2	2
-73	0	0	0	0	0	0	0	0	0	0	0	0	0	0	0	0	0	0	0	1	0	0	1
-71	0	0	0	0	0	0	0	0	0	0	0	0	0	0	0	0	0	0	2	0	0	0	2
-70	0	0	0	0	0	0	0	0	0	0	0	0	0	0	1	0	0	0	0	0	0	1	1
-68	0	0	0	0	0	0	0	0	1	0	0	0	0	1	0	0	0	0	0	0	0	0	2
-67	0	0	0	0	0	0	0	0	0	0	2	0	0	0	0	0	0	0	0	0	1	0	2
-66	0	0	0	0	1	0	0	0	0	0	0	0	0	0	1	0	0	0	0	0	0	0	2
-64	0	0	0	0	1	0	0	0	0	0	0	0	0	0	0	0	0	0	0	0	0	0	1
-61	0	0	0	0	2	0	6	0	0	0	0	0	0	0	0	0	0	0	0	0	0	0	8
-59	0	0	0	1	0	0	0	0	0	0	0	0	0	0	1	0	0	0	0	0	1	0	2
-58	0	1	0	0	0	0	0	0	0	0	0	0	0	0	1	0	0	0	0	0	0	0	2
-57	0	168	10	4	2	0	2	0	0	0	3	2	0	2	2	0	0	0	0	5	0	0	200
-56	0	10	2	1	1	0	0	4	0	3	1	0	0	0	0	0	0	0	0	2	0	0	24
-55	0	1	1	0	0	0	0	0	1	3	1	0	0	0	0	0	0	0	0	0	0	0	7
-54	0	0	0	0	0	0	1	0	0	0	0	0	0	0	0	0	0	0	0	0	0	0	1
-51	0	0	0	0	1	0	0	0	0	1	1	0	0	0	0	0	0	0	0	0	1	0	3
-50	0	0	0	0	1	0	0	0	0	0	0	0	0	0	0	0	0	0	0	0	1	0	1
-49	0	0	0	0	0	0	0	0	1	0	0	0	0	0	0	0	0	0	0	0	0	1	1
-47	0	0	0	1	0	0	0	0	1	0	0	0	0	0	0	0	0	0	0	0	0	1	2
-46	0	0	0	0	0	0	0	0	0	1	0	0	0	0	0	0	0	0	0	0	0	0	1
-45	0	10	0	0	0	0	1	1	2	3	0	0	0	0	0	0	0	0	0	0	10	0	17
-44	0	0	0	0	0	0	0	0	0	2	0	0	0	0	1	0	0	0	0	0	1	0	3
-43	0	2	0	1	0	0	0	0	0	0	0	0	0	0	0	0	0	0	0	0	0	0	3
-42	0	0	0	0	0	0	1	1	2	1	0	0	0	0	0	0	0	0	0	0	1	0	5
-41	0	0	0	0	0	0	0	0	0	0	1	0	0	0	0	0	0	0	0	1	0	0	2
-40	0	0	1	0	0	0	0	0	0	0	0	0	0	0	0	0	0	0	0	0	1	0	1
-39	0	0	0	0	0	0	0	0	0	0	0	0	0	0	1	0	0	0	0	0	0	0	1
-38	0	0	0	0	0	0	0	0	0	1	0	0	0	0	1	0	0	0	0	0	0	0	2
-37	0	0	0	0	0	0	0	1	0	0	0	0	0	0	0	0	0	0	0	0	0	0	1
-36	0	0	0	0	1	0	0	0	0	0	0	2	0	0	2	0	0	0	1	0	0	0	6
-35	0	4	1	1	0	0	0	0	0	1	0	0	0	0	0	0	0	0	0	2	0	0	9
-34	0	0	0	0	0	0	0	0	0	0	1	2	0	0	0	0	0	0	0	0	2	0	3
-33	0	0	0	0	1	0	0	0	0	0	0	0	0	0	1	0	0	0	0	0	0	0	2
-32	0	0	0	0	0	0	0	0	0	1	2	0	0	0	0	0	0	0	0	2	2	0	5
-31	0	0	0	0	0	0	0	0	0	0	1	0	0	0	0	0	0	0	0	0	1	0	1
-30	0	0	0	0	0	0	0	0	0	0	0	0	0	0	0	0	1	0	0	0	0	0	1
-29	0	2	0	0	0	0	0	0	2	0	0	0	0	0	0	1	0	1	1	0	3	1	7
-28	0	0	0	0	0	0	0	1	0	1	0	0	0	0	0	1	1	0	0	0	0	0	4
-27	0	0	0	1	0	0	0	0	0	1	0	0	0	1	0	0	1	0	0	0	0	0	4
-26	0	0	0	0	0	0	0	0	0	1	0	0	0	0	0	0	0	0	0	0	1	0	1
-25	0	0	0	0	0	0	0	0	0	0	0	0	1	0	0	0	0	0	0	1	0	0	2
-24	0	0	0	0	0	0	1	0	0	0	0	0	0	0	0	0	0	0	0	0	1	0	1
-22	0	0	0	0	1	0	0	0	0	2	0	0	1	0	0	1	0	1	0	0	0	0	6
-21	0	0	0	0	0	0	0	1	0	0	0	0	1	0	0	0	1	0	0	0	0	0	3
-19	0	0	0	0	0	0	0	1	0	0	0	0	0	2	0	0	0	0	0	0	2	0	3
-18	0	0	63	57	3	0	3	9	6	34	8	5	20	54	3	31	47	11	0	4	95	7	358
-17	0	54	28	14	6	0	12	17	13	26	6	65	14	237	5	12	46	13	7	13	279	5	588
-16	0	4	10	6	1	0	0	1	0	4	2	7	1	17	0	5	8	5	1	1	18	0	73
-15	0	0	1	1	0	0	0	0	0	1	2	5	0	2	0	2	1	0	0	1	2	0	16
-14	0	0	0	0	0	0	0	0	2	1	0	2	0	0	0	0	0	0	0	0	1	0	5
-13	0	0	0	0	0	0	0	0	0	1	0	0	0	0	1	0	0	0	0	0	0	0	2
-12	0	0	0	0	1	0	0	0	0	0	0	0	0	0	0	0	0	0	0	0	0	0	1
-11	0	0	0	0	0	0	1	1	0	0	0	0	0	0	0	0	1	0	0	0	1	0	3
-10	0	0	0	0	0	0	0	0	0	1	0	0	1	0	0	0	1	0	0	0	0	0	3
-9	1	1	1	0	0	0	1	1	0	0	0	0	0	0	0	0	0	0	0	0	0	0	5
-8	0	0	0	0	0	0	0	0	0	0	0	0	0	0	2	0	0	2	0	0	0	0	4
-7	0	0	0	0	0	0	0	0	1	0	0	0	0	0	0	1	0	0	0	0	0	0	2
-6	0	0	0	0	0	0	0	0	0	0	0	0	0	0	1	0	0	0	0	0	0	0	1
-5	0	0	0	0	0	0	0	0	0	1	0	0	0	0	1	0	1	0	0	0	0	0	3
-4	0	1	0	1	0	0	0	0	0	0	0	0	0	0	4	1	0	0	0	0	2	0	7
-3	0	0	0	0	0	0	0	0	2	0	0	0	0	1	0	0	1	1	0	0	4	1	5
-2	4	2	3	10	3	0	1	4	3	5	4	3	1	3	1	3	2	17	0	2	29	2	71
-1	16	3	7	15	9	0	2	34	8	22	13	10	6	13	4	13	19	21	3	9	128	6	227
1	431	49	170	299	120	320	93	402	138	475	124	327	229	280	60	205	270	382	34	132	871	100	4540
2	53	5	24	38	10	34	12	35	15	32	22	28	33	36	2	17	26	52	5	17	74	3	496
3	7	2	1	1	1	2	0	1	2	5	0	2	2	2	0	3	1	5	0	2	5	0	39
4	5	0	1	1	0	3	1	0	0	4	1	0	0	0	0	4	0	1	41	0	8	0	62
5	2	3	2	4	0	0	0	0	0	0	1	1	0	5	0	0	2	0	5	0	10	0	25
6	0	0	0	0	0	0	1	0	0	1	0	0	0	0	0	0	0	1	0	0	0	0	3
7	0	0	0	0	0	0	0	0	0	0	0	0	0	0	0	0	0	1	0	0	0	0	1
11	0	0	0	0	0	0	0	0	0	0	0	0	0	0	0	1	0	0	0	0	0	0	1
12	0	0	0	0	0	1	0	0	1	0	0	4	3	0	2	0	0	0	59	0	66	2	70
13	0	0	0	0	0	1	0	0	0	0	0	0	0	0	0	0	0	0	1	0	1	0	2
14	0	1	1	2	0	0	0	0	4	1	2	1	0	0	0	0	0	0	0	0	2	0	12
15	0	0	0	1	0	0	0	0	1	0	2	1	0	0	0	1	1	1	0	0	5	0	8
16	74	3	37	78	8	84	38	25	14	77	1276	35	81	26	14	74	34	63	135	23	475	29	2199
17	12	0	7	9	3	18	10	6	4	9	134	8	7	10	2	9	7	12	31	3	70	2	301
18	2	1	3	2	0	1	0	0	0	5	8	4	0	0	0	2	0	3	1	0	10	0	32
19	0	0	0	0	0	1	1	0	1	2	1	0	0	0	1	1	0	0	0	0	2	0	8
20	0	0	0	0	0	0	0	0	0	0	0	0	0	0	0	0	1	0	0	0	0	0	1
21	2	0	1	1	0	1	0	1	0	0	0	1	0	1	0	0	0	1	0	0	0	0	9
22	104	15	96	84	35	148	4	38	1	58	29	51	76	57	1	54	68	73	5	16	28	2	1013
23	22	2	14	27	4	58	0	5	2	15	3	15	22	10	1	7	12	17	0	3	0	1	239
24	7	0	7	6	3	16	0	5	0	11	0	0	8	2	1	3	4	5	0	6	0	1	84
25	4	0	0	0	0	1	0	1	0	4	1	1	0	1	0	0	0	0	0	0	0	0	13
26	1	0	0	0	0	0	0	0	0	2	0	0	0	0	0	0	0	0	0	0	0	0	3
27	0	0	0	0	0	0	0	0	0	1	0	0	0	0	0	0	0	0	0	0	0	0	1
28	0	0	0	0	0	0	0	1	1	0	5	1	0	0	0	1	1	0	0	0	6	0	10
29	0	0	0	0	0	0	0	0	1	0	0	0	0	0	0	0	0	0	0	0	1	0	1
31	0	0	0	0	0	0	0	0	0	1	0	1	0	0	0	0	0	0	0	0	0	0	2
32	0	5	1	1	1	0	0	0	0	1	10	2	1	2	0	1	1	4	6	0	5	0	36
33	0	0	0	0	1	0	0	4	0	2	1	0	1	0	0	1	0	0	2	0	0	0	12
34	0	0	0	0	0	0	5	0	0	0	0	0	0	0	0	0	0	2	0	0	1	0	7
35	0	0	0	0	0	0	0	0	0	0	0	0	0	1	0	0	0	0	0	0	0	0	1
36	0	0	0	0	0	0	0	1	0	1	0	0	0	0	0	0	0	0	0	1	0	0	3
38	47	2	19	31	3	33	3	44	3	23	4	12	34	9	0	16	15	21	0	10	3	1	329
39	21	0	2	2	1	3	0	9	0	5	3	3	5	1	0	2	1	16	0	0	2	0	74
40	1	0	0	0	0	3	0	0	0	0	1	0	0	0	0	0	1	1	0	0	0	0	7
41	0	0	0	1	0	0	0	1	0	0	0	0	0	0	0	0	0	0	0	0	0	0	2
42	8	0	2	1	1	0	0	0	0	2	2	3	0	0	0	49	2	0	0	0	61	0	70
43	0	0	0	1	0	0	0	0	0	0	0	1	0	2	0	5	0	0	0	0	6	0	9
44	0	0	0	0	0	0	0	1	0	0	0	0	0	0	0	3	0	0	0	0	3	0	4
45	0	0	0	0	0	1	0	0	0	2	1	0	0	0	2	0	0	0	0	0	1	0	6
46	0	0	0	0	0	0	0	0	1	2	0	0	0	0	0	0	0	0	0	0	3	0	3
47	0	0	0	0	0	0	0	0	0	0	0	0	1	0	0	0	0	0	0	0	0	0	1
50	1	0	0	0	0	0	0	0	0	0	0	0	0	1	0	0	0	0	0	0	1	0	2
51	0	0	2	1	0	0	0	0	0	0	0	0	0	0	0	0	0	0	0	0	0	0	3
52	1	0	0	0	2	0	0	0	0	0	0	0	0	0	1	0	0	0	0	0	0	1	4
53	0	0	0	0	0	0	0	2	0	0	0	0	0	0	0	0	0	0	0	0	0	0	2
54	1	0	0	0	0	1	0	0	0	0	1	0	0	0	0	1	0	0	0	0	1	0	4
55	0	0	0	0	0	0	0	1	0	0	0	0	0	0	0	0	0	0	0	0	0	0	1
56	0	0	1	0	0	0	0	0	0	0	0	0	0	0	0	0	0	0	0	0	0	0	1
57	0	0	0	0	0	1	0	0	1	0	0	0	0	0	0	0	0	0	0	0	1	0	2
58	2	0	0	0	1	1	0	0	0	0	0	0	0	1	0	1	0	0	0	0	1	0	6
59	0	0	0	0	0	0	0	0	0	0	0	0	0	0	0	1	0	1	0	0	0	0	2
60	1	0	0	0	0	0	0	0	0	0	0	0	0	0	0	0	0	0	0	0	0	0	1
61	0	0	1	0	0	0	0	0	0	0	0	0	0	0	0	0	0	0	0	0	1	0	1
62	1	0	0	0	0	0	0	0	0	0	0	0	1	0	0	0	0	0	0	0	0	0	2
63	0	0	0	1	0	0	0	0	0	0	0	0	0	0	0	0	0	0	0	1	2	0	2
64	0	0	0	0	0	0	0	0	0	0	0	0	0	0	2	4	0	0	0	0	4	0	6
66	0	0	0	0	0	0	0	0	0	0	0	0	0	0	0	1	0	0	0	0	0	0	1
67	0	0	0	0	0	0	0	1	0	1	0	0	0	0	0	0	0	0	0	0	0	1	2
68	0	0	0	0	0	0	0	0	0	0	0	0	0	0	0	0	0	1	0	0	0	0	1
69	0	0	0	1	0	0	0	0	0	1	0	0	0	1	0	0	0	0	0	0	0	0	3
70	0	0	0	0	0	2	0	0	0	0	0	0	0	0	0	0	4	1	0	0	6	0	7
72	0	0	0	0	0	0	0	0	0	1	0	0	0	0	0	0	0	0	0	0	1	0	1
73	0	0	0	0	0	0	0	0	0	0	0	0	1	0	0	0	0	1	0	0	0	0	2
74	0	0	0	0	0	0	2	0	0	0	0	0	0	0	0	2	0	0	0	0	4	0	4
77	0	0	0	1	0	0	0	2	0	0	0	0	0	0	0	0	0	0	0	0	0	0	3
78	0	0	0	0	0	0	0	0	0	0	0	0	0	0	0	1	0	0	0	0	0	0	1
79	0	0	1	0	1	0	0	0	0	0	0	0	0	0	1	0	0	0	0	0	1	1	3
81	0	0	1	0	0	0	0	0	0	0	0	0	0	0	0	0	0	0	0	0	0	0	1
82	0	0	0	0	0	0	0	0	0	0	0	1	0	0	0	0	0	0	0	0	0	0	1
83	0	0	0	0	0	0	0	0	0	0	0	0	0	0	0	2	0	0	0	0	0	0	2
84	0	0	0	1	0	0	0	0	0	2	1	0	1	0	1	0	0	0	0	0	0	1	6
86	0	0	0	0	0	0	0	0	1	0	0	0	0	0	0	0	0	0	0	0	0	0	1
89	0	0	0	0	0	0	0	0	0	0	0	0	0	0	0	1	0	1	0	0	0	0	2
90	0	0	0	0	0	0	0	0	0	2	0	0	0	0	0	0	0	0	0	0	0	0	2
92	0	0	0	0	0	0	0	0	0	0	0	0	0	0	0	0	1	1	1	0	1	0	3
93	0	0	0	0	0	0	0	0	0	0	0	0	0	0	1	0	0	1	0	0	0	0	2
94	0	0	1	0	0	0	0	0	0	0	0	0	0	0	0	0	0	0	0	0	0	0	1
95	0	0	0	0	0	0	0	0	1	0	0	0	0	0	0	0	0	0	0	0	0	0	1
97	0	0	0	0	0	1	0	0	0	0	0	0	0	0	0	0	0	0	0	0	0	0	1
98	0	0	0	0	0	0	0	0	0	0	0	0	0	0	0	1	1	0	0	0	0	0	2
100	0	0	0	0	0	0	0	0	3	0	1	0	0	0	0	0	0	0	0	0	2	0	4
101	0	0	0	0	0	0	0	1	0	0	0	0	0	0	0	0	0	0	0	0	0	0	1
105	0	0	0	0	0	1	0	0	0	0	0	0	0	0	0	0	0	0	0	0	0	0	1
106	1	0	0	0	0	0	0	0	0	0	0	0	0	0	0	0	0	0	0	0	0	0	1
107	0	0	0	0	0	0	0	0	0	0	0	0	0	0	0	0	0	0	1	1	1	0	2
108	0	0	0	0	0	0	0	0	0	0	0	0	0	0	0	2	0	0	0	0	0	0	2
109	0	0	0	0	0	0	0	0	1	0	0	0	0	1	0	0	0	0	0	0	1	1	2
111	0	0	0	0	0	0	0	0	0	0	0	0	0	0	0	1	0	0	0	0	0	0	1
113	0	0	0	0	0	0	0	0	1	0	0	0	0	0	0	0	0	0	0	0	0	1	1
114	0	0	0	0	0	0	0	0	0	0	0	0	0	0	1	0	0	0	0	0	1	0	1
115	0	0	0	1	0	0	0	0	1	0	0	0	0	0	0	0	0	0	1	0	1	1	3
116	0	0	0	0	0	0	0	0	0	0	0	0	0	0	0	0	1	0	0	0	0	0	1
118	0	1	0	0	0	0	0	0	0	0	0	0	0	0	0	0	0	1	0	0	2	0	2
125	0	0	0	0	1	0	0	0	0	0	0	0	0	0	0	0	0	0	0	0	0	0	1
128	4	0	0	0	0	3	0	1	1	1	0	3	6	0	1	1	0	1	0	0	3	2	22
129	0	0	0	5	0	0	0	0	0	0	0	0	0	0	0	6	3	0	0	1	0	5	15
130	0	0	0	1	0	0	0	0	0	0	0	0	0	0	0	0	0	0	0	0	0	1	1
133	0	0	0	0	0	1	0	0	0	0	0	0	0	0	0	0	0	0	0	0	1	0	1
136	0	0	0	0	0	0	0	0	0	0	0	0	0	1	0	0	0	0	0	0	0	0	1
138	0	0	0	0	0	1	0	0	0	0	0	0	0	0	0	0	0	0	0	0	0	0	1
140	0	0	0	0	0	0	0	0	0	0	0	0	0	0	0	1	0	0	0	0	0	0	1
142	0	0	0	0	0	0	0	0	0	0	0	0	0	0	0	0	0	1	0	0	1	0	1
144	0	0	0	0	0	0	0	0	0	0	1	0	0	0	0	0	1	0	0	0	1	0	2
147	0	0	1	0	1	1	0	2	0	0	0	1	0	0	0	0	1	0	0	0	3	0	7
150	0	0	0	0	0	0	0	0	0	0	0	0	0	0	0	0	0	0	0	1	1	0	1
151	0	0	0	1	0	1	0	0	0	0	0	0	0	0	0	4	0	0	0	0	0	0	6
152	15	124	3	6	3	6	2	2	0	7	0	2	0	1	1	9	2	8	0	0	32	1	191
153	4	15	1	0	3	1	2	0	0	1	0	0	1	0	0	3	0	0	1	1	8	0	33
154	0	0	0	1	0	0	0	0	0	0	0	1	0	0	0	0	0	0	0	0	1	0	2
156	13	0	1	1	0	9	0	3	4	9	4	1	0	1	1	4	1	4	0	1	15	5	57
157	5	0	0	2	0	1	0	0	0	3	0	0	1	0	0	0	0	0	0	1	1	0	13
159	0	0	0	0	0	0	0	0	0	0	0	0	1	0	0	0	0	0	0	0	0	0	1
160	0	0	0	0	0	1	0	0	0	1	0	0	0	0	0	0	0	0	1	0	0	0	3
162	0	0	0	1	0	0	0	0	0	0	0	0	0	0	0	0	0	0	0	0	0	0	1
164	1	0	0	0	0	0	0	0	0	0	0	0	0	0	0	0	0	0	0	0	0	0	1
167	1	0	0	1	0	0	0	0	1	0	0	0	0	0	0	1	0	0	0	0	0	1	4
168	0	0	0	0	0	0	0	0	0	0	1	0	0	0	0	0	0	0	0	0	0	0	1
172	1	0	0	0	0	0	0	1	0	0	0	0	0	0	0	0	0	0	0	0	0	0	2
174	0	2	1	0	0	0	0	0	1	0	1	0	0	0	1	0	0	0	0	0	0	0	6
175	1	0	0	0	0	0	0	0	0	0	0	0	0	0	0	0	0	0	0	0	1	0	1
179	0	0	0	0	0	1	0	0	0	0	0	0	0	0	0	0	0	0	0	0	0	0	1
182	0	0	0	0	0	0	0	0	0	1	0	0	0	0	0	0	0	0	0	0	1	0	1
184	2	0	0	0	0	0	0	0	0	0	0	0	0	0	0	0	0	0	0	0	2	0	2
185	0	0	0	0	0	0	0	0	0	0	0	0	1	0	0	0	0	0	0	0	0	0	1
187	0	0	0	0	0	0	0	0	0	1	0	0	0	0	0	1	0	0	0	0	0	0	2
188	0	0	0	0	0	1	0	0	3	0	0	0	0	0	0	0	0	0	0	0	0	0	4
189	0	0	3	0	0	0	0	0	0	0	0	0	0	0	0	0	0	0	0	0	0	0	3
191	0	0	0	1	0	0	0	0	0	0	0	0	0	0	0	0	0	0	0	0	1	0	1
195	1	0	0	0	0	0	0	0	0	0	0	0	0	0	0	0	0	0	0	0	0	0	1
196	0	0	0	0	0	0	0	0	1	0	0	0	0	0	0	0	0	0	0	0	0	1	1
199	0	0	0	0	0	0	0	0	0	0	0	0	0	0	0	0	1	0	0	1	0	0	2
200	0	0	0	0	0	0	0	0	0	0	0	0	0	1	0	0	0	0	0	0	1	0	1
