 	A	C	D	E	F	G	H	I	K	L	M	N	P	Q	R	S	T	V	W	Y	Nterm	Cterm	Sum
-105	0	0	0	0	0	0	0	0	0	0	0	0	0	0	0	0	0	0	0	1	0	0	1
-103	0	0	0	0	0	0	0	0	0	0	0	0	0	0	0	0	0	0	1	0	0	0	1
-99	0	0	0	0	0	0	0	0	0	0	0	0	0	0	6	0	0	0	0	0	0	2	6
-98	0	0	0	0	0	0	0	0	0	0	0	0	0	0	4	0	0	0	0	1	0	1	5
-96	0	0	0	0	0	0	0	0	0	0	0	0	0	0	0	0	0	0	1	0	0	0	1
-92	0	0	0	0	0	0	0	0	0	0	0	0	0	0	1	0	0	0	0	0	0	0	1
-91	0	0	0	0	0	0	0	0	0	0	0	0	0	0	0	0	0	0	0	2	0	0	2
-89	0	0	0	0	0	0	0	0	0	0	0	0	0	0	1	0	0	0	0	0	0	1	1
-88	0	0	0	0	1	0	0	0	0	0	0	0	0	0	0	0	0	0	0	0	0	0	1
-86	0	1	0	0	0	0	0	0	0	0	0	0	0	0	0	0	0	0	0	0	0	0	1
-83	0	0	0	0	0	0	0	0	0	0	0	0	0	0	0	0	0	0	1	1	0	0	2
-82	0	0	0	0	0	0	0	0	0	0	0	0	0	0	0	0	0	0	0	1	0	0	1
-80	0	0	0	0	1	0	0	0	0	0	0	0	0	0	0	0	0	0	0	0	0	0	1
-75	0	0	0	0	0	0	0	0	0	0	0	0	0	0	0	0	0	0	1	0	0	0	1
-74	0	0	0	0	0	0	0	0	0	0	1	0	0	0	0	0	0	0	0	0	1	0	1
-73	0	0	0	0	0	0	0	0	0	0	2	0	0	0	0	0	0	0	0	2	1	0	4
-72	0	0	0	0	0	0	0	0	0	0	1	0	0	0	0	0	0	0	0	1	1	0	2
-71	0	0	0	1	0	0	0	0	2	0	0	0	0	0	0	0	0	0	1	0	2	0	4
-70	0	0	0	0	0	0	1	0	1	0	0	0	0	0	0	0	0	0	0	0	0	0	2
-66	0	0	0	1	0	0	0	0	0	0	0	0	0	1	0	0	0	0	0	0	0	0	2
-65	0	0	0	0	0	0	0	0	0	0	0	0	0	1	0	0	0	0	0	0	0	0	1
-64	0	0	0	0	1	0	0	0	0	0	0	0	0	1	0	0	0	0	0	0	0	0	2
-61	0	0	0	0	0	0	6	0	0	0	0	0	0	0	0	0	0	0	0	0	0	0	6
-60	0	0	0	0	1	0	0	0	0	0	0	0	0	0	0	0	0	0	0	0	0	0	1
-59	0	0	0	1	0	0	0	0	0	0	0	0	0	0	0	0	0	0	0	0	0	0	1
-58	0	1	0	0	0	0	0	0	0	0	0	0	0	0	0	0	0	0	0	0	0	0	1
-56	0	0	0	0	1	0	0	0	1	3	0	0	0	0	0	0	0	0	0	0	0	0	5
-52	0	0	0	0	0	0	0	0	0	0	0	1	0	0	0	0	0	0	0	1	0	0	2
-51	0	0	0	0	0	0	0	0	0	0	0	1	0	0	0	0	0	0	0	0	0	0	1
-50	0	0	0	0	2	0	0	1	0	0	0	0	0	1	0	0	0	0	0	0	2	0	4
-49	0	0	0	1	0	0	0	0	1	0	0	0	0	0	0	0	0	0	0	0	0	1	2
-48	0	0	2	1	2	0	0	2	0	5	26	0	0	3	0	0	0	0	0	0	11	0	41
-47	0	0	0	0	0	0	0	1	3	0	1	0	0	0	0	0	0	0	0	0	1	1	5
-45	0	0	0	0	0	0	0	0	0	1	0	0	0	1	0	0	0	0	0	0	0	0	2
-44	0	0	0	0	0	0	0	0	1	0	0	0	0	0	0	0	1	0	0	0	0	1	2
-43	0	0	1	0	0	0	0	0	0	0	0	0	0	0	0	0	1	0	0	0	0	0	2
-42	0	0	0	0	0	0	0	0	0	2	0	0	0	0	0	0	0	0	0	0	0	0	2
-41	0	0	2	1	0	0	0	0	0	0	0	0	0	0	0	0	0	0	0	0	1	0	3
-40	0	0	0	0	0	0	0	0	1	0	0	0	0	0	0	0	0	0	0	0	0	0	1
-39	0	0	1	0	0	0	0	0	0	0	0	0	0	1	2	0	0	0	0	0	0	2	4
-36	0	0	2	0	0	0	0	1	0	0	0	0	0	0	1	0	4	0	0	0	0	0	8
-35	0	0	0	0	0	0	0	0	0	0	0	1	0	0	0	0	2	0	0	0	0	0	3
-33	0	0	1	2	1	0	0	0	0	0	0	0	0	0	0	0	0	0	0	0	0	0	4
-32	0	0	0	0	0	0	0	0	0	1	0	0	0	0	0	0	0	0	0	1	0	0	2
-30	0	0	0	0	0	0	0	0	1	1	0	1	0	0	0	0	0	0	0	0	0	0	3
-29	0	0	0	0	0	0	0	0	1	0	0	0	0	0	0	0	0	0	0	0	0	1	1
-28	0	0	1	0	0	0	1	1	0	0	0	0	0	0	0	0	0	0	0	0	1	0	3
-26	0	0	1	0	0	0	0	0	0	1	0	0	2	0	0	0	0	0	0	0	0	0	4
-25	0	0	0	4	0	0	0	0	0	0	0	0	0	0	0	0	0	0	0	0	0	0	4
-24	0	0	0	0	0	0	0	0	0	0	0	0	0	1	0	0	0	0	0	0	0	0	1
-22	0	0	0	0	0	0	0	0	0	0	0	0	0	0	0	0	2	0	0	0	0	0	2
-21	0	0	0	0	1	0	0	1	0	0	1	0	0	0	0	0	0	1	0	0	0	0	4
-19	0	0	0	0	0	0	0	0	0	0	0	0	0	0	0	0	0	0	0	1	0	0	1
-18	0	2	64	50	8	0	4	10	0	17	5	4	15	54	0	22	42	14	1	6	86	1	318
-17	0	30	17	5	5	0	6	13	9	17	3	51	15	130	1	11	46	11	6	7	184	2	383
-16	0	3	7	4	1	0	1	3	3	7	1	7	5	29	1	4	5	3	0	1	35	0	85
-15	0	2	1	1	0	0	0	2	1	3	1	3	1	3	0	0	2	2	1	0	9	0	23
-14	1	0	0	1	0	0	0	0	0	1	0	0	0	0	0	0	0	0	0	0	0	0	3
-13	1	0	0	0	0	0	1	0	1	1	0	0	0	0	1	0	0	0	0	0	0	0	5
-12	0	0	0	1	0	0	0	0	0	0	0	0	0	0	0	0	0	0	0	0	0	0	1
-10	0	0	1	0	0	0	0	0	0	0	0	0	0	0	0	1	0	0	0	0	0	0	2
-9	2	0	0	0	0	0	0	1	0	0	0	0	2	0	0	0	0	0	0	0	0	0	5
-8	0	0	0	0	0	0	0	0	0	0	0	0	1	0	0	0	0	1	0	0	0	0	2
-7	0	0	0	0	0	0	0	0	0	0	0	0	0	0	1	0	0	0	0	0	1	0	1
-5	1	0	2	0	0	0	0	0	0	1	0	0	0	1	0	0	0	0	0	0	1	0	5
-4	1	0	0	0	0	0	0	0	0	0	0	0	0	0	0	0	0	1	0	0	1	0	2
-3	0	0	0	1	0	0	1	2	0	1	2	0	0	0	0	1	0	0	1	0	2	0	9
-2	11	3	5	13	3	0	1	12	3	19	236	8	5	10	0	3	4	19	8	4	278	1	367
-1	33	6	13	25	13	0	1	30	13	27	46	10	4	8	2	17	18	24	2	8	187	6	300
1	583	38	269	300	127	383	132	478	241	594	122	413	252	297	61	282	300	567	49	157	1423	135	5645
2	69	9	37	30	17	51	14	57	28	68	16	47	42	42	1	32	35	70	4	28	116	7	697
3	5	0	0	0	1	6	1	2	3	5	1	2	3	2	0	1	0	2	1	2	7	0	37
4	0	0	1	0	1	0	0	1	0	0	0	0	0	0	0	1	4	1	26	0	8	0	35
5	3	1	0	1	0	0	0	0	0	1	0	1	0	0	0	0	1	0	6	1	4	0	15
7	0	0	0	0	0	2	0	1	0	0	0	0	0	0	0	0	0	0	0	0	0	0	3
9	0	0	0	0	0	0	0	0	0	0	0	1	0	0	0	0	0	0	0	0	0	0	1
10	0	0	0	0	0	0	0	0	0	0	0	0	0	0	0	0	2	0	0	0	2	0	2
11	0	0	0	0	0	0	0	0	0	0	0	0	1	0	0	0	0	0	0	0	0	0	1
12	0	0	0	0	2	0	0	1	0	1	0	3	3	1	3	0	1	1	10	0	16	3	26
13	1	0	0	0	0	0	0	1	0	0	0	1	0	0	0	0	1	0	0	0	1	0	4
14	0	0	0	3	0	0	0	1	4	0	3	0	0	1	0	1	0	0	0	0	5	0	13
15	0	0	0	1	0	2	0	0	3	0	1	0	0	0	0	1	2	0	2	0	6	0	12
16	49	9	23	61	15	102	7	17	10	39	1150	27	41	32	8	34	31	38	187	11	411	16	1891
17	18	2	9	20	4	25	5	4	0	9	182	7	8	7	0	20	8	8	36	3	94	0	375
18	1	0	1	1	3	4	0	0	0	3	14	0	0	0	0	2	3	1	2	1	15	0	36
19	0	0	0	0	0	0	1	0	0	0	2	0	0	0	0	0	0	0	0	0	1	0	3
20	0	0	0	0	0	0	0	0	0	0	0	0	0	0	1	0	0	0	0	0	1	0	1
21	0	4	0	0	0	1	0	0	0	0	0	0	0	0	0	0	0	0	0	0	0	0	5
22	34	5	29	27	12	41	0	16	2	17	8	15	28	20	1	18	24	28	0	4	3	1	329
23	3	0	3	4	2	20	0	1	0	5	1	9	10	6	0	3	3	5	1	2	0	0	78
24	1	0	3	4	0	3	0	1	0	1	0	2	1	0	0	1	0	5	0	0	1	0	22
25	0	0	0	0	0	0	0	0	0	1	0	0	0	1	0	0	0	0	0	0	0	0	2
26	1	0	0	0	0	0	0	0	0	0	0	0	0	0	0	0	1	0	0	0	2	0	2
28	0	0	0	1	0	1	0	0	1	0	4	0	0	0	1	0	0	0	0	0	5	0	8
29	0	0	1	0	0	0	0	0	1	0	0	0	0	0	0	0	0	0	0	0	0	0	2
30	0	0	0	0	0	0	0	0	0	0	0	0	0	0	0	0	0	0	1	0	0	0	1
32	3	0	2	7	3	4	1	4	0	1	6	1	3	0	0	4	5	8	128	0	22	0	180
33	1	0	0	5	0	3	1	4	0	1	3	2	0	0	0	1	2	1	37	0	11	0	61
34	0	0	1	0	0	1	5	0	0	0	0	0	0	0	0	0	0	0	2	0	0	0	9
35	0	0	0	0	0	2	2	0	0	0	0	0	0	0	0	0	0	0	0	0	1	0	4
37	0	0	0	0	0	0	0	0	0	0	0	0	0	1	0	0	0	0	0	0	0	0	1
38	14	0	7	4	1	6	2	5	0	11	1	2	9	1	0	6	7	1	0	2	0	0	79
39	2	0	3	4	0	1	0	0	0	5	2	1	2	1	0	4	2	0	0	0	2	0	27
40	0	0	0	0	0	0	0	1	0	0	0	0	0	0	1	0	1	0	0	0	1	1	3
42	6	0	0	0	0	0	0	0	0	0	0	1	0	2	1	39	0	0	0	0	45	0	49
43	3	1	0	0	0	0	0	0	0	0	0	0	0	0	0	8	0	0	0	0	10	0	12
44	0	0	0	0	0	0	0	0	0	0	0	0	0	0	2	0	0	0	0	0	0	0	2
45	0	0	0	0	0	0	0	0	0	1	0	0	0	0	0	0	0	0	0	0	0	0	1
46	0	0	0	0	0	0	0	0	0	3	0	0	0	0	0	0	0	0	0	0	1	0	3
48	0	0	0	0	0	2	0	0	0	0	1	0	0	0	0	0	0	1	1	0	0	0	5
49	0	0	0	0	0	0	0	0	0	0	1	0	0	0	0	0	0	0	0	0	0	0	1
50	0	0	2	0	0	0	0	0	0	0	0	0	0	0	0	0	0	0	0	0	1	0	2
52	1	0	0	0	0	0	0	0	0	0	0	1	0	0	0	0	0	1	0	0	0	0	3
54	0	0	0	0	0	0	0	0	0	0	2	0	0	0	0	0	0	0	0	0	2	0	2
55	0	0	0	0	0	0	0	0	0	0	7	0	0	0	0	0	1	0	0	0	7	0	8
56	0	0	0	0	0	0	0	1	0	2	1	0	0	1	0	0	0	0	0	0	2	0	5
57	25	0	3	0	1	12	4	5	0	8	0	0	8	2	2	3	3	17	0	2	88	0	95
58	7	0	0	2	1	8	0	0	0	1	0	0	3	0	1	2	1	5	0	0	25	0	31
59	1	1	0	0	0	2	0	0	0	0	0	0	0	0	0	0	0	0	0	1	2	0	5
60	0	0	0	0	0	0	0	0	0	0	0	0	0	1	0	0	0	0	2	0	2	0	3
61	0	0	0	0	0	0	0	0	0	0	1	0	0	0	0	0	0	0	1	0	1	0	2
64	1	0	0	0	0	0	0	0	0	0	0	0	0	0	0	2	0	0	0	2	2	0	5
68	0	0	0	0	0	0	0	0	1	1	0	0	0	0	0	0	0	0	0	0	0	1	2
69	0	0	0	0	0	0	0	1	0	0	0	0	0	1	0	0	0	0	0	0	1	0	2
70	0	0	0	1	0	0	0	0	0	0	0	0	0	0	0	0	2	0	0	0	2	0	3
73	0	0	0	0	0	0	1	0	0	0	0	0	0	0	0	0	0	0	0	0	0	0	1
75	0	0	0	0	0	0	0	0	0	1	0	0	0	0	0	0	0	0	0	1	0	0	2
76	0	0	0	0	0	1	0	0	0	0	0	0	0	0	0	0	0	0	0	0	0	0	1
83	0	0	0	0	0	0	0	0	0	0	1	0	0	0	0	0	0	1	0	0	0	0	2
84	0	0	0	0	0	0	0	0	0	3	0	0	0	0	0	0	0	1	0	0	1	0	4
86	0	0	0	0	0	0	0	0	0	0	0	0	0	0	0	0	0	1	0	0	1	0	1
87	0	0	1	0	0	0	0	0	0	0	0	0	0	0	0	0	0	1	0	0	0	0	2
88	0	0	0	1	0	0	0	0	0	0	0	0	0	0	1	0	0	1	0	0	1	0	3
90	0	0	0	0	0	0	0	0	0	0	0	0	0	0	0	0	0	2	0	0	0	0	2
91	0	0	0	0	0	0	0	0	0	0	0	0	1	0	0	0	0	0	0	1	0	0	2
92	0	0	0	0	0	0	0	0	0	1	0	0	0	0	0	0	0	0	0	0	0	0	1
95	0	0	0	0	0	0	0	0	0	0	0	0	0	0	0	0	0	1	0	0	0	0	1
96	0	0	0	0	0	0	0	0	0	0	0	0	0	0	1	0	0	0	0	0	0	0	1
99	1	0	0	0	0	0	0	0	0	0	0	0	0	0	0	0	0	0	0	0	0	0	1
100	1	0	0	0	0	0	0	0	0	0	0	0	0	0	0	0	0	0	0	0	0	0	1
104	0	0	0	0	0	1	0	0	0	0	0	0	0	0	0	0	0	0	0	0	0	0	1
107	0	0	0	0	0	0	0	2	0	0	0	0	0	0	0	0	0	0	0	0	0	0	2
108	0	0	0	0	0	0	0	0	0	0	0	0	0	0	0	0	0	1	0	0	0	0	1
110	0	0	0	0	0	0	0	0	0	0	0	0	1	0	0	0	0	0	0	0	0	0	1
111	0	0	0	0	0	0	0	0	0	0	0	0	0	0	0	2	0	0	0	0	0	0	2
112	0	0	0	2	0	0	0	0	0	0	0	0	0	0	0	0	0	0	0	0	0	1	2
114	0	0	0	1	0	1	0	0	0	2	0	0	0	0	0	0	0	0	0	0	0	1	4
115	0	0	0	2	0	0	0	0	0	0	0	0	0	0	0	0	0	0	0	0	0	2	2
116	0	0	0	2	0	0	0	0	0	0	0	0	1	0	0	0	1	0	0	0	0	1	4
128	4	0	0	2	1	1	0	2	0	1	1	1	2	0	0	1	0	1	0	1	5	0	18
129	0	0	1	22	0	0	0	0	0	0	0	1	0	0	0	5	0	2	0	0	0	19	31
130	0	0	0	6	0	0	0	0	0	0	0	0	0	0	0	0	0	0	0	0	0	6	6
131	0	0	0	1	0	0	0	0	0	0	0	0	0	0	0	0	0	0	0	0	0	1	1
132	0	0	0	0	0	0	0	0	0	0	0	0	0	1	0	0	0	0	0	0	0	0	1
140	0	0	0	0	0	0	0	0	1	0	0	0	0	0	0	0	0	0	0	0	0	0	1
141	0	0	0	0	0	0	0	0	0	0	0	0	0	1	0	0	0	0	0	0	1	0	1
142	0	0	0	0	0	0	0	0	0	0	0	0	0	0	0	0	0	0	1	0	1	0	1
144	0	0	0	0	1	0	0	0	0	0	1	0	0	0	0	0	2	0	0	0	2	0	4
146	0	0	0	0	0	0	0	0	1	0	0	0	0	0	0	0	0	0	0	0	0	0	1
147	0	0	1	0	1	0	0	1	1	1	0	0	0	0	0	0	0	0	0	0	3	0	5
148	0	0	0	1	0	0	0	0	0	0	0	0	0	0	0	0	0	0	0	0	0	0	1
151	0	0	0	1	0	0	0	0	0	0	0	0	0	0	0	6	0	0	0	0	0	0	7
152	0	5	0	1	0	0	0	0	0	0	0	0	0	0	0	0	0	0	0	0	0	0	6
153	1	0	0	0	0	0	0	0	0	0	0	0	0	0	0	1	0	0	0	0	1	0	2
156	5	0	2	1	0	2	0	2	3	5	4	0	1	0	0	3	1	1	0	3	15	3	33
157	1	0	0	1	0	1	0	0	1	1	0	1	1	1	1	1	1	0	0	1	2	2	12
161	1	0	0	0	0	0	0	0	0	0	0	0	0	0	0	0	0	0	0	0	0	0	1
165	0	0	0	0	0	0	0	0	0	1	0	0	0	0	0	0	0	0	0	0	1	0	1
166	0	0	0	0	0	0	0	0	0	0	0	0	1	0	0	0	0	0	0	0	1	0	1
167	2	0	2	1	0	0	0	0	0	0	0	0	0	0	0	1	0	0	0	0	0	1	6
168	1	0	0	1	0	0	0	0	0	0	0	0	0	0	0	0	0	0	0	0	0	1	2
172	0	0	0	1	0	0	0	0	0	1	0	0	0	1	0	0	0	0	0	0	0	0	3
173	0	0	0	1	0	0	0	0	1	0	0	0	0	0	0	0	0	0	0	0	0	0	2
174	0	0	0	0	0	0	0	0	1	0	1	0	0	0	0	0	0	0	0	0	1	0	2
182	0	0	0	0	0	0	0	0	0	2	0	0	0	0	0	0	0	0	0	0	2	0	2
186	0	0	0	0	0	0	0	1	0	0	0	0	0	0	0	0	0	0	0	0	1	0	1
187	0	0	0	0	0	0	0	0	0	0	1	0	0	0	0	0	0	0	0	0	0	0	1
189	0	0	2	0	0	0	0	0	2	0	0	0	0	0	0	0	0	0	0	0	0	0	4
196	0	0	0	0	0	0	0	1	0	0	0	0	0	0	0	0	0	0	0	0	0	0	1
