 	A	C	D	E	F	G	H	I	K	L	M	N	P	Q	R	S	T	V	W	Y	Nterm	Cterm	Sum
-124	0	0	0	0	0	0	0	0	0	0	0	0	0	0	0	0	0	0	2	0	0	0	2
-112	0	0	0	0	0	0	0	0	0	0	0	0	0	0	0	0	0	0	1	0	0	0	1
-107	0	0	0	0	0	0	0	0	0	0	0	0	0	0	0	0	0	0	1	0	0	0	1
-105	0	0	0	0	0	0	0	0	0	0	0	0	0	0	0	0	0	0	0	1	0	0	1
-102	0	0	0	0	0	0	0	0	0	0	0	0	0	0	0	0	0	0	0	2	0	0	2
-99	0	0	0	0	0	0	0	0	0	0	0	0	0	0	2	0	0	0	0	0	0	2	2
-98	0	0	0	0	0	0	0	0	0	0	0	0	0	0	1	0	0	0	0	0	0	0	1
-95	0	0	0	0	0	0	0	0	0	0	0	0	0	0	0	0	0	0	1	0	0	0	1
-94	0	0	0	0	0	0	0	0	0	0	0	0	0	0	0	0	0	0	0	1	0	0	1
-92	0	2	0	0	0	0	0	0	0	0	0	0	0	0	0	0	0	0	0	0	0	0	2
-91	0	0	0	0	0	0	0	0	0	0	0	0	0	0	0	0	0	0	0	1	0	0	1
-90	0	0	0	0	0	0	0	0	0	0	0	0	0	0	0	0	0	0	0	1	0	0	1
-89	0	0	0	0	0	0	0	0	0	0	0	0	0	0	1	0	0	0	0	0	0	0	1
-87	0	0	0	0	1	0	0	0	0	0	0	0	0	0	2	0	0	0	0	0	0	0	3
-85	0	0	0	0	0	0	0	0	0	0	0	0	0	0	2	0	0	0	0	0	0	0	2
-83	0	0	0	0	0	0	0	0	0	0	0	0	0	0	1	0	0	0	0	0	0	0	1
-79	0	0	0	0	0	0	1	0	0	0	0	0	0	0	0	0	0	0	0	0	0	0	1
-78	0	0	0	0	0	0	0	0	0	0	0	0	0	0	0	0	0	0	0	2	0	0	2
-75	0	0	0	0	0	0	0	0	0	0	0	0	0	0	2	0	0	0	0	1	0	2	3
-71	0	0	0	0	0	0	0	0	0	0	0	0	0	0	0	0	0	0	1	0	0	0	1
-69	0	0	0	0	0	0	1	0	0	0	0	0	0	0	0	0	0	0	0	0	0	0	1
-67	0	0	0	1	0	0	0	0	0	0	0	0	0	0	0	0	0	0	0	0	0	0	1
-66	0	0	0	0	0	0	0	0	0	0	0	0	0	0	0	0	0	0	1	0	0	0	1
-65	0	0	0	0	1	0	0	0	0	0	0	0	0	1	0	0	0	0	0	0	0	0	2
-64	0	0	0	0	0	0	1	0	0	0	0	0	0	0	0	0	0	0	0	0	0	0	1
-63	0	1	0	0	0	0	0	0	0	0	0	0	0	0	0	0	0	0	0	0	0	0	1
-61	0	0	0	0	0	0	6	0	0	0	0	0	0	0	0	0	0	0	0	0	0	0	6
-59	0	0	0	0	0	0	0	0	0	0	0	0	0	0	1	0	0	0	0	0	0	0	1
-57	0	170	8	3	0	0	3	0	2	0	3	3	0	1	5	0	0	0	0	3	0	3	201
-56	0	13	1	4	2	0	0	2	0	5	2	2	0	0	1	0	0	0	0	1	0	0	33
-55	0	2	1	0	0	0	0	1	0	2	1	1	0	0	0	0	0	0	0	0	0	0	8
-53	0	0	0	0	0	0	0	1	0	0	0	0	0	0	0	0	0	0	0	0	0	0	1
-50	0	0	0	0	1	0	0	0	0	1	0	0	0	0	0	0	0	0	0	0	1	0	2
-49	0	0	0	0	1	0	0	0	0	1	0	0	0	0	0	0	0	0	0	0	0	0	2
-48	0	0	0	1	0	0	0	0	0	1	0	0	0	0	0	0	0	0	0	0	0	0	2
-47	0	0	0	0	0	0	0	0	1	1	0	0	0	0	0	0	0	0	0	0	0	1	2
-46	0	0	0	1	0	0	0	0	0	0	0	0	0	0	0	0	0	0	0	0	0	0	1
-45	0	9	0	0	1	0	0	1	1	0	0	0	0	0	0	0	0	0	0	0	9	0	12
-44	0	0	0	0	0	0	0	0	0	1	0	0	0	0	0	0	0	0	0	0	0	0	1
-43	0	2	0	0	0	0	0	0	0	0	0	0	0	0	0	0	0	0	0	0	0	0	2
-41	0	0	0	0	0	0	0	0	0	1	0	0	0	0	0	0	0	0	0	0	0	0	1
-39	0	0	1	0	0	0	0	0	1	0	0	0	0	0	2	0	0	0	0	0	0	1	4
-38	0	0	0	0	0	0	0	0	0	0	0	1	0	0	0	0	0	0	0	0	0	0	1
-37	0	0	0	0	0	0	0	0	0	1	0	0	0	0	0	0	0	0	0	0	0	0	1
-36	0	0	1	0	0	0	0	0	0	0	0	0	0	0	0	0	0	0	0	0	0	0	1
-35	0	4	2	1	2	0	0	0	0	0	0	0	0	0	0	0	1	0	0	0	1	0	10
-34	0	1	0	0	0	0	0	0	0	0	0	1	1	2	0	0	1	1	0	0	2	0	7
-33	0	0	0	0	0	0	0	0	0	0	0	0	0	1	0	0	1	0	0	0	0	0	2
-32	0	0	0	0	0	0	0	0	0	1	1	0	1	1	0	0	0	0	0	3	1	0	7
-31	0	0	0	0	0	0	0	0	1	0	0	0	0	0	0	0	0	0	0	0	1	0	1
-30	0	0	0	0	0	0	0	0	0	0	0	0	0	0	0	0	0	1	0	0	0	0	1
-29	0	0	0	0	0	0	0	0	0	0	0	0	0	0	1	0	0	0	0	0	0	0	1
-28	0	0	1	1	1	0	0	0	0	0	0	0	0	0	2	0	1	0	0	0	1	1	6
-27	0	0	0	0	0	0	0	0	0	1	0	0	0	0	0	0	0	1	0	0	0	0	2
-25	0	0	1	0	0	0	0	0	0	0	0	1	0	0	0	1	0	0	0	0	0	0	3
-23	0	0	0	0	0	0	0	0	0	0	0	1	0	0	0	0	0	0	0	0	0	0	1
-22	0	0	0	0	0	0	0	0	0	1	1	0	1	0	0	0	1	0	0	0	0	0	4
-21	0	0	0	0	0	0	0	0	0	1	0	1	0	0	1	0	0	0	0	1	1	0	4
-20	0	0	1	0	0	0	0	0	1	0	0	0	0	0	0	0	0	0	0	0	0	0	2
-19	0	0	0	0	0	0	0	2	0	0	0	0	0	0	0	1	0	0	0	0	0	0	3
-18	0	0	71	54	6	0	3	10	2	31	12	5	16	61	1	28	47	13	0	6	105	2	366
-17	0	52	31	13	10	0	9	10	14	23	10	69	21	238	4	16	42	16	7	15	281	3	600
-16	0	2	10	5	2	0	2	4	2	6	2	8	4	22	0	5	7	3	0	1	23	0	85
-15	0	2	3	0	1	0	0	1	1	0	0	5	0	4	0	0	1	0	1	0	4	0	19
-14	0	1	0	0	0	0	0	1	1	1	0	0	0	1	0	0	0	0	0	0	1	0	5
-13	0	0	0	0	0	0	0	0	0	0	0	0	1	0	1	0	0	0	0	0	0	0	2
-12	0	0	0	0	1	0	0	0	1	0	0	1	0	0	0	0	0	0	0	0	0	0	3
-11	0	0	0	0	0	0	2	1	0	0	0	0	0	0	0	0	0	0	0	0	2	0	3
-10	0	0	0	0	0	0	0	0	0	1	0	0	0	2	0	0	0	0	0	0	0	0	3
-9	1	1	0	0	0	0	1	1	0	0	0	0	0	0	0	1	0	0	0	0	0	0	5
-8	0	0	0	0	0	0	0	0	1	0	0	0	0	0	1	0	0	0	0	0	0	0	2
-7	0	0	1	1	0	0	0	0	0	0	0	0	0	0	0	0	0	0	0	0	0	0	2
-5	0	0	0	0	0	0	0	0	0	1	0	0	0	0	0	0	0	0	0	0	1	0	1
-4	0	0	0	0	0	0	0	0	0	0	1	0	0	0	5	0	0	0	0	0	4	1	6
-3	3	0	1	0	0	0	0	0	0	1	0	0	1	0	0	0	0	0	0	1	4	0	7
-2	7	5	2	11	3	0	0	5	1	10	0	4	1	2	4	4	2	13	0	2	33	3	76
-1	25	7	4	18	9	0	2	35	1	21	14	6	2	7	4	9	13	28	2	8	122	5	215
1	445	33	231	281	140	337	117	394	160	486	141	316	260	286	62	197	276	388	52	151	891	98	4753
2	47	10	26	41	14	37	13	40	10	39	17	28	30	45	3	25	40	69	4	17	75	4	555
3	4	2	4	0	2	6	0	2	1	2	4	3	1	2	0	0	4	2	2	1	3	0	42
4	1	0	1	3	0	5	0	1	0	1	0	0	0	1	0	2	3	0	45	0	10	0	63
5	2	4	1	3	0	1	0	0	0	1	1	1	0	4	0	0	0	3	7	0	8	0	28
6	0	0	0	0	0	0	1	0	1	0	2	0	0	0	0	0	0	0	1	0	0	0	5
7	0	0	0	0	0	0	0	0	0	0	0	0	1	0	0	0	0	0	0	0	0	0	1
8	0	0	0	1	0	0	0	0	0	0	0	0	0	0	0	0	0	0	0	0	1	0	1
9	1	0	0	1	0	0	0	0	0	0	0	0	0	0	0	0	0	0	0	1	1	0	3
10	0	1	0	0	0	0	0	0	0	0	0	0	0	0	0	1	0	0	1	0	0	0	3
12	1	0	0	0	2	0	1	1	0	1	0	1	3	0	0	1	1	1	59	0	64	0	72
13	0	0	0	0	0	0	2	0	0	0	0	0	0	0	0	0	0	0	4	0	6	0	6
14	0	0	0	2	0	0	0	1	5	3	1	0	0	0	0	0	0	0	0	0	2	0	12
15	0	0	0	0	0	0	1	1	4	0	3	0	0	0	0	0	2	2	0	0	7	1	13
16	69	7	48	85	6	71	38	35	10	55	1088	28	83	17	13	64	39	59	137	12	443	25	1964
17	5	1	8	9	10	22	12	7	3	9	118	9	15	5	3	8	8	15	21	2	67	3	290
18	0	0	1	1	1	0	0	1	0	5	6	0	2	2	1	1	0	0	2	1	8	1	24
19	0	0	1	0	0	0	0	0	1	0	0	0	1	0	1	0	0	0	0	1	1	0	5
20	0	0	1	0	0	0	0	0	0	0	0	0	0	0	0	0	0	0	0	0	1	0	1
21	0	1	1	1	0	0	0	1	0	1	1	1	0	2	0	1	0	0	0	0	2	0	10
22	146	20	108	103	50	154	6	65	0	86	26	64	99	67	0	82	82	81	6	22	37	1	1267
23	33	3	23	13	5	61	2	16	2	24	1	12	30	11	0	21	21	24	1	1	1	0	304
24	18	0	8	11	1	23	0	8	2	12	3	7	6	4	3	2	6	4	3	3	3	3	124
25	3	0	1	0	0	0	0	0	0	0	2	0	0	0	0	2	0	1	0	0	2	0	9
26	0	0	0	0	0	0	0	0	0	2	1	0	0	0	0	0	0	0	0	0	1	0	3
27	0	0	0	0	0	0	0	0	0	0	0	1	0	0	0	0	0	0	0	0	0	0	1
28	0	0	0	2	0	0	0	1	1	0	5	0	0	0	0	1	0	0	0	0	6	0	10
30	0	0	0	0	0	0	0	0	0	0	0	0	0	0	1	0	0	0	0	0	1	0	1
31	0	0	0	0	0	0	0	1	0	0	0	0	0	1	0	0	0	0	0	0	0	0	2
32	1	0	1	0	0	0	0	0	0	1	1	0	1	0	0	0	0	5	13	0	2	0	23
33	1	0	0	0	0	0	0	1	0	0	0	0	1	0	0	2	1	1	0	0	0	0	7
34	0	0	0	0	0	0	3	0	0	1	0	0	0	0	0	0	0	0	0	0	1	0	4
36	0	0	0	0	0	0	0	0	0	0	0	0	0	0	0	0	0	0	0	1	0	0	1
38	51	1	44	38	7	25	0	47	1	41	5	22	39	15	0	16	23	32	0	8	1	0	415
39	24	1	7	8	0	11	0	16	2	10	4	3	6	2	0	1	1	11	1	0	2	1	108
40	2	0	1	1	0	0	0	0	0	1	0	0	1	0	1	1	1	1	0	0	0	1	10
41	0	0	0	0	0	0	0	0	0	0	0	0	0	0	0	1	0	0	0	0	0	0	1
42	10	0	1	1	2	0	0	0	1	1	2	0	0	1	0	49	0	0	0	0	60	0	68
43	0	0	0	0	0	0	0	1	0	1	1	1	0	0	0	8	1	0	0	0	12	0	13
45	0	0	0	1	0	0	0	0	0	0	1	0	0	0	0	0	0	1	0	0	0	0	3
50	0	0	0	1	0	0	0	0	0	0	0	0	0	0	0	0	0	0	0	0	0	0	1
51	0	0	2	0	0	0	0	0	0	0	1	0	0	0	0	0	0	0	0	0	0	0	3
52	0	0	0	0	0	1	0	0	0	0	0	0	0	0	3	0	0	0	0	0	0	3	4
53	0	0	1	0	0	0	0	1	0	0	0	0	0	0	0	1	0	1	0	0	0	0	4
54	1	0	0	0	0	0	0	0	0	2	0	0	1	0	0	0	0	0	0	0	0	0	4
56	0	0	0	0	0	0	0	0	0	0	0	0	0	0	0	0	1	0	0	0	1	0	1
57	0	0	0	0	0	0	0	0	1	0	0	0	0	0	0	0	0	0	0	0	1	0	1
58	0	0	0	1	0	1	0	0	0	0	0	0	0	0	0	1	0	0	0	0	1	0	3
59	1	0	0	0	0	0	0	0	0	0	0	0	0	0	0	2	0	1	0	0	0	0	4
60	1	0	0	0	0	0	0	0	0	0	0	0	0	0	0	0	0	0	0	0	1	0	1
61	0	0	0	0	0	0	0	0	0	1	0	0	0	0	0	0	0	0	0	0	0	0	1
64	1	0	0	0	0	0	0	2	1	0	0	0	0	0	0	3	0	0	0	0	3	0	7
65	0	0	0	0	0	0	0	0	0	0	0	0	0	0	0	0	0	0	0	1	0	0	1
66	0	0	0	0	0	0	0	0	0	0	0	0	0	0	1	0	1	0	0	0	0	1	2
67	0	0	0	1	0	0	0	1	0	0	0	0	0	0	1	0	0	0	0	0	0	1	3
68	0	0	0	0	0	0	0	0	0	0	0	1	1	0	0	0	0	0	0	0	0	0	2
69	0	0	0	1	0	0	0	0	0	0	0	0	0	0	1	0	0	0	0	0	0	1	2
70	0	0	0	1	0	0	0	0	0	0	0	0	0	0	0	0	3	1	0	0	3	0	5
72	0	0	0	0	0	2	0	0	0	0	0	0	0	0	0	0	0	0	0	0	0	0	2
74	0	0	0	0	0	1	1	0	0	0	0	0	0	0	0	0	0	0	0	0	2	0	2
77	0	0	0	1	0	1	0	1	1	0	0	0	0	0	0	1	0	0	0	0	0	0	5
78	0	0	0	0	0	0	0	0	0	1	0	0	0	0	0	0	0	0	0	0	0	0	1
79	0	0	0	0	1	0	0	0	0	0	0	0	1	0	1	0	0	0	0	0	1	1	3
80	0	0	1	0	0	0	1	0	0	0	0	0	1	0	0	0	0	0	0	0	0	0	3
81	0	0	0	0	1	0	0	0	0	0	1	0	0	0	0	0	0	0	0	0	1	0	2
84	0	0	0	0	0	0	0	0	0	1	0	0	0	0	0	1	0	0	0	0	0	0	2
87	0	0	0	0	0	0	0	0	0	0	0	0	1	0	0	0	0	0	0	0	0	0	1
91	0	0	0	0	0	1	0	0	0	0	0	0	0	0	0	0	0	0	0	0	0	0	1
94	0	0	0	0	0	0	0	0	0	0	0	0	0	1	0	0	0	0	0	0	0	0	1
97	0	0	0	0	0	0	0	0	0	0	0	0	0	0	1	0	0	0	0	0	0	1	1
98	0	0	0	0	0	0	0	0	0	0	0	0	0	0	0	0	1	0	0	0	0	0	1
100	0	0	0	0	0	0	0	0	3	0	1	0	0	0	0	0	0	0	0	0	2	0	4
105	0	0	0	0	0	0	0	1	0	0	0	0	0	0	0	0	0	1	0	0	1	0	2
106	1	0	0	0	0	0	0	0	0	0	0	0	1	0	0	0	0	0	0	0	0	0	2
107	1	0	0	0	0	0	0	0	0	0	0	0	0	0	0	0	0	0	0	0	0	0	1
111	0	0	0	0	0	0	0	0	0	2	0	0	0	0	0	1	0	0	0	0	0	0	3
112	0	0	0	0	0	0	0	0	0	0	0	0	0	0	0	0	1	0	0	0	1	0	1
113	1	0	0	0	0	0	0	0	0	0	0	0	0	0	0	0	0	0	0	0	0	0	1
116	1	0	0	0	0	0	0	0	0	0	0	0	0	0	0	0	0	0	0	0	0	0	1
117	0	0	0	0	0	0	0	0	0	0	0	0	0	0	0	0	0	0	0	1	0	0	1
119	1	0	0	0	0	0	0	0	0	0	0	0	0	0	0	0	0	0	0	0	0	0	1
120	0	0	0	0	0	0	0	0	0	0	0	1	0	0	0	0	0	0	0	0	0	0	1
128	4	0	0	0	2	0	0	2	1	2	0	1	7	1	1	0	0	4	0	0	6	2	25
129	1	0	1	7	0	0	0	0	0	0	0	0	0	0	0	5	0	0	0	0	0	7	14
130	0	0	1	0	0	0	0	0	0	0	0	0	1	0	0	0	0	0	0	0	1	0	2
131	0	0	0	0	0	0	0	0	0	1	0	0	0	0	0	0	0	0	0	0	0	0	1
132	0	0	0	1	0	0	0	0	0	0	0	0	0	0	0	0	0	0	0	0	0	0	1
134	0	0	0	0	0	0	0	0	0	0	0	0	0	0	0	0	1	0	0	0	0	0	1
141	0	0	0	0	0	0	0	0	0	0	0	0	0	0	0	0	1	0	0	0	0	0	1
143	0	0	0	0	0	0	0	0	0	0	0	0	1	0	0	0	0	0	0	0	1	0	1
144	0	0	0	0	0	0	0	0	1	0	1	1	0	0	0	0	1	0	0	0	0	1	4
145	0	0	0	1	0	0	0	0	0	0	0	0	0	0	0	0	0	0	1	0	0	0	2
147	0	0	0	0	0	0	0	0	0	2	0	1	0	0	0	0	0	0	0	0	1	0	3
148	0	0	0	0	0	0	0	0	1	0	0	0	0	0	0	0	0	0	0	0	1	0	1
150	0	0	0	0	0	0	0	0	0	0	0	0	0	0	0	0	0	0	0	1	1	0	1
151	0	0	0	0	0	0	0	0	0	1	0	0	0	0	0	5	0	0	0	0	0	0	6
152	11	123	6	7	5	6	2	4	0	6	0	0	0	1	0	9	3	9	0	1	32	0	193
153	4	16	0	0	1	1	0	0	1	2	0	2	1	0	0	1	1	0	0	0	8	1	30
154	0	2	0	0	0	0	0	0	0	0	0	0	0	0	0	0	0	0	0	0	0	0	2
156	12	0	1	3	0	8	1	3	3	9	7	0	1	0	1	2	0	2	0	3	18	4	56
157	3	0	0	2	0	3	0	0	0	4	0	0	0	0	0	0	0	0	0	2	2	0	14
164	0	0	0	0	0	0	0	0	0	0	0	0	0	0	0	1	0	0	0	0	0	0	1
167	1	0	1	1	0	0	0	0	0	0	0	0	0	0	0	1	0	0	0	0	0	0	4
174	0	2	0	0	0	0	0	0	0	0	0	0	0	0	0	0	0	1	0	0	0	0	3
175	0	0	0	0	0	0	0	0	0	0	0	0	1	0	0	0	0	0	0	0	0	0	1
176	0	0	0	0	0	0	0	0	0	0	0	1	0	0	0	0	0	0	0	0	0	0	1
182	0	0	0	0	0	0	0	0	0	2	0	0	0	0	0	0	0	0	0	0	2	0	2
183	0	0	0	1	0	0	0	0	0	0	0	0	0	0	0	0	0	0	0	0	0	0	1
184	0	0	1	0	0	1	0	0	0	0	0	0	0	0	0	0	0	0	0	0	0	0	2
187	0	0	0	0	0	0	0	0	0	0	0	0	0	0	0	0	0	1	0	0	0	0	1
188	0	0	0	0	0	0	0	0	1	0	0	0	0	0	0	0	0	0	0	0	0	0	1
189	0	0	0	0	0	0	0	0	2	0	0	0	0	0	0	0	0	0	0	0	0	0	2
195	0	0	0	0	1	0	0	0	0	0	0	0	0	0	0	0	0	0	0	0	0	0	1
196	0	0	0	0	0	0	0	0	2	0	0	0	0	0	0	1	0	0	0	0	0	2	3
198	0	0	0	1	0	1	0	0	0	0	0	0	0	0	0	0	0	0	0	0	0	0	2
199	0	0	0	0	0	1	0	0	0	0	0	0	0	0	0	0	0	0	0	0	0	0	1
