 	A	C	D	E	F	G	H	I	K	L	M	N	P	Q	R	S	T	V	W	Y	Nterm	Cterm	Sum
-110	0	0	0	0	0	0	0	0	0	0	0	0	0	0	0	0	0	0	1	0	0	0	1
-102	0	1	0	0	0	0	0	0	0	0	0	0	0	0	0	0	0	0	0	0	0	0	1
-99	0	0	0	0	0	0	0	0	0	0	0	0	0	0	4	0	0	0	0	0	0	1	4
-92	0	2	0	0	0	0	0	0	0	0	0	0	0	0	0	0	0	0	0	0	0	0	2
-91	0	0	0	0	0	0	0	0	0	0	0	0	0	0	0	0	0	0	0	1	0	0	1
-89	0	0	0	0	0	0	0	0	0	0	0	0	0	0	1	0	0	0	0	0	0	0	1
-85	0	0	0	0	0	0	0	0	0	0	0	0	0	0	1	0	0	0	0	0	0	0	1
-80	0	0	0	0	0	0	0	0	0	0	0	0	0	0	0	0	0	0	0	1	0	0	1
-78	0	0	0	0	0	0	0	0	0	0	0	0	0	0	1	0	0	0	0	0	1	0	1
-77	0	0	0	0	0	0	1	0	0	0	0	0	0	0	0	0	0	0	0	0	0	0	1
-75	0	0	0	0	0	0	1	0	0	0	0	0	0	0	0	0	0	0	0	0	0	0	1
-71	0	0	0	1	0	0	0	0	0	0	0	0	0	0	0	0	0	0	1	0	0	0	2
-70	0	0	0	0	0	0	0	0	1	0	0	0	0	0	3	0	0	0	0	0	0	0	4
-69	0	0	0	0	1	0	0	0	0	0	0	0	0	0	0	0	0	0	0	0	0	0	1
-68	0	0	0	0	0	0	0	0	0	0	0	0	0	0	0	0	0	0	0	1	0	0	1
-66	0	0	0	2	0	0	0	0	0	0	0	0	0	0	0	0	0	0	0	0	0	0	2
-65	0	0	0	0	0	0	0	0	0	0	1	0	0	0	0	0	0	0	0	0	0	0	1
-64	0	0	0	0	0	0	0	0	2	0	0	0	0	0	0	0	0	0	0	1	0	1	3
-63	0	0	0	0	0	0	0	0	1	0	0	0	0	0	1	0	0	0	0	0	0	0	2
-62	0	0	0	2	0	0	0	0	0	0	0	0	0	0	0	0	0	0	0	0	0	0	2
-61	0	0	0	1	0	0	4	0	0	0	0	0	0	1	0	0	0	0	0	0	0	0	6
-59	0	0	0	1	0	0	0	0	0	0	0	0	0	0	0	0	0	0	0	0	0	0	1
-56	0	0	0	0	0	0	0	0	0	3	0	0	0	0	0	0	0	0	0	0	0	0	3
-55	0	0	0	0	0	0	0	0	0	1	0	0	0	0	0	0	0	0	0	0	0	0	1
-51	0	0	0	0	0	0	0	0	0	0	0	1	0	0	0	0	0	0	0	0	0	0	1
-50	0	0	0	0	2	0	0	0	0	0	0	0	0	0	0	0	0	0	0	0	2	0	2
-49	0	0	0	1	0	0	0	0	0	0	0	0	0	0	0	0	0	0	0	1	0	0	2
-48	0	0	0	1	0	0	0	3	0	2	13	0	0	1	1	0	0	0	0	0	5	1	21
-47	0	0	0	3	0	0	0	2	2	0	1	0	0	0	0	0	0	0	0	1	0	0	9
-46	0	0	0	0	0	0	0	0	1	0	0	0	0	0	0	0	0	0	0	0	0	0	1
-45	0	0	0	0	1	0	0	1	0	0	0	0	0	0	1	0	0	0	0	0	0	1	3
-43	0	1	0	0	0	0	0	0	0	0	0	0	0	0	0	0	2	0	0	0	1	0	3
-42	0	0	0	1	0	0	0	0	1	2	0	0	0	0	0	0	0	0	0	1	0	0	5
-41	0	0	0	0	0	0	0	0	0	0	0	0	0	2	0	0	0	0	0	0	0	0	2
-40	0	0	0	0	0	0	0	0	0	0	0	0	0	0	0	0	0	1	0	0	0	0	1
-38	0	0	0	0	0	0	0	0	0	0	0	0	0	0	0	0	0	1	1	0	1	0	2
-37	0	0	0	0	0	0	0	0	0	1	0	0	0	0	0	0	0	0	0	0	0	0	1
-36	0	0	0	0	0	0	0	1	0	1	0	0	0	0	0	0	3	0	0	0	1	0	5
-35	0	0	0	0	0	0	0	0	0	1	0	0	1	0	0	0	4	0	0	1	0	0	7
-34	0	0	0	0	0	0	0	2	0	1	0	0	0	0	0	0	1	0	0	0	0	0	4
-32	0	0	0	0	0	0	0	0	0	0	0	0	0	1	0	0	0	0	0	0	0	0	1
-31	0	0	0	0	0	0	0	0	0	0	0	0	1	0	0	0	0	0	0	0	0	0	1
-30	0	0	0	0	0	0	0	0	0	1	3	0	0	0	0	0	0	1	0	0	3	0	5
-29	0	0	0	2	0	0	0	0	1	0	2	0	0	0	0	0	0	0	0	0	2	1	5
-28	0	0	0	1	0	0	0	0	0	0	0	0	0	0	0	0	0	0	0	0	0	0	1
-27	0	0	0	0	0	0	0	0	0	0	0	2	0	0	0	0	2	0	0	0	0	0	4
-26	0	0	0	0	0	0	0	0	0	0	0	0	0	1	0	0	0	0	0	0	0	0	1
-25	0	0	0	7	1	0	0	0	0	0	0	0	0	0	0	0	0	0	0	0	0	0	8
-24	0	0	0	1	0	0	0	0	0	0	0	0	0	0	0	0	0	0	0	0	1	0	1
-22	0	0	0	0	0	0	0	0	0	0	0	0	0	0	0	0	4	0	0	0	0	0	4
-21	0	0	0	0	0	0	0	0	0	0	0	0	0	0	0	0	1	0	0	0	0	0	1
-20	0	0	0	0	0	0	0	0	0	0	0	0	0	0	0	0	2	0	0	1	1	0	3
-19	0	0	0	0	0	0	0	1	0	0	0	0	0	3	0	2	0	0	0	0	3	0	6
-18	0	1	50	58	7	0	4	9	0	15	2	3	10	49	0	17	39	8	3	6	82	0	281
-17	0	32	29	6	0	0	7	14	7	20	2	38	12	112	1	14	26	7	3	2	152	1	332
-16	0	6	8	6	0	0	3	0	1	1	0	5	1	26	1	1	6	3	0	1	29	0	69
-15	0	0	1	0	0	0	0	1	1	0	0	1	0	5	0	0	0	0	0	1	5	0	10
-14	0	0	0	0	0	0	0	0	0	0	0	0	0	0	0	0	1	0	0	0	0	0	1
-13	0	0	0	0	0	0	0	0	0	0	0	0	0	1	0	1	1	0	0	0	1	0	3
-12	0	0	0	0	0	0	0	0	0	1	0	0	0	0	0	0	0	0	0	0	0	0	1
-9	2	1	0	0	1	0	0	0	1	1	0	0	0	1	0	0	0	0	0	0	1	1	7
-8	0	0	2	0	0	0	0	0	0	0	0	0	1	0	0	0	0	0	0	0	0	0	3
-6	0	0	0	0	0	0	0	1	0	0	0	0	0	0	0	0	0	0	0	0	1	0	1
-5	0	0	0	0	0	0	0	0	0	0	0	0	0	0	0	0	0	1	0	0	0	0	1
-4	0	0	0	0	0	0	0	1	0	0	0	1	1	0	1	0	0	0	0	0	0	1	4
-3	3	0	0	0	0	0	1	1	1	0	1	0	0	0	0	0	0	0	0	0	2	1	7
-2	22	3	6	16	2	0	7	17	3	32	439	14	6	11	2	11	6	17	13	6	485	3	633
-1	13	3	7	14	11	0	3	21	8	23	52	8	3	14	7	20	13	17	1	3	144	9	241
1	537	48	241	356	158	343	161	422	269	593	125	368	270	312	60	288	302	531	43	171	1426	135	5598
2	59	9	38	33	21	44	17	61	22	75	17	56	39	26	2	32	47	46	3	19	115	3	666
3	1	0	1	0	1	2	3	1	1	5	3	1	4	1	0	0	3	2	0	0	3	0	29
4	0	0	0	0	0	1	0	2	0	0	0	0	1	0	0	0	2	1	4	0	0	0	11
5	0	0	0	3	0	0	0	0	0	1	0	0	0	2	0	0	0	0	4	0	2	0	10
6	0	0	0	0	0	0	0	0	0	0	0	0	0	1	0	0	0	0	0	0	1	0	1
8	1	0	0	1	0	0	0	0	0	0	0	0	0	0	0	0	0	0	0	0	0	0	2
9	0	0	1	0	0	0	0	0	0	0	0	0	0	0	0	0	0	0	0	0	0	0	1
10	0	0	0	0	0	0	0	0	0	0	0	0	0	0	1	0	0	0	0	0	0	1	1
11	0	0	0	1	0	0	0	0	0	0	0	0	0	0	0	0	0	0	0	0	0	0	1
12	1	0	0	0	1	0	0	1	0	0	0	0	1	0	1	1	0	0	2	0	2	1	8
13	0	0	0	1	0	0	0	0	0	0	0	0	0	0	0	0	1	0	0	0	0	0	2
14	0	0	0	1	0	0	0	0	4	2	0	1	0	1	0	0	0	0	0	0	1	0	9
15	1	0	0	2	0	2	0	0	2	1	1	0	0	0	0	1	2	0	1	0	6	0	13
16	46	8	22	47	3	66	12	11	7	21	1025	22	43	18	12	31	27	21	77	4	413	10	1523
17	11	2	4	12	3	27	5	3	2	10	128	11	9	7	0	9	6	8	19	4	90	1	280
18	2	1	1	0	0	1	0	1	1	1	15	0	2	2	1	3	2	4	3	1	16	1	41
19	0	0	0	0	0	0	0	0	1	3	0	0	0	1	0	0	0	0	0	0	1	0	5
20	0	0	0	0	0	0	0	0	0	1	0	0	0	0	0	0	0	0	0	0	0	0	1
22	54	18	68	53	18	69	6	35	1	38	22	45	44	31	0	39	46	50	1	6	14	3	644
23	17	2	10	10	0	16	1	6	2	13	3	13	13	4	0	12	7	10	0	4	0	0	143
24	2	0	4	16	0	6	0	0	1	2	0	2	3	0	0	1	1	4	0	2	0	0	44
25	0	0	1	0	0	1	0	0	0	0	0	0	1	0	1	0	2	1	0	0	0	0	7
26	0	0	0	0	0	1	0	0	0	0	0	0	0	0	0	0	0	0	0	0	0	0	1
28	0	0	0	0	0	0	0	0	3	0	2	1	0	0	0	1	0	0	0	0	4	0	7
29	0	0	0	0	0	0	0	1	0	0	0	0	0	0	3	0	0	0	0	0	1	3	4
30	0	0	0	0	0	0	0	0	0	0	0	0	0	0	1	0	0	1	0	0	2	0	2
31	0	0	0	0	0	0	0	0	0	0	0	0	0	0	0	0	0	0	1	0	0	0	1
32	0	0	1	5	1	2	0	0	0	0	1	0	2	0	0	5	2	2	64	0	32	0	85
33	1	0	0	2	0	0	0	3	0	2	2	1	0	0	0	1	2	2	21	0	16	0	37
34	0	0	0	0	0	0	1	0	0	0	0	0	0	0	0	0	0	0	0	0	0	0	1
35	1	0	0	0	0	1	1	0	0	0	0	0	0	0	0	1	0	0	0	0	0	0	4
38	15	0	10	12	8	17	1	16	0	14	1	5	14	3	1	13	8	11	0	7	2	0	156
39	15	0	5	6	0	2	0	8	0	0	1	2	7	1	0	1	3	9	0	2	0	0	62
40	0	0	0	0	0	0	0	1	0	1	0	0	0	1	0	1	0	0	0	0	2	0	4
41	0	0	0	0	0	0	0	0	0	0	1	0	0	0	0	1	0	0	0	0	2	0	2
42	9	0	0	2	0	0	0	2	0	1	2	1	0	0	0	26	4	1	0	0	41	0	48
43	0	0	1	0	0	0	0	0	0	0	0	1	0	0	0	2	0	0	0	0	2	0	4
45	1	0	0	0	0	1	0	0	0	0	0	0	0	0	0	1	0	0	0	0	1	0	3
47	1	0	0	0	0	0	0	0	0	0	0	0	0	0	0	0	1	0	0	0	0	0	2
48	0	0	0	0	0	1	0	0	0	0	0	0	0	0	0	0	0	0	1	0	0	0	2
53	1	0	2	0	0	0	0	2	0	0	0	0	0	0	0	1	0	0	0	0	1	0	6
54	0	0	1	0	0	1	0	0	0	3	0	0	0	1	0	0	0	0	0	0	0	0	6
55	0	0	0	0	0	0	0	0	1	0	6	0	0	0	0	0	0	0	0	0	6	0	7
56	0	0	0	1	0	0	0	0	0	0	0	0	0	0	0	0	0	0	0	0	1	0	1
57	10	0	0	3	0	18	1	5	2	4	0	0	0	0	2	1	2	12	0	0	54	0	60
58	2	0	0	0	0	1	1	0	1	3	0	0	1	0	1	0	0	4	0	0	11	0	14
59	1	0	0	0	0	0	0	0	0	0	0	1	0	0	0	0	0	1	0	0	0	0	3
60	0	0	0	0	1	0	2	0	0	0	0	0	0	0	0	1	0	0	3	0	3	0	7
61	0	0	0	0	0	0	0	0	0	0	0	0	0	0	0	0	0	0	1	0	1	0	1
62	1	0	1	0	0	0	0	0	0	0	0	0	0	0	0	0	0	0	0	0	1	0	2
64	0	0	0	0	0	0	0	0	0	1	0	0	0	0	0	3	0	0	0	0	3	0	4
65	0	0	1	0	0	0	0	0	0	0	0	0	0	0	0	0	0	0	0	0	0	0	1
66	0	0	0	0	0	0	1	1	0	0	0	0	0	1	0	0	0	0	0	0	1	0	3
70	0	0	0	0	0	0	0	0	0	0	0	0	0	0	0	0	0	1	0	0	0	0	1
72	0	0	0	0	0	2	0	0	0	0	0	0	0	0	0	0	0	0	0	0	0	0	2
74	0	0	0	0	0	0	0	0	0	0	0	0	1	0	0	0	0	0	0	0	0	0	1
75	0	0	0	0	0	0	0	0	0	0	0	0	0	0	0	0	0	0	0	2	0	0	2
77	1	0	0	0	0	0	0	0	0	0	0	0	0	0	0	0	0	0	0	0	0	0	1
79	0	0	0	0	1	0	0	0	0	0	0	0	0	0	0	0	0	0	0	0	1	0	1
80	0	0	0	0	0	0	0	0	0	0	0	0	0	0	0	1	0	0	0	0	0	0	1
81	0	0	0	0	0	0	0	0	0	0	0	0	1	0	0	0	0	0	0	0	0	0	1
84	0	0	0	0	0	0	0	0	0	2	0	0	0	0	0	0	0	0	0	0	0	0	2
88	0	0	0	0	0	0	0	0	0	0	0	0	1	0	0	0	0	0	0	0	1	0	1
89	0	0	0	0	0	0	0	0	0	0	0	0	0	0	0	1	0	0	0	0	1	0	1
92	0	0	0	0	0	0	0	0	0	1	0	0	0	0	0	0	0	0	1	0	0	0	2
94	0	0	0	0	0	0	0	1	0	0	0	0	0	0	0	0	0	0	0	0	0	0	1
95	0	0	1	0	0	0	0	0	0	0	0	0	0	0	0	0	0	0	0	0	0	0	1
96	0	0	0	0	0	0	0	0	0	0	0	0	0	0	1	0	0	0	0	0	0	0	1
97	0	0	0	0	0	0	0	0	0	1	0	0	0	0	0	0	0	0	0	0	1	0	1
100	0	0	0	0	0	0	0	0	0	0	0	0	0	0	0	0	0	0	0	1	0	0	1
101	0	0	0	0	0	0	0	0	0	0	0	1	2	0	0	0	0	0	0	0	0	0	3
102	1	0	0	0	0	0	0	0	0	0	0	0	1	0	0	0	1	0	0	0	1	0	3
103	1	0	0	0	0	0	0	0	0	0	0	0	0	0	0	0	0	0	0	0	0	0	1
105	0	0	0	0	0	0	0	0	0	0	0	0	1	2	0	1	0	0	0	0	0	0	4
108	0	0	0	0	0	1	0	0	0	0	0	0	0	0	0	0	0	0	0	0	0	0	1
109	0	0	0	0	0	0	0	0	0	0	0	0	0	0	0	1	0	0	0	0	1	0	1
111	0	0	0	0	0	0	0	0	0	0	0	0	0	0	0	2	0	0	0	0	0	0	2
112	0	0	1	1	0	0	0	0	0	0	0	0	0	0	0	0	0	0	0	0	0	1	2
114	0	0	0	0	0	0	0	0	0	1	0	0	0	0	0	0	0	0	0	0	0	0	1
115	0	0	0	0	0	0	0	0	0	0	0	0	0	0	0	0	0	0	1	0	1	0	1
116	0	0	0	0	0	0	0	0	0	0	0	0	1	0	0	0	1	0	0	0	0	0	2
117	0	0	0	0	0	0	0	0	0	0	1	0	0	0	0	0	0	0	0	0	1	0	1
119	0	0	0	0	0	0	0	0	0	0	0	0	0	0	0	0	0	1	0	0	0	0	1
123	0	0	0	0	0	0	0	0	0	0	0	0	0	0	1	0	0	0	0	0	0	0	1
127	0	0	0	0	0	0	0	0	0	2	0	0	0	0	0	0	0	0	0	0	0	0	2
128	2	0	0	0	3	1	0	0	1	2	0	2	1	0	0	0	0	0	0	0	5	1	12
129	0	0	0	21	1	2	0	0	0	0	0	0	1	0	2	4	0	1	0	0	1	21	32
130	0	0	0	9	1	0	0	0	0	0	0	0	0	0	0	1	0	0	0	0	1	9	11
131	0	0	0	0	0	0	0	0	1	0	0	0	0	0	0	0	0	0	0	0	0	0	1
133	0	0	0	1	0	0	0	0	0	0	0	0	0	0	0	0	0	0	0	0	0	0	1
144	0	0	0	0	0	0	0	0	0	0	1	0	0	0	0	2	1	0	0	0	1	0	4
147	0	0	0	0	1	0	0	1	1	0	0	2	0	0	0	0	0	0	0	0	4	0	5
148	0	0	0	0	0	0	0	0	0	0	0	1	0	0	0	0	0	0	0	0	0	0	1
150	1	0	0	0	0	0	0	0	0	0	0	0	0	0	0	0	0	0	0	0	0	0	1
151	0	0	0	1	0	0	0	0	0	0	0	0	0	0	0	6	0	0	0	0	0	0	7
156	8	0	0	1	0	6	0	2	2	7	3	0	0	1	0	6	2	5	0	1	13	2	44
157	10	0	0	1	0	0	0	1	1	2	0	0	0	0	0	0	0	0	0	1	0	1	16
162	0	0	0	0	0	0	0	0	0	1	0	0	0	0	0	0	0	0	0	0	1	0	1
167	1	0	1	1	0	0	0	0	0	0	0	0	0	0	0	5	0	0	0	0	0	0	8
169	0	0	0	0	0	0	0	0	1	1	0	0	0	0	0	0	0	0	0	0	1	0	2
171	0	0	0	0	0	0	0	0	0	1	0	0	0	0	0	0	0	0	0	0	0	0	1
172	1	0	0	0	0	0	0	1	0	0	0	0	0	0	0	0	0	0	0	0	0	0	2
176	0	0	0	0	0	0	0	0	0	1	0	0	0	0	0	0	0	0	0	0	1	0	1
181	0	0	0	0	0	0	0	1	0	0	0	0	0	0	1	0	0	1	0	0	1	0	3
183	0	0	0	1	0	0	0	0	0	0	0	0	0	0	0	0	0	0	0	0	0	0	1
184	1	0	0	0	0	0	0	0	0	0	0	0	0	0	0	0	1	0	0	0	1	0	2
185	0	0	0	0	0	1	0	0	0	0	0	0	0	0	0	0	0	0	0	0	0	0	1
187	0	0	0	0	0	0	0	0	0	0	0	1	0	0	0	1	0	0	0	0	0	0	2
189	0	0	0	1	0	0	0	0	1	0	0	0	0	0	0	0	0	0	0	0	0	0	2
191	0	0	1	0	0	0	0	0	0	0	0	0	0	0	0	0	0	0	0	0	0	0	1
193	0	0	1	0	0	0	0	0	0	0	0	0	0	0	0	0	0	0	0	0	0	0	1
197	0	0	0	0	0	0	0	0	1	0	0	0	0	0	0	0	0	0	0	0	0	0	1
