 	A	C	D	E	F	G	H	I	K	L	M	N	P	Q	R	S	T	V	W	Y	Nterm	Cterm	Sum
-123	0	0	0	0	0	0	0	0	0	0	0	0	0	0	0	0	0	0	1	0	0	0	1
-117	0	0	0	0	0	0	0	0	0	0	0	0	0	0	0	0	0	0	1	0	0	0	1
-102	0	0	0	0	0	0	0	0	0	0	0	0	0	0	0	0	0	0	0	2	0	0	2
-98	0	0	0	0	0	0	0	0	0	0	0	0	0	0	1	0	0	0	0	0	0	0	1
-91	0	0	0	0	0	0	0	0	0	0	0	0	0	0	1	0	0	0	0	0	0	1	1
-90	0	0	0	0	0	0	0	0	0	0	0	0	0	0	1	0	0	0	0	0	0	0	1
-88	0	0	0	0	1	0	0	0	0	0	0	0	0	0	0	0	0	0	0	0	0	0	1
-87	0	0	0	0	1	0	0	0	0	0	0	0	0	0	0	0	0	0	0	0	0	0	1
-85	0	0	0	0	1	0	0	0	0	0	0	0	0	0	4	0	0	0	0	0	0	0	5
-84	0	0	0	0	3	0	0	0	0	0	0	0	0	0	0	0	0	0	0	0	0	0	3
-83	0	0	0	0	0	0	0	0	0	0	0	0	0	0	2	0	0	0	0	0	0	0	2
-81	0	0	0	0	1	0	0	0	0	0	0	0	0	0	0	0	0	0	0	0	0	0	1
-75	0	0	0	0	0	0	0	0	0	0	0	0	0	0	1	0	0	0	0	0	0	1	1
-74	0	0	0	0	1	0	0	0	0	0	1	0	0	0	1	0	0	0	0	0	0	1	3
-73	0	0	0	0	0	0	0	0	0	0	0	0	0	0	1	0	0	0	0	0	0	0	1
-71	0	0	0	0	0	0	0	0	0	0	0	0	0	0	0	0	0	0	1	0	0	0	1
-70	0	1	0	0	0	0	0	0	0	0	0	0	0	0	0	0	0	0	0	0	0	0	1
-67	0	0	0	0	0	0	0	0	0	0	1	0	0	0	1	0	0	0	0	0	0	0	2
-65	0	0	0	0	0	0	0	0	0	0	1	0	0	0	0	0	0	0	0	0	1	0	1
-63	0	0	0	0	0	0	0	0	1	0	0	0	0	0	0	0	0	0	0	0	0	1	1
-61	0	0	0	0	0	0	6	0	0	0	0	0	0	1	0	0	0	0	0	0	1	0	7
-59	0	0	0	0	0	0	0	0	1	0	0	0	0	0	0	0	0	0	0	0	0	0	1
-57	0	190	5	4	2	0	1	0	0	0	2	1	0	1	2	0	0	0	0	5	0	1	213
-56	0	20	1	3	2	0	0	2	0	5	1	0	0	4	0	0	0	0	0	2	1	0	40
-55	0	3	0	0	2	0	0	0	0	1	0	0	0	0	0	0	0	0	0	0	0	0	6
-54	0	0	0	0	0	0	0	1	0	0	0	0	0	0	0	0	0	0	0	0	0	0	1
-52	0	0	0	0	0	0	0	0	0	1	0	0	0	0	0	0	0	0	0	0	0	0	1
-51	0	0	2	0	0	0	0	0	0	0	0	0	0	0	2	0	0	0	0	0	0	0	4
-50	0	0	1	0	1	0	0	1	0	0	0	0	0	0	0	0	0	0	0	0	1	0	3
-49	0	0	0	0	0	0	0	0	0	0	0	0	0	0	1	0	0	0	0	0	0	0	1
-48	0	0	0	0	0	0	0	0	1	0	0	0	0	0	0	0	0	0	0	0	0	0	1
-47	0	0	0	0	0	0	0	1	2	0	0	2	0	0	0	0	0	0	0	0	0	2	5
-46	0	0	0	0	0	0	0	0	0	0	0	0	0	0	0	0	0	0	0	2	2	0	2
-45	0	9	0	0	0	0	0	1	1	1	0	1	0	0	1	0	0	0	0	0	9	1	14
-44	0	1	0	0	0	0	0	0	1	0	0	1	0	0	0	0	0	0	0	0	1	1	3
-43	0	0	0	0	0	0	0	0	0	0	0	1	0	0	0	0	0	0	0	0	0	0	1
-42	0	0	0	0	0	0	0	1	0	1	0	0	0	0	1	0	0	0	0	0	0	0	3
-41	0	0	0	0	0	0	0	0	0	2	0	0	0	0	0	0	0	0	0	0	0	0	2
-40	0	0	0	0	0	0	0	0	0	1	0	0	1	0	0	0	0	0	0	0	0	0	2
-39	0	0	2	0	0	0	0	0	0	1	0	0	0	2	0	0	0	0	0	0	0	0	5
-38	0	0	0	0	0	0	2	1	0	1	0	0	0	0	0	0	0	0	0	0	0	0	4
-37	0	0	0	0	0	0	0	0	0	0	0	0	0	0	0	0	0	1	0	0	0	0	1
-36	0	0	0	0	0	0	0	0	0	0	0	0	1	0	0	0	1	0	0	0	0	0	2
-35	0	4	0	0	0	0	0	1	0	0	0	0	0	1	0	0	0	1	0	0	0	0	7
-34	0	0	0	0	0	0	0	1	0	0	0	3	1	0	0	0	0	0	0	0	3	0	5
-29	0	0	0	0	0	0	0	0	1	0	0	0	0	0	0	1	0	0	0	0	1	1	2
-27	0	1	0	0	0	0	0	1	0	0	0	0	0	0	1	0	0	0	0	0	2	0	3
-26	0	0	0	0	0	0	0	0	0	0	0	0	0	0	0	0	2	0	0	0	0	0	2
-25	0	0	0	0	0	0	0	0	0	0	1	0	0	0	1	0	0	0	0	0	0	0	2
-24	0	0	0	0	0	0	0	0	0	0	0	0	0	1	0	0	0	0	0	0	0	0	1
-23	0	0	0	0	0	0	0	0	0	0	0	0	0	0	0	0	0	0	1	0	0	0	1
-22	0	0	0	0	0	0	0	0	0	0	0	0	0	0	0	0	1	0	0	1	0	0	2
-19	0	0	0	1	0	0	0	2	0	0	0	0	0	3	0	0	0	1	0	0	4	0	7
-18	0	0	82	57	4	0	0	10	1	32	7	2	8	69	1	21	46	7	1	3	115	1	351
-17	0	48	30	19	7	0	6	17	9	25	4	55	19	220	0	13	32	10	12	10	266	1	536
-16	0	2	5	4	0	0	2	2	1	3	1	9	1	24	1	2	4	1	0	0	29	1	62
-15	0	2	1	0	1	0	0	2	0	0	0	3	1	4	0	2	2	2	0	0	7	0	20
-14	0	1	0	1	0	0	0	0	2	1	0	1	0	1	0	0	0	0	0	0	0	0	7
-12	0	0	0	0	2	0	0	0	1	0	1	0	0	0	0	0	0	0	0	0	1	0	4
-11	0	0	0	0	0	0	0	0	0	0	0	0	1	0	0	0	1	0	0	0	0	0	2
-10	0	0	1	0	0	0	1	0	0	0	0	0	0	0	0	0	1	0	0	0	1	0	3
-9	1	3	0	0	1	0	0	0	0	0	0	0	1	0	0	0	0	0	0	0	0	0	6
-8	0	0	0	0	1	0	0	0	0	0	0	0	0	0	0	0	0	0	0	0	0	0	1
-7	0	0	0	0	0	0	0	0	0	0	0	0	0	1	0	0	0	0	1	0	0	0	2
-5	0	0	0	0	0	0	0	0	0	1	0	0	0	0	0	0	0	0	0	0	0	0	1
-4	0	0	0	0	0	0	0	1	0	0	1	0	0	0	1	1	0	0	0	0	1	0	4
-3	0	0	0	1	0	0	0	0	0	2	1	0	1	1	0	0	1	0	0	0	3	0	7
-2	5	8	0	14	4	0	2	5	1	4	1	2	1	3	1	5	5	19	1	0	32	3	81
-1	23	3	7	10	11	0	2	24	8	23	7	7	2	11	5	15	14	14	2	6	98	10	194
1	458	37	252	316	125	384	116	367	169	450	128	360	279	303	48	216	276	450	43	126	852	72	4903
2	51	8	32	56	14	52	12	53	13	36	21	48	45	35	4	26	45	70	9	20	73	3	650
3	3	3	4	0	0	3	1	2	0	3	1	1	3	2	1	4	2	3	0	2	3	0	38
4	1	0	0	1	0	1	0	1	0	0	0	0	0	0	0	0	1	0	0	0	2	0	5
5	0	4	0	2	0	0	0	2	0	0	0	0	0	5	0	0	0	0	0	0	9	0	13
6	0	0	0	0	0	0	0	0	0	0	0	0	0	0	0	0	0	0	1	0	0	0	1
9	0	0	0	1	0	0	0	0	0	0	0	1	1	0	0	0	0	1	0	0	2	0	4
11	0	0	0	0	0	0	0	0	0	0	0	0	0	1	0	0	0	0	0	0	0	0	1
12	0	0	1	0	0	1	0	0	0	2	1	2	0	1	0	2	1	0	39	0	42	0	50
13	0	0	0	1	1	0	0	0	0	0	0	0	0	0	0	0	0	0	2	0	2	0	4
14	3	0	1	2	0	1	1	1	6	10	0	0	2	1	0	1	0	0	0	0	7	0	29
15	0	0	0	0	0	0	0	0	5	0	0	0	0	0	0	0	0	1	0	0	0	0	6
16	52	1	33	54	4	38	30	27	4	36	722	17	47	11	6	57	28	49	17	6	268	14	1239
17	9	0	5	8	6	7	11	1	1	13	82	6	9	4	1	1	11	13	12	3	51	1	203
18	0	0	0	1	0	1	0	0	0	4	2	1	0	1	1	1	2	2	0	0	5	1	16
19	0	0	0	0	0	0	0	0	2	0	0	0	1	0	3	0	0	0	0	0	0	0	6
21	1	0	1	0	0	0	0	0	0	0	0	0	0	0	0	0	0	0	0	0	0	0	2
22	95	17	95	81	23	125	1	42	0	67	16	57	82	58	0	63	60	56	6	21	10	2	965
23	32	6	18	14	6	53	0	11	0	25	2	17	20	16	0	16	35	12	1	6	1	0	290
24	6	1	13	9	2	13	0	3	1	11	2	6	3	2	5	7	12	4	0	5	1	6	105
25	6	0	0	1	1	1	0	4	1	7	3	1	0	0	0	1	1	1	0	1	3	0	29
26	0	0	0	0	0	0	0	0	0	1	0	0	0	0	0	0	0	0	0	0	0	0	1
28	0	0	0	1	0	0	0	0	0	1	2	1	3	0	0	0	0	0	1	0	3	0	9
29	0	0	0	0	0	0	0	0	0	1	0	0	0	1	0	1	0	0	0	0	0	0	3
30	1	0	0	0	0	0	0	0	0	0	0	0	0	0	1	0	0	0	0	0	1	0	2
31	0	0	0	0	0	0	0	0	0	0	0	1	0	0	0	0	0	0	0	0	0	0	1
32	0	0	0	1	0	0	0	0	0	0	2	1	0	2	0	0	0	5	1	0	0	0	12
33	0	0	0	0	0	0	1	2	1	0	0	0	0	0	0	1	0	0	1	0	1	0	6
34	0	0	0	0	0	0	3	0	0	1	0	1	0	1	0	0	0	1	0	0	1	0	7
35	0	0	0	0	0	0	2	0	0	0	0	0	0	0	0	0	0	0	0	0	2	0	2
38	40	2	28	19	10	26	0	29	0	28	8	12	38	15	0	18	18	14	1	5	5	0	311
39	11	0	5	6	0	8	0	3	0	5	1	3	6	2	0	3	4	5	1	2	2	0	65
40	0	0	0	2	0	1	0	0	0	0	1	3	0	0	0	0	1	0	0	0	2	0	8
41	0	0	0	0	0	0	0	0	0	0	0	0	0	0	0	2	0	0	0	0	2	0	2
42	11	0	3	0	0	0	0	1	5	2	10	4	1	4	0	60	10	1	0	0	88	0	112
43	0	0	0	1	0	0	0	0	0	0	1	1	0	2	0	8	3	0	0	0	9	0	16
45	0	0	0	0	0	1	0	0	0	0	0	0	0	0	0	1	0	0	0	0	0	0	2
49	0	0	0	0	0	0	0	0	0	1	0	0	0	0	0	0	0	0	0	0	0	0	1
50	1	0	0	0	0	0	0	0	0	0	0	0	0	1	0	0	0	0	0	0	0	0	2
51	0	0	2	0	0	0	0	0	0	0	0	0	0	0	0	0	0	0	0	0	0	0	2
52	0	0	0	0	2	0	0	0	0	0	0	0	0	0	0	0	0	0	0	0	0	0	2
53	0	0	1	0	0	2	0	0	0	0	0	0	1	0	0	0	0	0	0	1	0	0	5
54	1	0	1	0	0	1	0	0	0	0	0	0	1	0	0	1	1	0	0	0	0	0	6
55	0	0	1	0	0	0	0	0	0	0	0	0	0	0	0	0	0	0	0	0	0	0	1
56	0	0	0	0	0	0	0	0	1	0	0	1	0	0	0	0	0	0	0	0	1	1	2
58	0	0	0	0	0	1	0	0	0	0	0	0	0	0	0	0	0	0	0	0	0	0	1
59	1	0	0	1	0	0	0	0	0	0	0	0	0	0	0	1	1	0	0	0	1	0	4
60	1	0	0	0	0	0	0	0	0	0	0	1	0	0	0	0	0	0	0	0	1	0	2
62	0	0	0	0	0	0	1	0	0	0	0	0	0	0	0	0	1	0	0	0	1	0	2
63	0	0	0	0	2	0	0	1	0	0	0	0	0	0	0	1	0	0	0	0	3	0	4
64	1	0	0	0	0	0	0	1	0	1	0	0	0	1	0	2	0	0	0	0	2	0	6
65	0	0	0	0	0	0	0	0	0	0	0	1	0	0	0	0	1	0	0	0	0	0	2
66	1	0	1	0	0	0	0	0	0	0	0	0	0	0	0	0	0	0	0	0	0	0	2
67	0	0	0	0	0	0	0	0	0	1	0	0	0	0	0	0	0	0	0	0	1	0	1
69	0	0	0	2	0	0	0	0	0	0	0	0	0	0	0	0	0	0	0	0	0	0	2
70	0	0	0	0	0	0	0	0	0	0	0	0	0	0	0	0	2	0	0	0	1	0	2
71	0	0	0	0	0	0	0	0	0	1	0	0	0	0	0	0	0	0	0	0	0	0	1
72	0	0	1	0	0	2	0	0	0	0	0	0	0	0	0	0	0	1	0	0	1	0	4
77	0	0	0	1	0	2	0	0	0	2	0	0	0	0	0	0	1	0	0	0	0	0	6
79	0	0	0	0	0	0	0	0	0	1	0	0	0	0	0	0	0	0	0	0	0	0	1
80	0	0	1	0	0	0	2	0	0	0	0	0	1	0	0	1	0	0	0	0	0	0	5
81	0	0	0	0	0	0	0	0	1	0	0	0	0	0	0	0	0	0	0	0	0	0	1
84	0	0	0	0	0	0	0	0	1	1	0	0	0	0	0	0	0	0	0	0	0	1	2
86	0	0	1	1	0	0	0	0	1	0	0	0	0	0	0	0	0	0	0	0	2	0	3
92	0	0	0	0	0	0	0	0	0	0	0	1	0	0	0	0	0	0	0	0	1	0	1
93	0	0	0	0	0	0	0	0	0	0	0	0	0	0	0	1	0	0	0	0	0	0	1
94	0	0	0	0	0	0	0	0	0	0	0	1	0	0	0	0	0	0	0	0	0	0	1
95	0	0	0	0	0	0	0	0	0	0	0	0	0	0	0	0	0	1	0	0	0	0	1
96	0	0	0	0	0	0	0	0	0	0	0	0	0	0	0	0	0	1	0	0	0	0	1
97	0	0	1	0	0	0	0	0	0	0	0	0	0	0	0	0	0	0	0	0	0	0	1
98	0	0	0	0	0	0	0	0	0	0	0	0	0	1	1	0	0	0	0	0	1	0	2
99	0	0	0	0	0	0	0	0	0	0	0	0	0	0	0	0	1	0	0	0	0	0	1
100	0	0	0	0	0	0	0	0	2	0	1	0	1	0	0	0	0	0	0	0	2	0	4
101	0	0	0	0	0	0	0	0	0	0	0	0	0	0	0	0	0	0	1	0	0	0	1
105	0	0	0	0	0	1	0	0	0	0	0	0	0	0	0	0	0	0	0	0	0	0	1
106	0	0	0	0	0	0	0	0	0	0	0	0	0	0	0	0	1	0	0	0	0	0	1
108	0	0	0	0	0	0	0	0	0	0	0	0	0	2	0	1	0	0	0	0	0	0	3
109	0	0	0	0	0	1	0	0	0	0	0	0	0	0	0	0	0	0	0	0	0	0	1
114	2	0	0	0	0	0	0	0	0	0	0	0	0	0	1	0	0	0	0	0	1	0	3
115	0	0	0	2	0	0	0	0	0	0	0	0	0	0	0	0	0	0	0	0	0	2	2
117	0	0	0	0	0	0	0	0	1	0	0	0	0	0	0	0	0	0	0	0	1	0	1
121	0	0	0	1	0	0	0	0	0	0	0	0	0	0	0	0	0	0	0	0	0	0	1
127	0	0	0	0	0	0	0	0	0	0	0	0	0	0	0	0	1	0	0	0	0	0	1
128	5	0	0	0	0	2	0	2	1	2	1	2	3	0	2	1	0	2	0	1	4	3	24
129	0	0	0	9	0	0	0	0	0	0	0	0	1	0	0	1	0	0	0	0	0	9	11
130	0	0	1	1	1	0	0	0	0	0	0	0	0	0	0	0	0	0	0	0	1	1	3
131	0	0	0	0	0	0	0	0	0	1	0	0	0	0	0	0	0	0	0	0	0	0	1
132	0	0	0	1	0	0	0	0	0	0	0	0	0	0	0	0	0	0	0	0	0	0	1
144	0	0	0	0	0	0	0	0	0	0	0	0	0	0	0	0	1	0	0	0	1	0	1
147	0	0	0	0	1	0	0	1	0	0	0	0	0	0	0	0	0	1	0	0	1	0	3
151	1	0	0	1	0	0	0	0	0	0	0	0	0	0	0	0	0	0	0	0	1	0	2
152	5	58	3	4	4	1	0	1	0	4	0	0	0	0	0	3	0	2	0	1	21	0	86
153	0	6	0	0	1	1	0	0	0	2	0	0	0	0	0	3	0	0	0	0	7	0	13
156	7	0	1	2	0	2	0	3	3	3	3	0	1	0	0	2	1	2	0	3	10	3	33
157	3	0	2	3	0	1	0	1	1	1	0	0	0	1	0	1	0	0	0	0	0	1	14
160	0	0	0	0	0	0	0	0	0	2	0	0	0	0	0	0	0	0	0	0	0	0	2
161	0	0	0	0	0	0	0	0	0	0	0	0	0	0	0	0	0	0	1	0	0	0	1
164	0	0	0	0	0	0	0	0	0	0	0	0	0	0	0	1	0	0	0	0	0	0	1
167	0	0	0	2	0	0	0	0	0	0	0	0	0	0	0	0	0	0	0	0	0	1	2
168	1	0	0	0	0	0	0	0	0	0	0	0	0	0	0	0	0	0	0	0	0	0	1
171	0	0	0	0	0	0	0	0	0	0	0	0	0	0	1	0	0	0	0	0	0	0	1
172	0	0	0	0	0	0	0	0	0	0	2	0	0	0	0	0	0	0	0	0	2	0	2
173	0	0	0	0	1	0	0	0	0	0	0	0	0	0	0	0	1	0	0	0	1	0	2
176	0	0	1	0	0	0	0	0	0	0	0	0	0	0	0	0	0	0	0	0	1	0	1
178	0	0	1	0	0	0	0	0	0	0	0	0	0	0	0	0	0	0	0	0	0	0	1
179	0	0	0	0	0	0	1	0	0	0	0	0	0	0	0	0	0	0	0	0	0	0	1
181	0	0	0	0	0	0	0	1	1	0	0	0	0	0	0	0	0	0	0	0	1	0	2
182	0	0	0	0	0	0	0	0	0	1	0	0	0	0	0	0	0	0	0	0	1	0	1
184	1	0	0	1	0	0	0	0	0	0	0	0	0	0	0	0	0	0	0	0	2	0	2
185	1	0	0	0	0	0	0	0	0	0	0	0	0	0	0	0	1	0	0	0	0	0	2
186	1	0	0	0	0	0	0	0	0	0	0	0	0	0	0	0	0	0	0	0	0	0	1
188	0	0	0	0	0	1	0	0	0	0	0	0	0	0	0	0	0	0	0	0	0	0	1
189	0	0	2	2	0	1	0	0	1	1	0	0	0	0	0	0	0	0	0	0	1	0	7
191	0	0	0	0	0	0	0	0	1	0	0	0	0	0	0	0	0	0	0	0	0	0	1
194	0	0	0	0	0	0	0	0	1	0	0	0	0	0	0	0	0	0	0	0	0	1	1
195	1	0	0	0	0	0	0	1	0	0	0	0	0	0	0	0	0	0	0	0	0	0	2
196	0	0	0	0	0	0	0	0	2	0	0	0	0	0	0	1	0	0	0	0	0	2	3
197	0	0	1	0	0	0	0	0	0	0	0	0	0	0	0	0	0	0	0	0	0	0	1
