 	A	C	D	E	F	G	H	I	K	L	M	N	P	Q	R	S	T	V	W	Y	Nterm	Cterm	Sum
-111	0	0	0	0	0	0	0	0	0	0	0	0	0	0	0	0	0	0	1	0	0	0	1
-101	0	0	0	0	0	0	0	0	0	0	0	0	0	0	0	0	0	0	1	1	0	0	2
-99	0	0	0	0	0	0	0	0	0	0	0	0	0	0	1	0	0	0	0	0	0	1	1
-98	0	0	0	0	0	0	0	0	0	0	0	0	0	0	2	0	0	0	0	0	0	2	2
-92	0	1	0	0	0	0	0	0	0	0	0	0	0	0	0	0	0	0	0	0	0	0	1
-91	0	1	0	0	0	0	0	0	0	0	0	0	0	0	0	0	0	0	0	0	0	0	1
-90	0	0	0	0	1	0	0	0	0	0	0	0	0	0	0	0	0	0	0	0	0	0	1
-89	0	1	0	0	0	0	0	0	0	0	0	0	0	0	2	0	0	0	0	0	0	0	3
-87	0	0	0	0	1	0	0	0	0	0	0	0	0	0	1	0	0	0	0	0	0	1	2
-86	0	1	0	0	0	0	0	0	0	0	0	0	0	0	0	0	0	0	0	0	0	0	1
-85	0	0	0	0	0	0	0	0	0	0	0	0	0	0	3	0	0	0	0	0	0	0	3
-83	0	0	0	0	0	0	0	0	0	0	0	0	0	0	0	0	0	0	0	1	0	0	1
-81	0	0	0	0	0	0	0	0	0	0	0	0	0	0	1	0	0	0	0	0	0	0	1
-79	0	0	0	0	1	0	0	0	0	0	0	0	0	0	0	0	0	0	0	0	0	0	1
-76	0	0	0	0	0	0	0	0	0	0	0	0	0	0	2	0	0	0	0	0	0	1	2
-74	0	0	0	0	0	0	0	0	0	0	1	0	0	0	0	0	0	0	0	0	0	0	1
-73	0	0	0	0	0	0	0	0	0	0	1	0	0	0	0	0	0	0	0	0	1	0	1
-71	0	0	0	0	0	0	0	0	0	0	0	0	0	0	0	0	0	0	1	0	0	0	1
-68	0	0	0	1	0	0	0	0	0	0	0	0	0	0	0	0	0	0	0	0	0	0	1
-67	0	0	0	1	0	0	0	0	0	0	1	0	0	1	0	0	0	0	0	0	1	0	3
-62	0	0	0	0	0	0	0	0	1	0	0	0	0	0	0	0	0	0	0	0	0	0	1
-61	0	3	0	0	0	0	4	0	1	0	0	0	0	0	0	0	0	0	0	0	2	1	8
-60	0	0	0	0	0	0	1	0	0	0	0	0	0	0	0	0	0	0	0	0	0	0	1
-59	0	2	0	0	0	0	0	0	0	0	0	0	0	0	0	0	0	0	0	0	0	0	2
-58	0	0	1	1	0	0	0	0	0	0	2	0	0	0	0	0	0	0	0	0	1	0	4
-57	0	0	0	0	0	0	0	0	0	0	0	0	0	0	1	0	0	0	0	0	0	0	1
-56	0	0	0	1	1	0	0	0	0	0	0	0	0	1	0	0	0	0	0	0	0	0	3
-54	0	0	0	0	0	0	0	0	1	0	0	0	0	0	0	0	0	0	0	0	0	0	1
-53	0	0	0	0	0	0	0	0	0	0	0	0	0	1	0	0	0	0	0	0	0	0	1
-52	0	0	0	0	0	0	0	0	0	0	0	0	0	0	0	0	0	0	1	0	0	0	1
-50	0	0	0	0	2	0	0	0	0	0	0	0	0	0	0	0	0	0	0	0	2	0	2
-49	0	0	1	0	0	0	0	0	0	0	0	0	0	0	0	0	0	0	0	0	0	0	1
-48	0	0	3	3	1	0	0	1	1	1	17	0	0	4	0	0	0	0	0	0	10	1	31
-47	0	0	0	0	0	0	0	0	2	2	2	1	0	0	0	0	0	0	0	0	1	1	7
-46	0	0	0	0	0	0	0	0	0	0	0	0	0	0	1	0	0	0	0	0	0	0	1
-45	0	0	0	0	0	0	0	0	2	0	0	0	0	0	0	0	0	0	0	0	0	1	2
-44	0	0	0	0	0	0	0	0	0	1	0	0	0	0	0	0	3	0	0	0	0	0	4
-43	0	0	0	0	0	0	0	0	0	0	0	2	0	0	0	0	0	0	0	0	0	0	2
-42	0	0	0	0	0	0	0	1	0	1	0	2	0	0	0	0	0	1	0	0	0	0	5
-41	0	0	0	0	0	0	0	0	0	0	1	0	0	0	0	0	0	0	0	0	0	0	1
-40	0	0	0	0	0	0	0	0	0	0	0	1	0	0	0	0	0	0	0	0	0	0	1
-39	0	0	0	0	0	0	0	0	0	0	0	0	0	0	0	0	1	0	0	0	0	0	1
-37	0	0	0	0	0	0	0	0	0	0	0	0	0	0	0	0	0	0	1	0	1	0	1
-36	0	0	0	1	0	0	0	1	0	1	0	1	0	0	0	0	3	0	1	0	0	0	8
-35	0	0	0	0	0	0	0	1	0	0	0	0	0	0	0	0	0	0	0	2	0	0	3
-33	0	0	1	3	1	0	0	0	1	0	0	0	0	0	0	0	0	0	0	0	1	1	6
-31	0	0	0	0	0	0	0	0	0	0	0	0	0	0	0	0	1	0	0	0	0	0	1
-30	0	0	0	0	0	0	0	0	0	0	0	0	0	1	0	0	0	0	0	1	0	0	2
-29	0	0	0	0	0	0	0	0	1	0	0	0	0	0	0	0	2	0	0	0	0	0	3
-28	0	0	1	0	0	0	0	0	0	0	0	0	0	0	1	0	0	0	0	1	0	1	3
-27	0	0	0	0	0	0	0	0	0	0	0	0	1	0	0	0	0	0	0	0	0	0	1
-26	0	0	0	0	0	0	0	1	0	0	0	0	0	0	0	0	0	0	0	0	0	0	1
-25	0	0	0	9	0	0	0	0	0	0	1	0	0	0	0	0	0	0	0	0	0	0	10
-24	0	0	0	2	1	0	0	0	0	0	0	0	0	0	0	0	0	0	0	0	0	0	3
-23	0	0	0	0	0	0	0	0	0	0	0	1	0	0	0	0	0	0	1	0	1	0	2
-22	0	0	0	0	0	0	0	0	0	0	0	0	0	0	0	0	1	0	0	0	0	0	1
-21	0	0	1	0	0	0	0	0	0	0	0	0	0	0	0	0	0	0	0	0	0	0	1
-20	0	0	0	0	0	0	0	0	0	0	0	0	0	0	1	0	0	0	0	0	0	0	1
-19	0	0	0	0	0	0	0	0	0	1	0	0	0	1	0	2	0	0	0	0	1	0	4
-18	0	0	59	41	3	0	4	1	2	23	0	3	8	37	0	29	25	5	1	5	67	0	246
-17	0	26	22	10	4	0	8	21	12	10	4	48	14	137	2	10	30	4	12	7	175	5	381
-16	0	3	8	3	0	0	1	1	2	2	0	5	5	19	1	3	7	2	0	1	21	1	63
-15	0	0	3	1	0	0	0	0	0	0	2	4	3	8	0	1	4	1	2	0	9	0	29
-14	1	0	1	0	0	0	0	0	1	3	0	0	0	1	0	0	0	0	0	0	1	0	7
-13	0	0	0	1	0	0	0	0	0	0	0	0	0	0	0	0	0	0	0	0	0	0	1
-12	0	0	0	1	0	0	0	0	0	1	0	0	0	0	0	0	0	0	0	0	0	0	2
-11	0	0	0	1	0	0	0	0	0	0	0	0	0	0	0	0	0	0	0	0	0	0	1
-9	1	6	0	0	0	0	0	2	0	0	0	0	0	0	0	0	0	1	0	0	0	0	10
-8	1	1	0	0	0	0	0	0	0	1	0	0	0	0	0	0	0	0	0	0	0	0	3
-7	0	0	0	0	0	0	0	2	0	0	0	0	0	0	0	0	1	0	0	0	0	0	3
-6	0	0	0	0	0	0	0	0	0	3	0	0	0	0	0	0	0	0	0	0	0	0	3
-4	0	0	1	0	0	0	0	0	0	0	0	0	0	0	0	0	2	0	0	0	2	0	3
-3	1	0	0	0	1	0	0	6	1	0	2	0	1	2	0	0	0	0	0	0	8	0	14
-2	11	5	7	16	5	0	2	10	6	17	168	8	1	10	2	7	8	17	0	6	210	7	306
-1	24	2	13	17	12	0	4	20	12	16	24	9	7	10	4	6	14	21	0	7	131	8	222
1	467	41	199	275	120	301	102	366	178	394	109	380	277	288	53	237	240	395	35	125	962	96	4582
2	69	13	29	44	22	41	21	62	17	41	22	51	37	37	7	33	53	70	5	16	157	10	690
3	6	2	4	1	0	3	2	1	2	5	0	4	2	2	0	1	3	2	0	2	8	0	42
4	0	0	0	1	0	0	0	1	0	0	0	0	0	0	0	0	0	1	13	0	4	0	16
5	1	1	3	1	0	2	1	3	0	0	1	0	0	11	0	1	1	0	3	1	8	0	30
6	0	0	0	0	0	0	0	0	0	0	0	0	0	0	0	1	0	0	0	0	1	0	1
7	2	6	1	0	0	1	0	0	0	1	4	0	0	0	0	0	0	0	0	0	0	0	15
8	0	1	0	0	0	0	0	0	0	0	1	0	0	0	0	0	0	0	0	0	0	0	2
9	0	0	1	0	0	0	0	0	0	0	0	0	0	0	0	0	0	0	0	0	0	0	1
10	0	0	0	0	1	0	0	0	0	0	0	0	0	0	0	0	0	0	0	0	0	0	1
12	0	0	0	0	2	0	0	2	1	2	0	4	1	0	0	0	0	0	18	0	23	0	30
13	0	0	0	0	1	1	0	1	0	0	0	2	1	0	0	0	0	0	3	0	7	0	9
14	0	0	1	2	0	1	0	0	3	5	2	0	0	0	0	1	0	1	0	0	4	0	16
15	0	0	0	0	0	1	1	0	2	0	1	0	0	0	0	0	1	0	4	0	7	0	10
16	82	8	48	84	7	78	22	18	13	52	1249	44	47	38	6	41	95	35	159	11	493	10	2137
17	16	2	8	10	3	19	5	2	1	4	143	13	4	7	0	12	4	15	18	1	70	0	287
18	0	0	1	1	1	2	0	0	0	4	8	0	0	1	0	0	1	1	2	1	11	0	23
19	0	0	1	0	1	0	0	0	3	4	1	0	1	0	0	0	0	0	0	0	5	0	11
20	1	0	0	0	0	0	0	0	0	0	0	0	0	0	1	0	0	0	0	0	1	0	2
21	2	4	0	0	0	1	0	0	0	0	0	0	0	0	0	0	0	1	0	0	1	0	8
22	61	7	61	54	16	90	1	29	0	42	13	43	47	44	0	35	30	35	0	9	12	1	617
23	13	1	11	27	1	10	0	7	1	18	1	10	9	2	0	9	9	9	0	1	1	0	139
24	3	0	5	11	1	5	0	1	0	3	0	1	2	2	1	5	0	1	0	0	0	0	41
25	0	0	0	1	0	0	0	0	0	0	2	1	0	2	0	0	0	0	0	1	2	0	7
26	1	0	0	0	0	0	0	0	0	0	0	0	0	0	0	0	0	0	0	0	0	0	1
27	0	0	1	1	0	0	0	0	0	0	0	0	0	0	0	0	0	0	0	0	1	0	2
28	2	0	0	1	0	1	0	0	0	0	2	1	0	0	0	9	1	0	1	0	3	0	18
29	0	0	0	0	0	2	0	0	0	0	0	0	0	0	0	0	0	1	0	0	1	0	3
30	0	0	0	0	0	0	0	0	0	0	0	0	0	0	0	0	0	1	0	0	1	0	1
32	3	0	2	1	0	2	0	0	0	0	3	1	1	0	0	0	7	5	80	0	4	0	105
33	1	0	1	2	1	2	0	1	0	2	0	3	0	0	0	0	3	1	15	0	2	0	32
34	0	0	0	0	0	0	2	0	0	0	0	0	0	0	0	0	0	0	1	0	0	0	3
35	0	0	0	0	0	0	1	0	0	0	0	0	0	0	0	0	0	0	0	0	0	0	1
38	24	1	13	6	3	12	0	23	0	17	2	5	13	1	0	4	8	11	0	4	5	1	147
39	7	0	1	7	1	4	0	0	0	5	0	2	0	1	0	0	1	1	0	0	5	0	30
40	0	0	0	0	0	0	0	0	0	0	0	0	0	0	1	0	0	0	0	0	0	0	1
41	0	0	0	0	0	1	0	2	0	0	0	0	0	0	0	1	0	0	0	0	0	0	4
42	8	0	2	0	1	1	0	0	0	2	6	1	0	4	0	54	8	0	0	0	75	0	87
43	1	0	0	0	0	0	0	0	0	0	1	0	0	0	0	1	1	0	0	0	3	0	4
44	0	0	0	0	0	0	0	0	0	0	0	0	0	0	0	0	1	0	0	0	1	0	1
45	0	0	0	0	0	0	0	0	0	1	0	0	0	0	0	0	0	0	0	0	0	0	1
46	0	0	0	0	0	0	0	0	0	0	0	0	0	0	0	0	1	0	0	0	0	0	1
48	0	0	0	0	0	0	0	0	0	0	0	0	0	0	0	0	0	0	2	0	0	0	2
49	0	0	0	0	0	1	0	0	0	0	0	0	0	0	0	0	0	0	1	0	0	0	2
50	0	0	0	1	0	1	0	0	0	0	0	0	1	0	0	0	0	0	1	0	0	0	4
52	0	0	0	0	0	1	0	0	0	0	0	0	0	0	0	0	0	0	0	0	0	0	1
53	0	0	1	0	0	1	0	0	0	0	0	0	0	0	0	0	2	0	0	0	0	0	4
55	0	0	0	0	0	0	0	0	0	0	4	0	0	0	0	0	0	0	0	0	4	0	4
56	0	0	1	0	0	0	0	0	0	0	2	0	0	0	0	1	0	0	0	0	2	0	4
57	13	0	0	1	0	12	2	2	0	6	0	0	5	0	0	0	1	4	0	2	41	0	48
58	5	1	0	0	0	5	1	0	1	2	0	2	2	0	0	1	1	0	2	3	18	0	26
59	2	0	0	0	0	1	0	0	0	0	0	1	0	0	0	1	0	1	2	0	4	0	8
60	0	0	0	0	0	1	0	2	0	0	0	0	0	0	0	0	0	0	6	0	6	0	9
61	0	0	0	0	0	0	0	0	0	0	0	0	1	1	0	0	0	0	0	0	0	0	2
62	0	0	0	0	0	0	0	0	1	1	0	0	0	0	0	0	0	0	0	0	0	0	2
63	0	0	0	0	0	0	0	0	0	0	0	0	0	0	2	0	0	0	0	0	0	0	2
64	2	0	0	1	0	0	0	0	0	0	0	0	0	0	1	3	0	1	0	0	4	0	8
66	0	0	0	0	0	0	0	0	0	1	0	0	0	1	0	0	0	0	0	0	1	0	2
68	0	0	0	1	0	0	0	0	0	0	0	0	0	0	0	0	0	0	0	0	0	0	1
70	1	0	0	0	0	0	0	0	0	0	0	0	0	1	0	0	2	0	0	0	2	0	4
71	0	0	0	0	1	0	0	0	0	0	0	0	0	0	0	0	1	0	0	0	0	0	2
72	0	0	0	0	0	1	0	0	0	0	0	0	0	0	0	0	0	0	0	0	0	0	1
74	0	0	0	0	0	0	2	0	0	0	0	0	0	0	0	0	0	0	0	0	0	0	2
75	0	0	0	1	0	1	0	1	2	0	0	0	0	0	0	0	0	1	0	0	1	0	6
76	0	0	0	0	0	2	0	0	1	0	0	0	0	0	0	0	0	0	0	0	0	0	3
77	0	0	0	0	0	3	0	3	1	0	0	1	0	0	0	0	1	0	0	0	0	0	9
78	0	0	0	0	1	0	0	0	0	0	0	0	0	0	0	0	0	0	0	0	0	0	1
79	1	0	0	0	0	0	0	0	0	0	0	0	0	0	0	0	0	0	0	0	0	0	1
80	0	0	1	0	0	0	0	0	0	0	0	0	0	0	0	0	0	0	0	0	0	0	1
81	0	0	0	0	0	0	0	0	0	0	0	0	1	0	0	0	0	0	0	0	0	0	1
82	0	0	0	0	0	0	1	0	0	1	0	0	0	0	0	0	0	0	0	0	1	0	2
83	0	0	0	0	0	0	0	0	0	0	0	0	0	0	1	0	0	0	0	0	0	0	1
84	0	0	0	0	0	0	0	0	0	4	0	0	0	0	0	0	0	0	0	0	0	0	4
86	0	0	0	0	0	0	0	0	1	0	0	0	0	0	0	0	0	0	0	0	0	0	1
87	0	0	0	0	0	0	0	0	0	0	0	0	0	1	0	0	0	0	0	0	0	0	1
91	0	0	0	0	0	0	0	0	0	1	0	0	0	0	0	0	0	0	0	0	0	0	1
92	0	0	0	0	0	0	0	0	0	0	0	0	0	1	0	0	0	0	0	0	1	0	1
93	0	0	0	0	0	0	0	0	1	1	0	0	0	0	0	0	0	0	0	0	0	0	2
94	0	0	0	0	0	0	0	0	0	0	0	0	0	1	0	0	0	0	0	0	0	0	1
95	0	0	0	0	0	0	0	0	0	0	0	0	0	0	0	0	0	1	0	0	0	0	1
97	0	0	1	0	0	0	0	0	0	0	0	0	0	0	2	0	0	0	0	0	0	2	3
99	0	0	0	0	0	0	0	0	0	0	0	0	0	0	0	1	0	0	0	0	0	0	1
100	0	0	0	1	0	0	0	0	1	0	0	0	0	0	0	0	0	0	0	1	0	0	3
101	0	0	0	0	0	0	0	0	1	0	0	0	0	0	0	0	0	0	0	0	0	0	1
103	0	0	1	0	0	0	0	0	0	0	0	0	0	0	0	0	0	0	0	0	0	0	1
105	0	0	0	0	0	0	0	1	0	0	0	0	0	0	0	1	0	0	0	0	0	0	2
108	0	0	0	0	0	0	0	3	0	0	0	0	1	0	0	1	0	0	0	0	0	0	5
109	1	0	0	0	2	0	0	0	0	0	0	0	0	0	1	0	0	0	0	0	0	1	4
115	0	0	0	1	0	0	0	1	0	0	0	0	0	0	0	0	0	0	0	0	0	0	2
117	1	0	0	0	0	0	0	0	0	0	0	0	0	0	0	0	0	0	0	0	1	0	1
125	0	0	0	0	0	0	0	0	1	0	0	0	0	0	0	0	0	0	0	0	0	0	1
128	2	0	0	1	1	2	0	4	2	1	0	2	4	0	1	1	0	2	0	0	2	3	23
129	0	1	0	11	0	1	0	1	0	0	0	0	0	0	0	3	0	0	0	0	1	8	17
130	0	0	0	5	0	0	0	0	0	0	0	0	0	0	0	1	0	0	0	0	0	5	6
137	0	0	0	0	0	0	1	0	0	0	0	0	0	0	0	0	0	0	0	0	1	0	1
144	0	0	1	0	0	0	0	0	0	0	0	0	0	0	0	0	1	1	0	0	1	0	3
145	0	0	1	0	0	0	0	0	0	0	0	0	0	0	0	0	0	0	0	0	0	0	1
147	0	0	1	0	0	0	0	0	0	0	0	0	0	0	0	0	0	0	0	0	0	0	1
152	0	5	0	0	0	0	0	0	0	0	0	0	0	0	0	0	0	0	0	0	0	0	5
154	0	0	0	1	0	0	0	1	0	0	0	0	0	0	0	0	0	0	0	0	1	0	2
156	11	0	1	0	1	6	1	5	4	3	0	0	0	0	1	1	1	4	0	3	10	5	42
157	0	0	0	1	0	2	1	0	0	0	0	1	2	0	0	2	0	0	0	1	3	0	10
158	0	0	0	0	0	0	0	0	0	0	0	0	0	0	1	0	0	0	0	0	0	0	1
160	0	0	0	0	0	0	0	0	0	1	0	0	0	1	0	0	0	0	0	0	1	0	2
162	0	0	0	0	1	0	0	0	0	0	0	0	0	0	0	0	0	0	0	0	0	0	1
164	0	0	0	0	0	0	0	0	0	1	0	0	0	0	0	0	0	0	0	0	1	0	1
168	0	0	0	0	0	0	0	0	0	0	0	0	1	0	0	0	0	0	0	0	0	0	1
172	0	0	0	0	0	0	0	0	0	0	2	0	0	0	0	0	0	0	0	0	2	0	2
173	0	0	1	1	1	0	0	0	0	0	0	0	0	0	0	0	0	1	0	0	0	0	4
175	0	0	0	0	0	0	0	1	0	0	0	0	0	0	0	0	0	0	0	0	1	0	1
176	0	0	0	0	0	0	0	0	0	0	0	0	0	0	1	0	0	0	0	0	0	0	1
181	0	0	0	0	0	0	0	0	0	0	0	0	0	0	1	0	0	0	0	0	0	0	1
182	0	0	0	0	0	0	0	0	1	1	0	0	0	0	0	0	0	0	0	0	1	1	2
188	0	0	0	0	0	1	0	0	1	0	0	0	0	0	0	0	0	0	0	0	0	0	2
189	0	0	2	1	0	0	0	0	2	0	0	0	0	1	0	0	0	0	0	0	0	0	6
190	0	0	1	0	0	0	0	0	0	0	0	0	0	0	0	0	0	0	0	0	0	0	1
191	0	0	0	0	0	0	0	1	0	0	0	0	0	0	0	0	0	0	0	0	0	0	1
196	0	0	0	0	0	0	0	0	1	0	0	0	0	0	0	0	0	0	0	0	0	1	1
