 	A	C	D	E	F	G	H	I	K	L	M	N	P	Q	R	S	T	V	W	Y	Nterm	Cterm	Sum
-123	0	0	0	0	0	0	0	0	0	0	0	0	0	0	0	0	0	0	1	0	0	0	1
-103	0	0	0	0	0	0	0	0	0	0	0	0	0	0	0	0	0	0	0	1	0	0	1
-102	0	0	0	0	0	0	0	0	0	0	0	0	0	0	0	0	0	0	0	6	0	0	6
-99	0	0	0	0	0	0	0	0	0	0	0	0	0	0	2	0	0	0	0	0	0	2	2
-95	0	0	0	0	0	0	0	0	0	0	0	0	0	0	2	0	0	0	0	0	0	0	2
-92	0	2	0	0	0	0	0	0	0	0	0	0	0	0	0	0	0	0	0	0	0	0	2
-91	0	0	0	0	0	0	0	0	0	0	0	0	0	0	1	0	0	0	0	0	0	1	1
-90	0	0	0	0	1	0	0	0	0	0	0	0	0	0	0	0	0	0	0	0	0	0	1
-89	0	0	0	0	0	0	0	0	0	0	0	0	0	0	0	0	0	0	0	1	0	0	1
-84	0	0	0	0	0	0	0	0	0	0	0	0	0	0	0	0	0	0	1	0	0	0	1
-83	0	0	0	0	0	0	0	0	0	0	0	0	0	0	1	0	0	0	0	0	0	0	1
-80	0	0	0	0	0	0	0	0	0	0	0	0	0	0	0	0	0	0	0	1	0	0	1
-79	0	0	0	0	0	0	1	0	0	0	0	0	0	0	0	0	0	0	0	0	0	0	1
-76	0	0	0	0	1	0	0	0	0	0	0	0	0	0	0	0	0	0	0	0	0	0	1
-74	0	0	0	0	1	0	0	0	0	0	0	0	0	0	0	0	0	0	0	0	0	0	1
-71	0	0	0	2	0	0	0	0	0	0	0	0	0	0	0	0	0	0	0	0	0	0	2
-70	0	0	0	0	0	0	0	0	0	0	0	0	0	0	1	0	0	0	0	0	0	0	1
-69	0	0	0	1	0	0	0	0	0	0	0	0	0	0	0	0	0	0	0	0	0	0	1
-68	0	0	0	1	0	0	0	0	0	0	0	0	0	0	0	0	0	0	0	0	0	0	1
-67	0	0	0	0	1	0	0	0	1	0	0	0	0	1	0	0	0	0	0	0	0	0	3
-64	0	0	0	0	0	0	0	0	0	0	0	0	0	0	0	0	0	0	0	1	0	0	1
-63	0	0	0	0	0	0	0	0	1	0	0	0	0	0	0	0	0	0	0	0	0	0	1
-62	0	0	0	1	0	0	1	0	0	0	0	0	0	0	0	0	0	0	0	0	0	0	2
-61	0	0	0	0	1	0	4	0	0	0	0	0	0	0	0	0	0	0	0	0	0	0	5
-60	0	0	0	1	0	0	0	0	0	0	0	0	0	0	0	0	0	0	0	0	0	0	1
-59	0	0	0	0	1	0	0	0	0	0	0	0	0	0	0	0	0	0	0	0	0	0	1
-58	0	0	1	0	0	0	0	0	0	0	0	0	0	0	0	0	0	0	0	0	1	0	1
-57	0	251	9	7	2	0	9	0	4	0	5	2	0	0	1	0	0	0	1	4	2	3	295
-56	0	27	3	5	2	0	1	6	0	2	0	1	0	1	0	0	0	0	0	2	1	0	50
-55	0	2	0	0	0	0	2	1	0	1	0	1	0	0	0	0	0	0	0	0	1	0	7
-53	0	1	0	0	0	0	1	0	0	2	0	0	0	1	0	0	0	0	0	0	2	0	5
-52	0	0	0	0	0	0	0	0	0	2	0	1	0	0	0	0	0	0	1	0	0	0	4
-51	0	0	0	0	0	0	0	0	0	1	0	0	0	0	0	0	0	0	0	0	1	0	1
-50	0	0	0	0	3	0	0	0	0	0	0	0	0	0	0	0	0	0	0	0	3	0	3
-49	0	0	0	0	1	0	0	0	0	0	0	0	0	0	0	0	0	0	0	0	0	0	1
-48	0	0	0	0	0	0	0	0	0	2	2	0	0	0	0	0	0	0	1	0	1	0	5
-47	0	0	0	0	0	0	0	0	4	0	0	0	0	0	0	0	0	0	0	0	0	0	4
-46	0	0	0	0	0	0	0	0	0	1	0	0	0	1	0	0	0	0	0	0	0	0	2
-45	0	7	0	0	1	0	0	1	0	1	0	0	0	0	0	0	0	0	0	0	7	0	10
-44	0	0	0	0	0	0	0	0	0	1	0	0	0	0	0	0	0	0	0	0	0	0	1
-43	0	2	1	0	0	0	0	0	0	0	0	0	0	0	0	0	0	0	0	0	0	0	3
-42	0	0	0	0	0	0	0	1	0	1	0	0	0	0	0	0	0	0	0	0	0	0	2
-39	0	0	0	0	0	0	0	0	0	0	0	0	0	0	1	0	0	0	0	0	0	1	1
-38	0	0	0	0	0	0	0	0	0	0	0	0	0	1	0	0	0	0	0	0	0	0	1
-37	0	0	0	0	0	0	0	0	0	0	0	0	0	1	0	0	0	0	0	1	0	0	2
-36	0	0	1	1	0	0	1	0	0	0	0	1	0	0	0	0	2	0	1	0	1	0	7
-35	0	2	1	1	0	0	1	0	0	0	0	1	0	0	0	0	4	0	0	0	0	0	10
-34	0	0	0	0	1	0	0	1	0	0	1	0	0	0	0	0	1	0	0	0	0	0	4
-32	0	0	0	0	0	0	0	0	0	0	0	0	0	0	0	0	1	0	0	0	0	0	1
-31	0	0	0	0	0	0	0	0	0	1	0	0	0	0	0	0	0	0	0	0	0	0	1
-30	0	0	0	0	0	0	0	0	0	0	0	0	0	0	0	0	0	1	0	0	0	0	1
-29	0	0	0	0	0	0	0	0	2	0	0	0	0	1	0	0	1	0	0	0	1	2	4
-28	0	0	0	0	0	0	0	0	0	1	0	0	1	0	0	0	1	0	0	0	1	0	3
-27	0	0	0	0	0	0	0	0	0	1	0	0	0	0	0	0	0	1	0	0	0	0	2
-26	0	0	0	0	0	0	0	0	0	1	1	0	2	0	0	0	0	0	1	0	1	0	5
-25	0	1	1	6	0	0	0	0	0	1	0	0	0	0	0	0	0	0	0	0	1	0	9
-24	0	1	0	0	2	0	0	1	0	0	0	0	0	0	0	0	0	0	1	0	1	0	5
-23	0	0	0	0	0	0	0	0	0	0	0	0	0	0	0	0	0	1	0	0	0	0	1
-22	0	0	0	0	0	0	0	0	0	0	0	0	0	0	0	0	3	0	0	0	0	0	3
-21	0	0	0	0	0	0	0	0	1	0	0	0	0	0	0	1	0	0	0	2	0	0	4
-20	0	0	0	0	0	0	0	0	0	0	0	0	0	1	0	0	1	0	0	2	1	0	4
-19	0	0	0	1	0	0	0	0	0	0	0	0	0	3	0	0	0	1	0	0	4	0	5
-18	0	1	46	43	10	0	1	3	1	22	8	8	6	45	2	27	43	7	1	4	72	0	278
-17	0	36	25	16	6	0	3	13	12	17	1	51	13	129	3	11	32	10	5	9	167	2	392
-16	0	4	7	5	0	0	1	6	4	2	0	3	4	21	2	0	4	1	2	5	21	1	71
-15	0	1	2	0	0	0	0	0	0	0	0	4	5	3	0	2	1	2	1	0	5	0	21
-14	0	0	0	0	0	0	0	0	1	0	0	1	0	0	0	0	0	0	0	0	0	0	2
-13	0	0	0	0	1	0	0	0	0	0	0	0	0	0	0	0	0	0	0	0	1	0	1
-12	0	0	0	0	2	0	0	0	0	0	0	0	0	0	0	0	0	0	0	0	1	0	2
-11	0	0	0	0	0	0	0	1	0	0	0	0	0	0	0	0	0	0	0	0	0	0	1
-10	0	0	0	0	0	0	0	0	0	0	0	0	0	0	0	0	0	1	0	0	0	0	1
-9	1	2	0	0	0	0	0	1	0	0	0	0	0	0	0	0	0	0	0	0	0	0	4
-8	0	0	2	0	0	0	0	0	0	0	0	0	0	0	0	0	0	1	0	0	0	0	3
-6	0	0	0	0	0	0	0	0	0	0	0	0	0	0	0	0	0	0	0	1	0	0	1
-5	0	0	0	0	0	0	0	0	0	2	0	0	0	0	0	0	0	0	0	0	0	0	2
-4	0	0	0	0	0	0	0	0	0	0	0	0	0	0	1	1	0	0	0	0	0	0	2
-3	0	0	1	0	0	0	0	1	1	3	1	0	0	2	0	0	0	0	1	0	4	1	10
-2	5	2	4	7	7	0	1	10	9	4	6	1	1	2	2	3	0	5	2	2	39	8	73
-1	18	5	8	14	6	0	5	21	4	25	10	14	2	6	6	6	13	21	0	8	106	6	192
1	384	42	165	260	98	323	135	285	163	374	107	328	225	240	59	202	191	364	40	128	807	91	4113
2	39	2	26	45	14	42	16	57	21	51	16	30	36	31	2	27	33	53	4	11	110	6	556
3	3	0	1	4	2	2	3	3	2	4	1	1	4	3	1	1	2	4	0	1	10	0	42
4	0	0	0	0	1	0	0	0	1	0	0	1	1	1	0	0	1	0	7	0	3	0	13
5	0	2	2	4	0	0	0	2	0	0	0	0	0	2	0	2	0	0	3	0	4	0	17
6	1	0	0	1	0	0	0	0	0	1	0	0	0	1	0	0	0	0	0	0	1	0	4
7	0	0	0	0	0	1	0	0	0	0	0	0	0	0	0	1	0	0	0	0	0	0	2
9	0	0	0	0	0	0	0	0	0	0	0	0	0	0	0	0	0	0	0	1	0	0	1
10	0	0	0	0	0	1	0	0	0	0	0	0	1	0	1	0	0	0	0	0	1	1	3
12	1	0	0	0	1	1	1	0	0	0	0	0	3	0	0	1	1	0	23	0	27	0	32
13	0	0	0	0	0	0	0	0	0	0	0	0	0	0	0	0	0	0	2	0	2	0	2
14	0	0	0	2	0	0	0	1	4	1	2	0	0	0	0	0	0	0	0	0	3	0	10
15	1	0	0	0	0	1	0	0	4	0	3	0	0	0	0	0	0	0	0	0	2	0	9
16	75	19	31	43	6	46	27	17	6	45	921	33	56	18	7	47	68	58	77	9	364	12	1609
17	18	1	3	8	4	11	6	4	1	5	98	6	7	3	2	2	6	6	15	2	65	2	208
18	4	1	0	1	0	1	0	0	0	7	4	2	3	0	0	0	0	1	1	0	12	0	25
19	0	0	0	0	0	0	0	0	2	4	0	0	1	0	1	0	0	0	0	0	4	0	8
21	0	0	0	0	0	0	0	0	0	0	0	0	0	0	0	1	0	0	0	0	0	0	1
22	62	17	57	40	25	94	3	30	4	42	17	45	50	39	1	35	47	42	5	8	11	3	663
23	10	2	8	6	2	26	0	10	1	12	0	9	12	9	0	9	8	9	1	5	0	0	139
24	1	0	4	5	0	5	0	0	1	0	0	1	1	2	1	1	4	1	0	1	0	0	28
25	0	0	1	0	1	0	0	0	0	1	0	0	0	1	0	0	0	0	0	0	0	0	4
28	0	0	0	1	0	0	0	0	0	0	2	0	0	0	0	0	0	0	0	1	2	0	4
29	0	0	0	0	0	0	0	0	0	1	0	0	0	0	0	0	0	0	0	0	0	0	1
30	0	0	0	0	0	0	0	0	1	0	0	0	0	0	0	1	0	2	0	0	2	0	4
32	0	0	0	0	0	0	0	0	0	0	1	0	0	0	0	0	0	3	4	0	0	0	8
33	2	0	0	0	0	0	0	0	0	1	0	0	0	0	0	0	0	0	1	0	0	0	4
34	0	0	0	1	0	0	3	0	0	0	0	0	0	0	0	1	0	0	0	0	0	0	5
35	0	0	0	0	0	0	2	0	0	0	0	0	0	0	0	1	0	0	0	0	0	0	3
36	0	0	0	0	0	0	0	0	0	1	0	0	0	0	1	1	0	0	0	0	0	1	3
37	0	0	0	0	0	0	0	1	0	0	0	0	0	0	0	0	0	0	0	0	0	0	1
38	30	0	11	10	7	15	0	35	1	18	6	4	20	5	0	7	11	15	0	6	2	0	201
39	10	0	3	8	1	3	0	5	0	2	4	2	6	0	0	1	0	10	0	0	0	0	55
40	0	0	0	0	1	0	0	0	0	1	0	0	1	0	0	0	1	4	0	0	1	0	8
41	1	0	0	0	0	0	0	0	0	0	1	0	0	0	0	0	0	0	0	0	1	0	2
42	10	0	0	1	2	0	0	1	0	0	2	1	0	0	0	34	0	0	0	0	46	0	51
43	0	0	0	0	1	0	0	0	1	0	0	0	0	0	0	1	0	0	0	0	1	0	3
45	1	0	0	0	0	0	0	0	0	0	0	0	0	0	0	0	0	1	0	0	0	0	2
46	0	0	0	0	0	0	0	0	0	1	0	0	0	0	0	0	0	0	0	0	1	0	1
50	0	0	0	0	0	1	0	1	0	0	0	0	0	0	0	0	0	0	0	0	1	0	2
51	0	0	0	0	0	0	0	2	0	0	0	0	0	0	0	0	0	0	0	0	0	0	2
52	0	0	0	0	0	0	1	0	0	0	0	0	0	0	2	0	0	0	0	0	0	2	3
53	1	0	1	0	0	0	0	0	0	0	1	1	0	0	0	0	0	0	0	0	0	0	4
54	0	0	0	0	0	0	0	0	0	0	3	0	0	0	0	0	0	0	0	0	3	0	3
55	1	0	0	0	0	0	0	1	0	0	0	0	0	0	0	0	0	0	0	0	0	0	2
56	0	0	0	0	0	0	0	0	0	0	0	0	0	0	1	0	0	0	0	0	1	0	1
57	0	0	0	0	0	0	0	0	0	1	0	0	0	0	0	0	1	0	0	0	0	0	2
58	0	0	0	0	0	2	0	0	0	0	1	0	0	1	0	0	0	0	0	0	0	0	4
59	1	0	0	0	0	0	0	0	0	0	0	1	0	0	0	0	0	0	0	0	0	0	2
60	1	0	0	0	0	0	0	0	0	0	0	0	0	0	0	0	0	0	0	0	0	0	1
62	1	0	0	0	0	0	1	0	0	0	0	0	0	1	0	0	0	0	0	0	1	0	3
64	1	0	0	0	0	0	0	2	0	0	0	0	0	0	0	3	0	0	0	0	2	0	6
65	0	0	0	0	0	0	0	0	0	0	0	0	0	0	0	0	0	0	1	0	0	0	1
67	0	0	0	1	0	0	0	0	0	0	0	0	0	0	0	0	0	0	0	0	0	0	1
69	0	0	0	2	0	0	0	0	0	0	0	0	0	1	0	0	0	0	0	0	0	0	3
70	0	0	0	0	0	0	0	0	0	0	0	0	0	0	0	1	0	1	0	0	1	0	2
71	0	0	0	0	0	0	0	0	1	0	0	0	0	0	0	0	0	1	0	0	0	0	2
73	0	0	0	0	0	0	0	1	0	0	0	0	0	0	0	0	0	0	0	0	0	0	1
74	0	0	0	0	0	1	1	0	0	0	0	0	0	0	0	0	0	1	0	0	2	0	3
77	0	0	0	0	0	1	0	0	0	0	0	0	0	0	0	0	0	0	0	0	0	0	1
79	0	0	0	0	0	0	0	0	0	0	0	0	0	0	0	0	0	0	0	1	0	0	1
80	0	0	0	0	0	0	1	0	0	0	0	0	2	0	0	0	1	0	0	0	0	0	4
81	0	0	0	0	0	1	0	0	0	0	0	0	1	0	0	0	0	0	0	0	0	0	2
84	0	0	0	0	0	0	0	0	0	0	0	0	0	0	0	0	0	1	0	0	0	0	1
85	0	0	0	0	0	1	0	0	0	0	0	0	0	0	0	0	0	0	0	0	0	0	1
86	0	0	0	0	1	0	0	0	0	0	0	0	0	0	0	0	0	0	0	0	0	0	1
87	1	0	0	0	0	0	0	0	0	0	0	0	0	0	0	0	0	0	0	0	1	0	1
88	0	0	1	0	0	0	0	0	0	0	0	0	0	0	0	0	0	0	0	0	0	0	1
91	0	0	1	0	0	0	0	0	0	0	0	0	0	0	0	0	0	0	0	0	0	0	1
97	0	0	0	0	0	1	0	0	0	0	0	0	0	0	2	0	0	0	0	0	0	2	3
102	0	0	0	1	0	0	0	0	0	0	0	0	0	0	1	0	0	0	0	0	0	1	2
103	0	0	0	1	0	0	0	0	0	0	0	0	0	0	0	0	0	0	0	0	0	0	1
105	0	0	0	0	0	0	0	0	0	0	0	0	0	0	0	0	0	1	0	0	1	0	1
107	0	0	0	0	1	0	0	0	0	0	0	0	0	0	0	0	0	0	0	0	1	0	1
109	1	0	0	0	0	0	0	0	0	0	0	0	0	0	0	0	0	0	0	0	0	0	1
114	0	0	0	0	0	0	0	0	0	0	0	0	0	0	1	0	0	0	0	0	1	0	1
115	0	0	0	0	0	0	0	0	0	1	0	0	0	0	0	0	0	0	0	0	1	0	1
117	0	0	0	0	0	0	0	0	0	0	0	0	0	0	0	0	0	1	0	0	0	0	1
119	0	0	0	0	0	0	0	0	0	0	0	1	0	0	0	0	0	0	0	0	0	0	1
121	0	0	0	1	0	0	0	0	0	0	0	0	0	0	0	0	0	0	0	0	1	0	1
123	0	0	0	0	0	0	0	0	2	0	0	0	0	1	0	0	0	0	0	0	0	0	3
128	6	0	0	0	2	2	0	0	1	0	0	3	3	2	0	0	1	2	0	1	6	1	23
129	0	0	1	12	0	0	0	0	0	0	0	0	0	1	0	6	0	0	0	0	0	10	20
130	0	0	0	4	0	0	0	0	0	0	0	0	0	0	0	2	0	0	0	0	0	4	6
133	0	0	0	0	0	0	0	1	0	0	0	0	0	0	0	0	0	0	0	0	0	0	1
134	0	0	0	0	0	0	0	0	0	1	0	0	0	0	0	0	0	0	0	0	1	0	1
136	0	0	0	0	0	0	0	0	0	0	0	0	0	0	0	0	0	1	0	0	0	0	1
140	0	0	0	0	0	0	0	0	0	0	0	0	0	0	1	0	0	0	0	0	0	1	1
142	0	0	0	0	0	0	0	0	0	0	0	0	0	0	0	1	0	0	0	0	0	0	1
144	1	0	1	1	1	0	0	0	0	0	0	0	0	0	0	0	0	0	0	0	0	0	4
146	0	0	0	0	0	0	0	0	0	1	0	0	0	0	0	0	0	0	0	0	0	0	1
147	0	0	0	0	1	0	1	0	0	0	0	0	0	1	0	1	0	0	0	0	3	0	4
148	0	0	0	0	0	0	0	1	0	0	0	0	0	1	0	0	0	0	0	0	2	0	2
151	0	0	1	1	0	0	0	0	0	0	0	0	0	0	0	4	0	0	0	0	0	0	6
152	8	70	2	2	1	2	2	4	3	1	2	1	1	0	1	4	0	5	0	0	19	4	109
153	1	6	0	1	0	1	0	0	0	0	0	0	1	0	0	2	0	0	0	0	3	0	12
154	0	0	0	0	0	0	0	0	0	0	0	0	0	0	0	1	0	0	0	0	1	0	1
156	11	0	0	3	0	2	0	1	5	2	2	0	2	0	1	6	1	5	0	0	9	6	41
157	8	0	0	1	0	0	0	0	0	4	0	0	0	0	0	0	0	0	0	0	4	0	13
158	1	0	0	0	0	0	0	0	0	0	0	0	0	0	0	0	0	0	0	0	1	0	1
161	0	0	0	0	1	0	0	0	0	0	0	0	0	0	0	0	0	0	0	0	0	0	1
163	0	0	0	0	0	0	0	1	0	0	0	0	0	0	0	0	0	0	0	0	0	0	1
172	0	0	0	3	0	0	0	0	0	0	0	0	0	4	0	0	3	0	0	0	0	0	10
181	0	0	0	0	0	0	0	1	0	0	0	0	0	0	1	0	0	0	0	0	1	0	2
182	0	0	0	0	0	0	0	0	0	1	0	0	0	0	0	0	0	0	0	0	1	0	1
184	0	0	0	0	0	0	0	0	3	0	0	1	0	0	0	0	0	2	0	0	0	0	6
185	0	0	0	0	0	0	0	0	0	1	0	0	0	0	0	0	0	0	0	0	1	0	1
188	1	0	1	0	0	2	0	0	2	0	0	0	0	0	0	0	0	0	0	0	1	0	6
189	0	0	0	0	0	1	0	0	4	0	0	0	0	0	0	1	0	0	0	0	0	0	6
190	0	0	0	0	0	0	0	0	0	0	0	0	0	0	0	1	0	0	0	0	0	0	1
191	0	0	0	0	0	1	0	2	0	0	0	0	0	0	0	0	0	0	0	0	0	0	3
192	0	0	0	0	0	0	0	1	0	0	0	0	0	0	0	0	0	0	0	0	0	0	1
194	0	0	0	0	0	0	0	0	0	0	0	0	0	1	0	0	0	0	0	0	0	0	1
195	0	0	0	0	0	0	0	0	0	0	1	0	0	0	0	0	0	0	0	0	0	0	1
197	0	0	0	0	0	0	0	0	0	0	0	1	0	0	0	0	0	0	0	0	0	0	1
