 	A	C	D	E	F	G	H	I	K	L	M	N	P	Q	R	S	T	V	W	Y	Nterm	Cterm	Sum
-118	0	0	0	0	0	0	0	0	0	0	0	0	0	0	0	0	0	0	2	0	0	0	2
-112	0	0	0	0	0	0	0	0	0	0	0	0	0	0	0	0	0	0	1	0	0	0	1
-111	0	0	0	0	0	0	0	0	0	0	0	0	0	0	0	0	0	0	1	0	0	0	1
-106	0	0	0	0	0	0	0	0	0	0	0	0	0	0	0	0	0	0	1	1	0	0	2
-102	0	0	0	0	0	0	0	0	0	0	0	0	0	0	0	0	0	0	0	5	0	0	5
-99	0	0	0	0	0	0	0	0	0	0	0	0	0	0	4	0	0	0	0	0	0	2	4
-98	0	0	0	0	0	0	0	0	0	0	0	0	0	0	1	0	0	0	0	0	0	1	1
-94	0	0	0	0	0	0	0	0	0	0	0	0	0	0	1	0	0	0	0	0	0	0	1
-92	0	1	0	0	0	0	0	0	0	0	0	0	0	0	0	0	0	0	0	0	0	0	1
-91	0	0	0	0	0	0	0	0	0	0	0	0	0	0	0	0	0	0	0	1	0	0	1
-90	0	0	0	0	0	0	0	0	0	0	0	0	0	0	0	0	0	0	0	1	0	0	1
-89	0	1	0	0	0	0	0	0	0	0	0	0	0	0	0	0	0	0	0	0	0	0	1
-87	0	0	0	0	1	0	0	0	0	0	0	0	0	0	0	0	0	0	0	0	0	0	1
-84	0	0	0	0	0	0	0	0	0	0	0	0	0	0	1	0	0	0	0	0	0	0	1
-75	0	0	0	0	1	0	0	0	0	0	0	0	0	0	0	0	0	0	0	0	0	0	1
-74	0	0	0	0	0	0	2	0	0	0	0	0	0	0	0	0	0	0	0	0	0	0	2
-71	0	0	0	1	0	0	0	0	0	0	0	0	0	0	0	0	0	0	0	0	0	0	1
-70	0	0	0	0	0	0	0	0	0	0	0	0	0	0	1	0	0	0	0	0	0	0	1
-69	0	0	0	2	0	0	0	0	0	0	0	0	0	0	1	0	0	0	0	0	1	0	3
-68	0	0	0	2	0	0	0	0	1	0	0	0	0	0	0	0	0	0	0	0	0	0	3
-66	0	0	0	0	0	0	0	0	1	0	0	0	0	0	0	0	0	0	0	0	0	1	1
-64	0	0	0	0	0	0	0	0	0	0	0	0	0	0	1	0	0	0	0	0	0	0	1
-63	0	0	0	0	0	0	0	0	0	0	0	0	0	0	1	0	0	0	0	0	0	0	1
-61	0	4	0	0	0	0	4	0	0	0	0	0	0	0	0	0	0	0	0	0	4	0	8
-60	0	2	0	0	0	0	0	0	0	0	0	0	0	0	0	0	0	0	0	0	0	0	2
-59	0	0	0	0	1	0	0	0	0	0	0	0	0	0	0	0	0	0	0	0	0	0	1
-57	0	279	16	5	8	0	12	0	5	0	2	5	0	1	0	0	0	0	0	3	3	4	336
-56	0	29	2	0	1	0	2	5	0	13	1	2	0	1	0	0	0	0	0	3	1	0	59
-55	0	3	0	0	0	0	0	1	0	2	0	0	0	0	1	0	0	0	0	0	0	0	7
-53	0	0	0	0	0	0	0	0	0	0	0	0	0	1	0	0	0	0	0	1	0	0	2
-52	0	0	1	1	0	0	0	0	0	0	0	0	0	2	0	0	0	0	0	0	0	0	4
-50	0	0	0	0	6	0	0	0	0	0	0	0	0	0	0	0	0	0	0	0	3	0	6
-48	0	0	0	0	0	0	0	0	0	0	1	0	0	0	0	0	0	0	0	0	1	0	1
-47	0	0	0	0	0	0	0	0	1	0	0	0	0	0	0	0	0	0	0	0	0	0	1
-46	0	0	0	0	0	0	0	0	0	1	0	0	0	0	0	0	0	0	0	0	0	0	1
-45	0	6	2	0	0	0	0	1	0	1	0	1	0	0	0	0	0	0	0	0	6	0	11
-44	0	1	0	0	0	0	0	1	0	0	0	0	0	0	0	0	0	0	0	0	1	0	2
-43	0	4	1	1	0	0	0	0	0	2	0	1	0	0	0	0	0	0	0	0	2	0	9
-42	0	0	0	0	0	0	0	0	2	3	0	0	0	0	0	0	0	0	0	0	0	0	5
-41	0	0	0	0	0	0	0	0	0	0	0	0	0	0	0	0	0	1	0	0	1	0	1
-40	0	0	1	0	0	0	0	0	0	0	0	0	0	0	0	0	0	0	0	0	0	0	1
-39	0	0	0	0	0	0	0	0	0	1	0	0	0	0	0	0	0	0	0	0	0	0	1
-37	0	0	0	0	0	0	0	1	0	0	0	0	0	0	0	0	0	0	0	0	0	0	1
-36	0	0	0	0	0	0	0	0	0	1	0	1	0	0	0	0	2	0	0	0	2	0	4
-35	0	2	0	0	0	0	0	0	0	0	0	0	0	1	0	0	1	0	0	0	1	0	4
-34	0	0	0	0	1	0	1	0	0	1	0	2	0	0	0	0	1	0	0	0	3	0	6
-33	0	0	0	0	0	0	0	0	0	1	0	0	0	0	0	0	0	0	0	0	0	0	1
-32	0	0	0	0	0	0	0	0	0	0	0	0	1	0	0	0	0	0	0	2	0	0	3
-31	0	0	0	0	0	0	0	1	0	0	0	0	0	0	0	0	0	0	0	0	0	0	1
-30	0	0	0	0	0	0	0	0	0	0	0	0	0	0	0	0	0	0	1	0	0	0	1
-29	0	0	0	3	1	0	0	0	0	1	0	0	0	0	0	0	0	0	0	0	0	0	5
-28	0	0	0	0	0	0	0	0	0	0	0	0	0	0	0	0	0	1	1	0	1	0	2
-27	0	0	1	0	0	0	0	0	0	0	0	0	1	0	1	0	0	0	0	0	1	0	3
-26	0	0	0	0	0	0	0	0	1	0	0	0	0	1	0	0	0	0	0	0	0	0	2
-25	0	0	0	5	0	0	0	0	0	0	0	0	0	1	0	0	0	0	0	0	0	0	6
-24	0	0	0	0	0	0	0	1	0	0	0	0	0	0	0	0	1	0	2	0	2	0	4
-23	0	0	0	0	0	0	0	0	0	0	0	0	0	1	0	0	0	0	0	0	0	0	1
-22	0	0	0	1	0	0	0	0	0	0	0	1	0	0	0	0	3	0	0	0	0	0	5
-21	0	0	0	0	0	0	0	0	0	1	0	0	0	0	0	0	1	0	0	0	0	0	2
-20	0	0	0	0	1	0	0	0	0	0	0	1	0	0	0	0	2	0	0	0	0	0	4
-19	0	0	0	0	0	0	0	0	0	0	0	0	0	1	0	0	0	3	0	0	0	0	4
-18	0	1	39	37	12	0	4	12	1	28	2	3	3	40	0	25	49	9	0	2	64	1	267
-17	0	37	13	9	4	0	9	22	15	15	3	47	13	148	2	6	19	11	5	5	182	0	383
-16	0	4	4	7	0	0	3	2	3	3	1	2	0	25	2	1	2	3	1	0	22	0	63
-15	0	2	1	0	3	0	0	1	0	0	0	4	1	7	0	0	1	0	0	0	7	0	20
-14	0	0	0	1	0	0	0	0	2	2	0	0	0	0	0	0	0	0	0	1	2	0	6
-13	0	0	0	0	1	0	0	0	0	0	0	0	1	0	0	0	0	0	0	0	0	0	2
-12	0	0	0	1	1	0	0	0	0	0	1	0	0	0	0	0	0	0	0	0	1	0	3
-11	0	0	0	0	0	0	0	1	0	2	0	0	0	0	0	0	0	0	0	0	0	0	3
-9	2	4	0	0	0	0	0	1	0	0	0	0	0	0	0	0	0	1	0	0	0	0	8
-8	0	0	1	0	0	0	0	0	0	0	0	0	0	0	0	0	0	0	0	0	0	0	1
-7	0	0	0	0	0	0	0	2	0	0	0	0	0	0	0	1	0	0	0	0	0	0	3
-6	0	0	0	0	0	0	0	1	0	0	0	1	0	0	0	0	0	0	0	1	0	0	3
-5	1	0	0	0	0	0	1	0	0	0	0	0	0	0	0	0	1	0	0	0	1	0	3
-4	0	0	0	0	0	0	0	1	0	0	0	0	0	0	0	1	0	1	0	0	0	0	3
-3	0	1	0	0	1	0	0	1	0	0	2	0	0	1	1	0	1	0	0	0	1	0	8
-2	2	0	5	8	6	0	1	8	0	4	5	0	0	2	0	3	2	7	0	2	35	0	55
-1	17	5	2	12	8	0	4	19	6	20	15	12	2	13	5	17	15	16	1	5	122	7	194
1	392	37	203	258	119	304	137	305	183	369	112	319	241	231	57	189	227	357	41	124	906	106	4205
2	29	10	24	41	11	37	18	33	15	39	24	32	27	34	5	31	31	49	6	15	104	6	511
3	4	1	4	2	1	3	1	7	2	9	4	3	1	1	0	0	4	2	0	0	12	0	49
4	0	0	0	0	0	0	0	0	0	0	0	0	1	0	0	1	0	0	9	0	1	0	11
5	3	4	2	1	0	0	0	0	0	1	0	0	2	5	0	1	1	0	3	0	11	0	23
6	1	0	2	0	0	0	0	0	0	0	0	0	0	0	0	0	0	0	0	0	1	0	3
8	0	0	0	0	0	0	0	0	0	0	0	0	2	0	0	0	0	0	0	0	0	0	2
12	1	0	0	0	1	0	3	0	0	1	0	0	2	0	0	1	0	0	36	0	41	0	45
13	0	0	0	0	0	0	0	0	0	0	0	0	0	0	0	0	0	0	2	0	2	0	2
14	2	0	0	2	0	0	0	0	4	0	0	0	1	0	0	0	0	0	0	0	3	0	9
15	1	0	0	0	0	1	0	0	5	1	5	0	0	0	0	0	0	0	0	0	5	0	13
16	21	2	21	35	1	42	20	12	4	49	700	15	46	14	11	39	25	24	57	8	261	7	1146
17	9	1	4	13	0	11	6	1	0	4	71	7	5	10	1	3	1	4	13	2	46	1	166
18	0	0	1	1	0	1	0	1	0	5	6	2	0	0	0	0	2	1	0	0	8	0	20
19	0	0	0	0	0	2	0	0	1	2	0	1	0	0	0	0	0	0	0	0	2	0	6
20	0	0	0	0	0	0	0	0	0	0	0	0	0	0	2	0	0	0	0	0	2	0	2
21	0	1	1	0	0	0	0	0	0	0	0	0	0	0	0	0	0	0	0	0	1	0	2
22	66	12	77	54	12	73	4	48	2	40	20	44	55	48	0	34	55	64	1	12	22	1	721
23	17	1	12	9	5	16	2	5	3	12	3	9	17	7	0	11	12	8	0	0	0	0	149
24	2	0	2	9	1	2	0	3	2	5	3	2	7	2	0	0	2	1	0	0	1	0	43
25	0	0	0	1	0	0	0	0	0	0	0	1	0	0	0	0	0	0	0	0	0	0	2
26	2	0	0	0	1	0	0	0	0	0	0	0	0	1	0	0	0	1	0	0	1	0	5
27	1	0	0	0	0	0	0	0	0	0	0	0	0	0	0	0	0	0	0	0	0	0	1
28	0	0	1	2	0	0	0	0	1	1	1	0	2	0	1	0	0	0	0	0	3	0	9
29	0	0	0	0	0	0	0	0	0	0	0	0	0	0	4	0	0	0	0	0	0	4	4
30	0	0	0	0	0	0	0	0	0	0	0	0	0	0	3	0	0	0	0	0	3	0	3
31	0	0	0	0	0	1	0	0	0	0	0	0	0	0	0	0	0	0	0	0	0	0	1
32	0	0	0	0	0	0	0	0	0	0	2	0	0	0	0	0	0	1	11	0	0	0	14
33	0	0	0	0	0	0	0	0	0	1	0	0	0	0	0	0	0	0	0	0	1	0	1
34	0	0	1	0	0	0	2	0	0	0	0	0	0	0	0	0	0	0	0	0	0	0	3
35	0	0	0	0	0	0	2	0	0	1	0	0	0	0	0	0	0	0	0	0	0	0	3
38	28	1	24	12	1	17	0	23	1	28	5	7	23	5	0	10	18	15	0	4	1	1	222
39	12	0	1	2	0	5	0	3	0	3	2	3	7	1	0	3	4	4	1	1	0	0	52
40	1	2	0	0	1	0	0	0	0	0	0	0	0	1	0	0	0	0	0	0	3	0	5
42	9	0	1	0	2	0	0	2	0	2	4	0	0	4	0	30	0	0	0	0	43	0	54
43	2	0	0	0	1	0	0	0	0	0	2	0	0	0	0	1	0	0	0	0	5	0	6
45	1	0	0	0	0	0	0	0	0	0	0	0	0	0	0	0	0	0	0	0	0	0	1
47	0	0	0	0	0	0	0	0	0	1	0	0	0	0	0	0	0	0	0	0	0	0	1
48	0	0	0	0	0	0	0	0	0	0	0	0	0	0	0	0	0	1	0	0	1	0	1
51	0	0	0	0	0	0	0	0	1	0	0	0	2	0	0	0	0	0	0	0	0	1	3
52	0	0	0	0	0	0	0	0	0	0	0	0	0	0	1	0	0	0	0	0	0	1	1
53	0	0	1	1	0	1	0	0	0	0	0	0	0	0	0	0	0	0	0	2	0	0	5
54	1	0	0	0	1	0	0	0	0	0	3	2	0	0	0	0	0	0	0	0	3	0	7
55	0	0	0	0	1	0	0	0	0	0	0	0	0	0	0	0	0	0	0	0	1	0	1
58	0	0	1	0	1	0	0	0	0	1	0	0	0	0	1	0	0	1	0	0	0	0	5
59	0	0	0	0	0	0	0	0	0	0	0	4	0	0	0	0	0	0	0	0	0	0	4
61	0	0	0	0	0	0	0	0	0	0	0	0	0	0	1	0	0	0	0	0	0	0	1
62	0	0	1	0	0	1	0	0	0	0	0	0	1	0	1	0	0	0	0	0	0	0	4
63	0	1	0	0	0	0	0	0	0	0	0	0	0	0	0	0	0	0	0	0	0	0	1
64	0	0	0	0	0	0	0	0	0	0	0	0	0	0	0	2	0	0	0	0	2	0	2
66	0	0	0	0	0	0	0	0	0	0	0	0	1	0	0	0	0	0	0	0	0	0	1
67	0	0	0	0	0	0	0	2	0	0	0	0	0	0	0	1	0	0	0	0	0	2	3
68	0	0	0	0	0	0	0	0	0	0	0	0	0	0	0	0	0	1	0	0	0	0	1
70	0	0	0	1	0	0	0	0	0	1	0	0	0	0	0	0	0	0	0	0	0	0	2
71	1	0	0	0	0	1	0	0	0	0	0	0	0	0	0	0	0	0	0	0	0	0	2
72	0	0	0	0	1	0	0	0	0	0	0	0	0	0	0	0	0	0	0	0	0	0	1
74	0	0	0	0	0	1	0	0	0	0	0	0	0	0	0	2	0	0	0	0	2	0	3
75	0	0	0	0	0	0	0	0	0	0	0	0	0	0	0	0	1	0	0	2	0	0	3
77	0	0	0	0	0	0	0	0	0	0	0	0	0	0	0	0	2	0	0	0	0	0	2
79	0	0	0	0	1	0	0	0	0	0	0	0	0	0	0	0	0	0	0	0	1	0	1
80	0	0	0	0	0	0	0	0	0	0	0	0	1	0	0	1	1	0	0	0	0	0	3
81	0	0	0	1	0	0	1	0	0	0	0	0	2	0	0	0	0	0	0	0	0	0	4
83	0	0	0	0	0	0	0	0	0	0	0	0	0	0	0	0	0	1	0	0	0	0	1
84	0	0	0	0	0	0	0	0	0	1	0	0	0	0	0	0	0	0	0	0	0	0	1
85	0	0	0	0	0	0	0	0	1	1	0	1	0	0	0	0	0	0	0	0	1	0	3
86	0	0	0	0	0	0	0	1	0	0	0	0	0	0	0	0	0	0	0	0	0	0	1
87	0	0	1	0	0	0	0	0	0	0	0	0	0	0	0	0	0	0	0	0	0	0	1
91	0	0	0	0	0	0	0	1	0	0	0	0	0	0	0	0	0	0	0	0	0	0	1
93	0	0	0	0	0	0	0	0	0	0	0	0	0	1	0	0	0	0	0	0	0	0	1
95	0	0	0	0	0	0	0	0	0	0	0	0	0	0	0	0	0	1	0	0	0	0	1
97	0	0	0	0	0	1	0	0	1	0	0	0	0	0	1	0	0	0	0	0	0	1	3
98	1	0	0	0	0	0	0	0	0	0	0	0	0	0	0	0	0	0	0	0	0	0	1
100	0	0	0	0	0	0	0	0	1	0	0	0	1	0	0	0	0	0	0	0	1	0	2
102	0	0	0	0	0	0	0	1	0	0	0	0	0	0	0	0	0	0	0	0	0	0	1
104	1	0	0	0	0	0	0	0	0	0	0	0	0	0	0	0	0	0	0	0	0	0	1
105	0	0	0	0	0	0	0	0	0	0	0	1	0	1	0	1	0	0	0	0	1	0	3
106	0	0	0	0	0	0	0	0	0	0	0	1	0	0	0	0	0	0	0	0	0	0	1
110	0	0	1	0	0	1	0	0	0	0	0	0	0	0	0	0	0	0	0	0	0	0	2
116	0	0	0	0	0	0	0	0	0	0	0	0	0	0	0	0	2	0	0	0	0	0	2
117	0	0	1	0	0	0	0	0	0	0	0	0	0	0	0	0	0	0	0	0	0	0	1
123	2	0	0	0	0	0	0	0	0	0	0	0	0	0	0	0	0	0	0	0	2	0	2
125	0	0	0	0	0	1	0	0	0	0	0	0	0	0	0	0	0	0	0	0	0	0	1
128	3	0	2	0	2	0	0	3	3	0	0	3	3	1	1	0	0	2	0	0	7	4	23
129	0	0	0	10	0	0	0	0	0	0	0	1	0	0	0	11	0	0	0	0	0	10	22
130	0	0	0	3	0	0	0	0	0	0	0	0	0	0	0	0	0	0	0	0	0	3	3
132	0	0	0	1	0	0	0	0	0	0	0	0	0	0	0	0	0	0	0	0	0	0	1
135	0	0	0	0	0	0	1	0	0	0	0	0	0	0	0	0	0	0	0	0	0	0	1
142	0	0	0	0	0	0	0	0	0	0	0	0	0	0	0	0	0	0	0	1	0	0	1
144	0	0	0	0	0	0	0	0	0	0	0	1	0	0	0	2	0	0	0	0	0	0	3
145	0	0	0	0	0	0	0	0	0	0	0	0	0	0	0	1	0	0	0	0	1	0	1
146	2	0	0	0	0	0	0	0	0	0	0	0	0	0	0	0	0	0	0	0	2	0	2
148	0	0	0	0	0	0	0	1	0	0	0	0	0	0	0	0	0	0	0	0	0	0	1
151	0	0	0	2	0	0	0	0	0	0	0	0	0	0	0	6	0	0	0	0	0	0	8
152	10	66	0	3	2	0	1	1	1	0	1	0	0	0	0	7	0	1	0	1	18	1	94
153	3	15	1	0	1	1	0	0	0	0	0	0	1	0	0	1	1	2	0	2	6	0	28
154	1	1	0	1	0	0	0	0	0	2	0	0	0	0	0	0	0	0	0	0	3	0	5
156	11	0	2	1	0	7	0	2	3	4	2	0	1	2	1	4	2	5	0	0	11	4	47
157	4	0	0	1	0	1	0	0	0	0	0	0	0	1	0	0	0	0	0	0	1	0	7
167	2	0	0	1	0	0	0	0	0	0	0	0	0	0	0	3	0	0	0	0	0	1	6
168	0	0	0	0	0	0	0	0	0	0	0	0	0	0	0	1	0	0	0	0	0	0	1
172	0	0	0	0	0	0	0	0	0	0	1	0	0	0	0	0	0	0	0	0	1	0	1
178	0	0	0	1	0	0	0	0	0	0	0	0	0	0	0	0	0	0	0	0	1	0	1
179	0	0	0	0	0	1	0	0	0	0	0	0	0	0	0	0	0	0	0	0	0	0	1
181	0	0	0	0	0	0	0	2	0	0	0	0	0	0	0	0	0	0	0	0	2	0	2
184	0	0	0	0	0	0	0	0	3	0	0	1	0	0	0	0	0	1	0	0	0	0	5
185	0	0	0	1	0	1	0	0	0	0	0	0	0	0	0	0	0	0	0	0	1	0	2
188	1	0	2	0	0	2	0	0	2	0	0	0	0	0	0	0	0	0	0	0	0	0	7
189	0	0	2	0	0	0	0	0	0	0	0	0	0	0	0	1	0	0	0	0	0	0	3
190	1	0	0	0	0	0	0	0	0	0	0	0	0	0	0	1	0	0	0	0	0	0	2
191	0	0	1	0	0	1	0	0	0	0	0	0	0	0	0	0	0	0	0	0	0	0	2
194	0	0	0	0	0	0	0	0	1	0	0	0	0	0	0	0	0	0	0	0	0	1	1
195	0	0	0	0	1	0	0	0	0	0	1	0	0	0	0	0	0	0	0	0	0	0	2
196	0	0	0	0	0	0	0	0	0	0	0	0	0	0	1	0	0	0	0	0	0	0	1
199	0	0	0	0	0	0	0	0	0	0	0	1	0	1	0	0	0	0	0	0	1	0	2
